6

9 9
3
4 3
4 4
4 5
3 1

181 123
96
0 0
1 1
2 2
3 3
4 4
5 5
6 6
7 7
8 8
9 9
10 10
0 1
1 2
2 3
3 4
4 5
5 6
6 7
7 8
8 9
9 10
10 11
0 2
1 3
2 4
3 5
4 6
5 7
6 8
7 9
8 0
9 11
10 12
0 3
1 4
2 5
3 6
4 7
5 8
6 9
7 10
8 11
9 12
10 13
0 4
1 5
2 6
3 7
4 8
5 9
6 10
7 11
8 12
9 13
10 14
0 5
1 6
2 7
3 8
4 9
5 10
6 11
7 12
8 13
9 14
10 15
0 6
1 7
2 8
3 9
4 10
5 11
6 12
7 13
8 14
9 15
10 16
0 7
1 8
2 9
3 10
4 11
5 12
6 13
7 14
8 15
9 16
10 17
0 8
1 9
2 10
3 11
4 12
5 13
6 14
7 15
200 10

30 30
30
11 22
15 17
3 15
7 17
12 16
1 19
6 29
5 14
9 11
4 19
7 28
6 17
5 27
21 28
2 16
8 18
19 27
15 29
5 14
4 10
26 27
7 12
2 13
0 11
4 10
16 21
15 20
16 18
12 18
24 29
30 1

65 65
128
0 1
0 12
0 20
0 47
0 52
0 55
0 57
0 62
1 58
1 63
2 5
2 14
2 15
2 24
3 5
3 39
4 10
4 39
4 51
4 57
5 28
5 38
5 39
5 42
5 57
5 57
5 63
6 9
6 23
7 18
7 24
7 46
8 19
8 27
8 30
8 30
8 33
8 53
9 12
9 35
10 29
10 35
10 50
10 52
10 61
11 46
11 56
12 18
12 23
12 38
12 41
13 26
14 30
15 35
15 62
16 51
17 26
18 56
19 20
19 25
19 55
19 64
21 43
21 46
22 33
22 35
22 41
22 53
22 53
22 55
22 57
24 55
25 27
26 44
26 47
26 54
26 55
27 30
27 43
27 59
27 62
29 38
29 48
30 49
30 56
31 47
32 62
33 58
33 62
34 37
34 40
34 43
34 43
34 47
34 49
34 55
35 49
35 57
37 58
37 60
37 60
37 63
38 49
39 55
40 57
42 43
42 50
42 60
42 61
43 63
44 49
45 52
45 52
45 53
46 54
47 50
48 51
48 53
49 60
50 57
50 61
51 63
52 62
53 60
54 57
54 60
55 57
55 58
2000 1000

49 49
200
36 47
29 37
32 38
2 42
10 48
21 35
4 21
6 47
21 25
15 37
7 37
2 48
38 43
2 7
28 46
6 17
0 10
26 36
39 48
30 37
8 17
14 19
0 37
24 39
3 11
30 33
15 35
11 20
4 42
27 30
20 40
21 23
17 31
19 40
8 24
20 23
32 38
14 34
36 38
4 5
19 26
39 47
5 38
5 35
9 38
0 23
9 14
27 45
12 45
7 9
25 34
3 46
21 47
10 48
6 19
32 44
3 20
41 44
19 29
31 42
10 23
1 30
18 19
6 31
14 43
32 42
7 32
38 46
0 46
8 45
26 40
1 34
1 19
28 41
18 27
40 47
2 38
4 24
23 38
10 47
19 35
17 20
20 47
19 43
4 22
3 42
0 42
6 31
12 23
2 29
31 48
2 16
7 36
35 36
19 25
0 9
24 37
22 36
14 18
23 37
2 30
33 43
27 31
1 30
37 38
39 48
17 40
35 45
17 33
8 41
2 19
2 46
8 21
6 13
18 43
4 20
1 47
38 44
5 6
0 9
1 47
15 22
7 28
18 22
1 19
25 34
2 16
23 44
9 14
5 17
14 24
4 42
9 16
19 38
38 48
12 34
13 16
20 41
12 42
11 37
16 30
24 25
0 15
2 41
31 47
8 23
21 40
9 26
6 21
14 43
0 13
9 34
10 29
18 24
17 20
6 42
34 46
1 26
6 35
28 42
17 46
29 48
1 6
22 24
5 42
6 21
1 40
16 33
27 46
11 30
41 47
3 45
27 28
12 35
33 40
14 44
8 19
9 27
29 45
25 42
20 41
1 34
3 8
17 29
10 14
38 46
16 26
28 37
4 35
24 45
13 20
32 46
29 36
8 10
5 25
4 6
14 39
1 16
12 35
2 15
100 25

16 16
128
4 10
3 9
13 14
2 11
4 10
0 2
1 6
3 5
0 13
8 15
4 7
9 10
2 6
1 13
2 10
9 13
10 12
7 13
0 6
2 13
0 9
4 11
2 8
5 11
8 12
5 7
6 12
9 10
12 13
12 14
2 12
2 3
1 12
2 3
5 13
8 14
3 4
2 8
8 10
4 12
6 14
0 3
11 13
4 12
6 11
0 15
0 9
1 11
3 14
1 9
1 13
13 15
3 13
3 8
7 9
9 14
4 14
8 13
13 14
10 12
2 5
6 12
2 5
1 3
2 6
1 5
1 4
1 6
4 15
1 4
0 9
3 5
13 15
0 10
2 12
3 14
9 10
3 14
7 15
9 13
4 10
9 15
0 4
8 12
10 14
12 14
11 15
7 12
5 15
3 12
6 12
7 15
0 15
10 15
6 14
10 15
4 5
9 10
0 9
4 12
13 15
5 10
7 10
1 14
1 7
10 15
4 15
0 14
4 8
6 10
3 12
1 14
5 11
8 10
2 9
5 9
7 12
0 10
2 6
6 10
6 10
0 15
4 12
3 8
9 14
3 12
7 9
14 15
50 10
