11

9 9
3
4 3
4 4
4 5
3 1

10 10
4
4 4
4 5
5 4
5 5
3 1

30 7
171
22 1
12 2
11 2
11 0
24 2
29 3
10 1
27 6
5 5
6 1
13 5
3 5
20 6
10 2
22 4
1 2
11 0
22 5
3 6
21 1
16 5
20 2
12 0
28 3
13 2
12 6
17 3
29 4
18 2
10 0
7 6
2 1
13 6
0 6
19 2
6 1
17 3
29 5
7 6
7 5
17 3
19 1
28 3
21 0
6 4
11 0
3 5
17 3
7 0
13 4
5 6
9 6
29 5
16 6
3 6
25 0
17 2
21 5
17 0
16 2
11 6
26 2
2 2
16 6
5 1
19 0
22 3
22 3
17 4
5 5
7 2
12 1
20 3
11 1
29 6
15 4
0 1
19 0
5 2
16 1
27 4
27 0
26 4
19 3
29 5
26 1
0 4
6 5
0 4
2 6
26 3
16 2
22 3
5 0
9 0
0 5
18 0
24 5
3 0
3 0
0 4
29 0
27 2
29 5
22 3
6 3
3 1
17 2
14 5
7 6
7 0
19 6
13 4
20 4
4 6
9 3
11 0
18 5
15 3
23 5
4 5
5 0
26 5
13 1
11 6
27 2
24 5
25 5
29 2
28 5
3 4
29 2
19 6
11 0
4 3
16 4
22 3
7 1
15 6
8 1
29 6
27 1
24 4
15 6
13 2
13 2
9 3
27 2
10 0
29 1
21 0
23 4
0 3
2 3
6 4
5 2
19 2
11 2
10 0
10 0
17 1
10 1
11 2
9 6
12 6
16 0
29 0
1 2
8 1
15 6
16 0
13 13

10 26
159
5 2
0 5
0 14
1 4
7 4
6 6
2 23
9 13
7 24
1 13
9 12
5 5
5 21
1 20
1 17
4 7
5 23
3 24
9 12
6 21
6 24
2 8
5 1
8 19
9 14
5 24
7 7
7 0
4 17
8 24
8 9
3 24
5 5
6 20
5 13
2 1
5 1
3 10
9 14
9 17
1 0
0 22
0 23
2 12
8 18
0 21
4 3
1 14
0 24
4 2
8 18
7 25
0 13
3 11
2 25
0 8
2 5
8 3
0 18
5 3
2 16
9 23
0 1
6 23
8 3
8 16
1 1
7 2
6 10
6 3
2 17
4 21
0 6
2 20
3 18
5 8
5 12
2 4
0 9
0 13
4 2
0 7
4 11
8 14
8 22
3 18
8 23
7 12
9 23
9 8
2 10
0 17
8 11
1 7
4 25
6 17
2 18
4 2
6 0
4 2
5 4
2 18
4 3
7 7
7 7
5 25
8 11
2 19
0 1
4 15
3 16
5 14
1 15
3 24
7 21
6 19
7 6
8 6
0 3
2 23
9 0
5 3
0 13
7 2
8 2
6 15
8 8
6 10
0 14
1 8
4 24
6 2
7 4
6 6
7 3
0 0
7 15
6 11
1 9
8 21
8 0
8 17
4 1
8 20
3 4
4 17
4 11
4 13
5 3
9 16
2 19
7 10
4 24
5 17
7 20
3 24
7 9
5 16
8 1
16 1

17 28
191
4 9
1 22
5 13
6 17
1 15
3 9
14 27
15 9
11 8
2 16
15 23
9 17
10 4
10 9
12 20
1 10
5 23
14 13
11 16
7 20
7 7
0 13
5 7
16 10
16 0
10 10
14 17
6 17
6 11
16 16
7 1
11 23
2 25
0 18
13 20
7 20
10 26
4 9
4 8
4 2
3 5
4 17
2 0
16 11
0 14
12 8
13 2
3 18
7 27
8 3
8 8
6 23
3 23
6 4
8 14
0 17
13 4
7 1
3 13
6 14
10 11
6 22
2 25
5 19
8 13
12 6
12 21
5 14
0 16
1 9
13 26
4 6
4 18
11 10
3 3
14 12
3 16
9 21
10 22
7 13
8 14
5 19
0 2
1 23
16 22
15 16
4 0
5 9
14 9
3 27
1 14
16 4
5 11
2 20
15 24
8 24
7 4
11 2
15 8
10 25
2 9
7 24
12 12
10 18
5 12
5 11
16 3
10 20
3 20
1 22
6 7
6 0
2 22
0 4
4 16
12 7
1 21
2 3
7 12
16 20
8 23
7 20
14 24
15 15
7 19
4 17
1 4
12 26
5 19
2 9
3 4
2 11
10 21
8 17
3 20
9 25
3 10
3 27
8 11
1 7
4 2
9 9
12 1
13 8
9 2
10 24
6 4
5 19
12 23
8 20
5 27
5 23
14 15
16 2
0 13
5 11
6 18
15 18
10 18
14 9
5 5
9 20
0 22
9 10
3 24
14 21
0 19
16 9
3 13
2 12
0 11
16 17
16 1
9 6
1 1
6 25
15 20
2 7
14 5
11 25
16 13
3 27
8 27
3 5
11 19
9 17
12 1
2 2
7 2
6 13
3 26
16 8

17 6
4
16 0
7 4
1 2
11 3
17 1

7 2
3
6 0
2 0
1 0
12 6

18 1
14
0 0
6 0
17 0
1 0
9 0
15 0
6 0
3 0
12 0
13 0
2 0
4 0
9 0
9 0
16 4

8 27
33
3 13
1 24
0 10
7 9
4 3
4 9
0 21
0 24
5 18
0 6
0 6
7 1
6 16
4 7
3 26
7 22
7 2
1 19
7 8
2 4
4 25
1 24
7 11
7 18
3 11
4 7
3 21
4 5
7 2
3 26
6 22
1 19
0 8
6 1

6 12
22
5 6
0 5
0 6
4 0
0 10
5 8
4 1
4 6
3 10
4 9
5 1
5 8
4 4
0 7
2 0
1 7
1 11
3 7
2 5
2 0
1 4
0 2
17 17

25 10
146
11 1
7 9
5 0
8 8
23 4
18 9
14 1
12 8
14 9
24 3
8 6
24 4
0 6
13 4
23 0
3 8
23 3
15 0
18 5
8 5
2 4
0 8
16 4
23 7
3 5
5 4
10 8
10 1
23 8
8 9
11 0
19 0
4 0
2 5
0 7
12 2
23 3
4 1
9 7
6 0
18 6
21 0
17 6
10 4
13 3
0 6
4 2
4 5
24 7
21 6
12 8
2 2
4 0
10 9
20 8
23 6
16 9
16 6
4 7
10 5
22 5
7 6
2 4
3 0
22 2
24 0
18 4
9 1
14 5
8 0
7 8
11 4
23 9
22 4
1 7
15 9
14 3
10 2
20 8
0 3
2 8
4 4
15 2
22 3
18 7
16 7
24 5
7 0
19 1
12 5
18 1
20 3
5 5
18 4
0 9
0 8
8 2
8 3
5 3
1 9
8 1
13 2
12 8
2 8
8 3
3 8
1 5
20 5
5 0
8 6
13 5
12 6
10 3
14 5
4 6
10 6
7 7
11 6
6 4
24 1
17 1
23 9
21 4
14 4
23 2
3 7
19 0
23 8
21 4
3 2
24 5
13 4
15 8
3 9
3 8
15 0
7 9
2 0
8 8
16 8
9 6
0 9
22 9
4 5
22 5
14 9
1 1
