9

4 4
4
1 1
1 2
2 1
2 2
1 1

5 5
3
2 1
2 2
2 3
2 1

5 5
4
1 2
2 1
2 3
3 2
1 1

5 6
6
1 2
1 3
2 1
2 4
3 2
3 3
1 1

6 6
5
1 2
2 3
3 1
3 2
3 3
4 1

8 9
16
3 5
6 4
7 8
7 2
0 5
1 6
6 2
0 4
0 2
6 1
3 8
4 1
2 0
3 0
5 2
1 3
1 4

12 46
159
8 13
2 0
8 7
8 42
5 10
7 36
3 24
5 7
6 39
7 44
1 25
10 37
9 9
2 16
8 0
5 27
6 9
10 29
5 6
11 37
3 9
7 11
3 25
3 5
8 29
7 26
2 3
0 15
2 21
5 12
9 17
9 23
2 42
4 13
1 43
4 43
1 39
8 9
7 40
7 20
11 13
8 14
6 1
9 0
7 42
6 21
11 14
1 45
3 40
3 10
7 32
4 41
5 33
9 12
1 22
1 1
5 21
7 35
10 28
2 12
7 31
0 28
9 38
9 5
9 13
6 37
9 42
6 7
9 31
11 5
4 35
2 15
10 42
3 21
5 32
4 34
3 34
6 32
5 28
9 8
0 11
5 13
0 25
10 39
3 2
7 15
4 14
11 11
5 0
11 44
9 40
8 39
5 37
4 36
10 11
11 17
2 23
6 35
7 5
2 5
9 10
3 11
1 6
4 45
9 4
10 4
6 15
11 45
2 17
11 25
5 42
9 39
4 6
3 35
5 5
4 39
1 11
11 1
3 15
6 41
4 23
11 7
1 30
5 34
8 26
0 24
6 44
3 31
11 20
3 41
10 17
1 32
11 21
6 3
2 6
0 45
6 24
11 22
0 29
11 10
2 33
4 11
5 14
4 17
10 13
7 38
4 1
11 30
4 30
0 10
5 44
7 34
1 12
6 31
3 37
9 22
1 23
4 32
10 3
50 7

8 29
44
3 3
0 25
7 9
4 1
6 1
4 17
2 13
5 14
5 21
4 24
3 12
7 28
1 6
4 7
0 18
6 12
1 27
6 23
4 4
1 18
0 3
7 18
7 15
1 15
3 1
7 27
4 18
4 21
6 25
6 17
6 16
1 12
6 11
0 6
7 12
2 23
0 20
3 16
3 10
4 9
0 8
2 11
0 14
2 20
41 9

42 41
582
23 12
37 19
4 40
40 11
38 8
39 24
38 29
20 5
25 25
23 31
20 29
27 14
25 38
9 14
13 22
27 5
15 25
22 19
25 37
29 0
31 21
8 11
15 32
7 34
16 19
19 20
13 30
17 29
37 4
8 19
38 16
11 30
40 31
24 7
18 33
18 3
16 2
15 26
18 21
5 39
8 18
20 33
2 32
7 16
3 14
4 16
30 6
35 32
36 10
9 9
4 1
1 29
23 11
22 17
6 34
13 21
41 37
20 38
38 38
12 5
27 11
5 19
4 13
4 26
22 6
9 23
15 18
37 21
14 35
30 21
34 31
35 6
37 28
16 33
7 36
5 26
31 38
5 15
0 33
32 12
2 1
0 40
15 7
38 14
8 23
18 15
10 12
32 17
29 36
36 21
31 12
32 34
14 38
26 14
2 3
10 24
6 13
21 31
15 3
3 8
8 30
37 32
28 5
20 14
5 33
13 13
41 0
31 33
15 6
25 6
30 33
41 30
7 8
1 24
34 32
41 10
41 20
35 0
36 3
39 33
19 4
7 25
37 12
30 13
29 22
15 14
7 24
17 18
2 34
12 26
35 40
18 22
21 33
3 39
32 6
30 7
24 29
18 24
32 26
7 29
16 7
39 5
29 8
31 20
10 6
10 10
15 34
9 8
15 33
31 0
10 32
30 35
13 38
34 39
19 24
33 11
37 17
31 34
12 12
2 2
2 11
36 20
24 25
14 2
5 17
28 25
27 1
39 32
18 26
32 27
16 27
14 0
35 27
29 2
22 4
30 31
30 9
22 3
7 10
41 24
22 25
26 37
11 23
20 24
19 13
6 32
38 26
8 29
7 18
34 34
34 26
13 32
12 38
30 14
26 16
21 1
10 31
26 27
32 35
1 8
22 34
18 7
20 6
4 38
4 15
14 7
2 17
38 36
21 22
6 22
18 37
11 19
1 12
13 0
31 18
10 37
29 27
18 29
37 18
7 23
34 11
34 6
23 17
28 10
1 33
8 38
19 35
37 7
19 38
36 33
25 19
40 34
33 32
36 36
1 36
9 22
11 21
2 24
16 20
9 30
35 25
33 25
2 23
6 15
39 27
17 30
8 7
34 2
30 20
30 37
25 9
5 3
7 20
28 40
17 16
16 31
24 11
39 13
21 25
33 0
26 34
33 5
8 13
36 2
6 11
5 4
23 1
30 25
1 30
20 2
40 2
0 13
38 35
28 6
17 27
4 8
32 18
8 33
16 30
14 8
1 1
32 32
1 34
33 21
32 14
29 9
12 33
7 6
7 12
36 13
13 6
24 34
40 24
11 12
41 23
19 22
11 1
16 17
23 18
19 14
16 37
21 11
0 10
28 20
2 31
3 2
1 4
12 4
23 26
38 28
9 19
20 19
32 11
12 31
8 8
21 30
27 13
21 39
32 8
13 29
41 13
6 8
10 19
15 40
36 17
24 32
37 14
34 13
21 34
27 36
34 24
14 28
39 8
41 22
37 22
19 7
7 11
2 10
35 31
11 15
0 9
6 6
34 19
14 24
22 10
39 25
22 28
15 4
32 22
39 29
14 33
14 6
0 5
32 15
26 2
11 32
34 29
32 4
30 12
28 38
30 3
31 25
16 38
38 12
18 19
39 15
27 26
39 10
36 24
3 36
29 24
33 40
16 35
21 7
8 6
33 28
26 35
37 8
6 33
39 19
37 9
4 30
13 36
12 16
23 39
14 14
0 38
13 18
3 16
7 27
1 9
26 18
20 30
36 22
13 1
24 33
9 7
9 32
40 4
27 20
2 30
4 32
15 16
34 5
13 39
27 2
11 40
11 16
25 36
27 19
37 10
32 3
33 6
20 11
39 11
33 15
33 14
20 27
11 25
6 35
38 20
36 9
0 17
33 38
22 11
14 32
34 1
3 10
21 21
5 31
8 39
15 12
16 11
24 38
15 24
19 30
27 39
19 21
13 28
0 8
9 16
1 7
23 6
24 6
21 19
15 21
1 18
25 4
2 21
40 27
18 0
4 19
9 11
16 23
20 36
37 34
3 31
25 16
3 3
8 0
31 8
2 8
39 0
5 40
36 8
4 2
23 30
2 0
15 37
26 31
27 8
31 3
30 18
28 29
27 24
32 36
22 32
1 31
32 39
7 7
40 20
1 3
8 36
2 18
23 35
8 22
10 29
40 5
22 18
32 33
13 3
30 22
10 8
13 17
40 12
16 6
37 26
10 34
39 4
40 29
7 15
7 2
35 20
11 18
20 37
21 37
35 38
26 8
27 6
11 2
16 10
20 8
14 30
23 34
28 7
19 40
1 27
31 36
40 30
32 24
12 6
22 26
36 5
8 31
11 14
7 3
5 22
4 11
38 19
27 23
15 31
0 21
21 16
36 25
41 4
28 23
14 16
8 10
14 23
19 9
13 8
39 21
29 19
35 33
16 4
11 35
17 24
12 0
7 9
19 2
1 21
37 15
32 1
20 12
35 1
24 9
35 19
26 21
35 34
22 31
38 32
0 35
0 20
5 5
2 40
40 37
27 10
7 33
17 20
12 39
19 11
26 15
25 11
38 18
30 24
40 23
19 39
0 0
16 18
25 26
34 21
3 6
17 6
