30

10 10
2
0 0
0 1
3 1

4 4
4
1 1
1 2
2 1
2 2
1 1

5 5
3
2 1
2 2
2 3
2 1

5 5
4
1 2
2 1
2 3
3 2
1 1

5 6
6
1 2
1 3
2 1
2 4
3 2
3 3
1 1

6 6
5
1 2
2 3
3 1
3 2
3 3
4 1

10 10
20
0 1
0 8
1 1
1 8
2 1
2 8
3 1
3 8
4 1
4 8
5 1
5 8
6 1
6 8
7 1
7 8
8 1
8 8
9 1
9 8
10 1

31 31
31
0 15
1 15
2 15
3 15
4 15
5 15
6 15
7 15
8 15
9 15
10 15
11 15
12 15
13 15
14 15
15 15
16 15
17 15
18 15
19 15
20 15
21 15
22 15
23 15
24 15
25 15
26 15
27 15
28 15
29 15
30 15
20 1

31 31
31
0 15
1 15
2 15
3 16
4 15
5 15
6 15
7 14
8 15
9 15
10 15
11 16
12 15
13 15
14 15
15 14
16 15
17 15
18 15
19 16
20 15
21 15
22 15
23 14
24 15
25 15
26 15
27 16
28 15
29 15
30 15
20 5

6 6
36
0 0
0 1
0 2
0 3
0 4
0 5
1 0
1 1
1 2
1 3
1 4
1 5
2 0
2 1
2 2
2 3
2 4
2 5
3 0
3 1
3 2
3 3
3 4
3 5
4 0
4 1
4 2
4 3
4 4
4 5
5 0
5 1
5 2
5 3
5 4
5 5
10 1

1 1
1
0 0
10 1

0 0
0
10 1

128 128
36
1 25
2 23
2 25
3 13
3 14
3 21
3 22
3 35
3 36
4 12
4 16
4 21
4 22
4 35
4 36
5 1
5 2
5 11
5 17
5 21
5 22
6 1
6 2
6 11
6 15
6 17
6 18
6 23
6 25
7 11
7 17
7 25
8 12
8 16
9 13
9 14
2000 200

37 71
25
33 3
29 26
20 32
34 23
14 16
17 9
25 27
22 13
2 19
15 21
4 6
31 0
30 24
18 11
5 28
8 1
10 7
36 35
12 10
1 28
2 28
3 27
4 27
5 26
6 26
219 17

100 1
100
0 0
1 0
2 0
3 0
4 0
5 0
6 0
7 0
8 0
9 0
10 0
11 0
12 0
13 0
14 0
15 0
16 0
17 0
18 0
19 0
20 0
21 0
22 0
23 0
24 0
25 0
26 0
27 0
28 0
29 0
30 0
31 0
32 0
33 0
34 0
35 0
36 0
37 0
38 0
39 0
40 0
41 0
42 0
43 0
44 0
45 0
46 0
47 0
48 0
49 0
50 0
51 0
52 0
53 0
54 0
55 0
56 0
57 0
58 0
59 0
60 0
61 0
62 0
63 0
64 0
65 0
66 0
67 0
68 0
69 0
70 0
71 0
72 0
73 0
74 0
75 0
76 0
77 0
78 0
79 0
80 0
81 0
82 0
83 0
84 0
85 0
86 0
87 0
88 0
89 0
90 0
91 0
92 0
93 0
94 0
95 0
96 0
97 0
98 0
99 0
60 30

100 1
50
1 0
3 0
5 0
7 0
9 0
11 0
13 0
15 0
17 0
19 0
21 0
23 0
25 0
27 0
29 0
31 0
33 0
35 0
37 0
39 0
41 0
43 0
45 0
47 0
49 0
51 0
53 0
55 0
57 0
59 0
61 0
63 0
65 0
67 0
69 0
71 0
73 0
75 0
77 0
79 0
81 0
83 0
85 0
87 0
89 0
91 0
93 0
95 0
97 0
99 0
60 30

100 1
60
1 0
1 0
1 0
1 0
1 0
2 0
2 0
2 0
2 0
2 0
3 0
3 0
3 0
3 0
3 0
1 0
1 0
1 0
1 0
1 0
2 0
2 0
2 0
2 0
2 0
3 0
3 0
3 0
3 0
3 0
1 0
1 0
1 0
1 0
1 0
2 0
2 0
2 0
2 0
2 0
3 0
3 0
3 0
3 0
3 0
10 0
10 0
10 0
10 0
10 0
20 0
20 0
20 0
20 0
20 0
30 0
30 0
30 0
30 0
30 0
60 30

1 1
84
0 0
0 0
0 0
0 0
0 0
0 0
0 0
0 0
0 0
0 0
0 0
0 0
0 0
0 0
0 0
0 0
0 0
0 0
0 0
0 0
0 0
0 0
0 0
0 0
0 0
0 0
0 0
0 0
0 0
0 0
0 0
0 0
0 0
0 0
0 0
0 0
0 0
0 0
0 0
0 0
0 0
0 0
0 0
0 0
0 0
0 0
0 0
0 0
0 0
0 0
0 0
0 0
0 0
0 0
0 0
0 0
0 0
0 0
0 0
0 0
0 0
0 0
0 0
0 0
0 0
0 0
0 0
0 0
0 0
0 0
0 0
0 0
0 0
0 0
0 0
0 0
0 0
0 0
0 0
0 0
0 0
0 0
0 0
0 0
30 15

100 100
101
79 19
48 98
57 79
37 10
79 98
87 79
86 74
53 89
78 89
53 99
77 94
88 38
73 0
15 40
51 10
56 0
8 7
19 91
99 3
36 4
75 20
77 18
97 27
92 29
56 51
63 36
48 42
7 53
27 68
19 34
51 90
73 17
74 31
91 21
82 80
32 19
57 87
47 65
95 66
95 36
32 26
66 76
97 42
92 68
48 62
81 95
98 0
29 69
45 20
63 74
24 68
29 71
75 53
27 69
89 22
42 3
58 87
47 58
50 44
70 12
47 3
50 93
96 67
63 57
15 78
54 75
49 95
42 82
7 55
2 97
33 67
43 85
80 24
94 68
45 44
44 85
25 80
15 72
14 6
42 81
1 94
29 20
78 83
38 30
78 18
72 27
74 64
71 20
41 11
74 5
95 66
68 2
74 71
43 73
26 92
65 47
30 55
19 67
81 23
19 22
98 52
30 3

100 100
101
8 37
47 20
25 1
22 41
14 1
40 20
40 10
24 29
16 39
6 2
9 45
11 25
21 35
23 48
31 37
49 8
35 41
24 26
13 7
1 36
32 26
17 10
38 24
45 16
22 33
38 41
6 45
19 31
29 22
42 35
18 15
20 32
36 8
1 44
43 46
12 3
23 47
12 45
49 18
2 27
38 9
11 4
18 42
20 39
39 43
3 10
1 37
44 8
8 40
47 27
36 27
45 11
48 2
14 28
0 35
20 19
6 48
44 7
37 29
8 13
39 38
32 23
41 29
38 10
24 9
45 20
15 39
0 2
20 43
40 11
13 43
32 10
12 15
17 46
33 38
34 1
33 20
23 14
46 11
41 4
12 0
37 4
12 15
4 34
47 24
6 36
4 42
13 39
47 35
4 40
29 37
25 15
0 34
5 26
33 1
19 12
40 42
19 21
17 48
17 21
9 17
30 5

200 200
200
0 22
0 55
0 91
1 27
1 166
5 89
5 186
9 31
10 103
14 145
16 1
16 29
17 40
20 118
21 139
22 91
22 171
24 0
24 163
26 107
26 167
28 199
29 72
29 85
30 128
30 186
31 196
33 61
33 68
35 74
35 120
35 159
36 31
37 186
39 3
40 64
40 160
41 5
41 144
41 185
45 139
47 87
48 6
49 153
49 183
49 197
50 16
51 42
53 197
55 61
55 72
55 137
56 3
56 168
56 183
57 124
58 126
60 176
61 5
61 161
62 147
62 154
63 108
64 75
66 41
67 46
68 71
69 53
70 44
71 114
73 3
73 45
74 72
75 124
76 119
79 158
81 68
82 139
83 52
83 134
84 30
84 133
86 102
89 76
89 116
89 148
90 73
90 154
92 37
93 79
93 163
94 176
95 155
96 141
99 113
99 159
100 33
100 84
100 91
100 137
104 31
104 193
105 6
105 45
105 116
105 138
105 190
106 3
107 191
109 75
111 114
113 23
114 133
115 174
116 169
117 65
117 120
118 78
118 132
119 114
121 136
123 3
123 61
128 0
128 2
129 178
131 72
131 136
132 175
136 197
137 177
138 148
139 15
139 85
140 2
142 1
142 80
144 67
144 69
145 85
145 91
146 159
149 179
151 139
151 185
152 177
153 144
153 193
155 59
157 11
157 46
157 111
158 102
158 116
159 52
159 73
159 160
160 26
161 126
161 141
161 165
162 13
163 85
163 167
164 13
165 34
165 197
166 182
167 56
168 3
168 115
169 120
170 85
171 24
173 65
175 196
176 6
176 190
182 63
182 78
183 42
184 87
184 153
185 154
186 149
186 154
186 182
187 25
187 135
188 3
191 194
192 54
192 78
194 29
195 133
197 66
198 71
198 122
198 147
199 77
2000 500

200 200
200
6 78
123 118
186 91
38 102
165 86
20 62
83 103
81 22
73 198
67 127
86 176
171 10
175 22
64 4
100 46
14 173
197 78
139 189
45 25
168 153
40 63
134 29
176 74
118 39
189 177
110 47
160 177
121 123
104 33
108 133
150 13
112 137
116 82
144 55
100 47
161 185
192 128
157 193
55 77
116 142
36 133
38 133
157 48
172 114
128 10
186 109
152 189
141 70
71 128
115 82
76 77
132 116
139 180
4 162
193 181
151 173
80 36
90 10
176 18
27 0
134 163
46 70
34 156
123 60
119 90
71 127
173 31
42 96
146 123
144 175
103 118
73 66
62 14
12 124
153 7
83 109
166 167
141 162
84 101
29 113
1 111
17 66
164 8
116 196
15 115
190 16
53 127
63 80
125 134
80 180
153 194
197 80
111 136
114 87
141 13
103 92
98 46
168 138
108 43
179 189
19 186
37 169
94 148
83 135
147 126
184 143
131 6
159 169
107 59
79 42
167 138
193 167
29 53
171 143
188 113
75 10
95 199
43 35
114 82
147 194
22 133
36 109
130 101
13 43
27 90
2 55
148 48
97 180
68 179
87 81
1 103
49 146
103 41
27 40
90 113
4 129
20 12
188 36
167 5
19 101
27 61
102 182
156 53
144 123
170 6
75 160
20 54
112 106
1 185
119 96
128 0
110 30
43 45
18 189
132 65
168 93
157 41
199 109
147 169
130 137
137 129
191 17
159 25
46 56
4 75
151 128
151 50
125 162
46 27
128 75
26 144
103 148
103 114
48 132
130 187
121 30
150 144
159 129
78 87
143 116
186 32
149 71
12 82
57 3
107 59
45 25
75 91
179 145
24 136
118 105
112 35
133 99
40 84
57 80
33 141
58 6
120 198
177 137
130 42
67 168
2000 500

200 200
0
2000 1000

200 200
200
19 128
169 199
99 131
49 82
3 107
51 58
148 182
111 158
136 167
43 46
91 142
24 78
1 174
69 138
37 93
43 171
161 186
124 145
71 183
16 103
119 144
85 145
64 151
16 166
49 184
159 176
140 196
43 162
80 83
104 158
15 177
127 183
173 192
31 92
6 89
15 108
28 133
30 36
19 33
60 71
108 189
30 85
100 134
18 159
145 153
70 111
49 85
118 199
87 115
135 166
58 157
3 47
80 103
32 170
86 193
22 57
164 190
46 121
81 102
9 81
150 176
31 79
19 176
44 190
9 174
53 185
69 193
60 162
117 189
31 57
81 168
16 29
114 186
131 193
55 74
34 52
52 81
44 160
110 185
179 195
92 155
134 164
101 119
4 32
48 63
97 193
30 103
13 54
22 105
39 46
169 172
100 146
66 161
123 127
41 138
78 161
112 156
87 91
31 149
53 68
12 99
28 61
16 112
158 183
3 128
1 97
116 162
0 133
86 146
47 174
98 190
52 156
99 120
35 99
10 11
96 135
89 100
0 149
4 149
159 176
24 174
149 163
9 147
98 176
80 86
30 192
21 55
149 193
16 191
0 156
77 146
56 178
93 102
6 114
53 199
38 49
9 32
17 50
6 123
17 59
104 166
147 186
90 105
37 65
38 144
22 180
26 117
111 156
12 30
4 124
99 129
59 193
3 40
139 141
43 177
182 191
15 194
70 120
102 184
53 164
88 123
83 146
17 187
24 43
6 105
13 148
98 108
88 112
34 188
187 194
22 176
82 97
50 147
12 169
125 187
30 138
78 190
26 93
16 132
2 30
16 44
10 127
24 41
48 164
23 179
63 198
50 172
58 165
140 176
0 34
120 160
5 73
31 98
85 132
36 77
77 168
78 91
157 167
3 136
136 164
1000 250

144 144
62
12 12
12 12
12 12
12 12
12 12
12 12
12 12
12 12
12 12
12 12
12 12
12 12
12 12
12 12
12 12
12 12
12 12
12 12
12 12
12 12
12 12
12 12
12 12
12 12
12 12
12 12
12 12
12 12
12 12
12 12
12 12
12 12
12 12
12 12
12 12
12 12
12 12
12 12
12 12
12 12
12 12
12 12
12 12
12 12
12 12
12 12
12 12
12 12
12 12
12 12
12 12
12 12
12 12
12 12
12 12
12 12
12 12
12 12
12 12
12 12
11 12
13 12
48 24

181 123
96
0 0
1 1
2 2
3 3
4 4
5 5
6 6
7 7
8 8
9 9
10 10
0 1
1 2
2 3
3 4
4 5
5 6
6 7
7 8
8 9
9 10
10 11
0 2
1 3
2 4
3 5
4 6
5 7
6 8
7 9
8 0
9 11
10 12
0 3
1 4
2 5
3 6
4 7
5 8
6 9
7 10
8 11
9 12
10 13
0 4
1 5
2 6
3 7
4 8
5 9
6 10
7 11
8 12
9 13
10 14
0 5
1 6
2 7
3 8
4 9
5 10
6 11
7 12
8 13
9 14
10 15
0 6
1 7
2 8
3 9
4 10
5 11
6 12
7 13
8 14
9 15
10 16
0 7
1 8
2 9
3 10
4 11
5 12
6 13
7 14
8 15
9 16
10 17
0 8
1 9
2 10
3 11
4 12
5 13
6 14
7 15
200 10

30 30
30
11 22
15 17
3 15
7 17
12 16
1 19
6 29
5 14
9 11
4 19
7 28
6 17
5 27
21 28
2 16
8 18
19 27
15 29
5 14
4 10
26 27
7 12
2 13
0 11
4 10
16 21
15 20
16 18
12 18
24 29
30 1

65 65
128
0 1
0 12
0 20
0 47
0 52
0 55
0 57
0 62
1 58
1 63
2 5
2 14
2 15
2 24
3 5
3 39
4 10
4 39
4 51
4 57
5 28
5 38
5 39
5 42
5 57
5 57
5 63
6 9
6 23
7 18
7 24
7 46
8 19
8 27
8 30
8 30
8 33
8 53
9 12
9 35
10 29
10 35
10 50
10 52
10 61
11 46
11 56
12 18
12 23
12 38
12 41
13 26
14 30
15 35
15 62
16 51
17 26
18 56
19 20
19 25
19 55
19 64
21 43
21 46
22 33
22 35
22 41
22 53
22 53
22 55
22 57
24 55
25 27
26 44
26 47
26 54
26 55
27 30
27 43
27 59
27 62
29 38
29 48
30 49
30 56
31 47
32 62
33 58
33 62
34 37
34 40
34 43
34 43
34 47
34 49
34 55
35 49
35 57
37 58
37 60
37 60
37 63
38 49
39 55
40 57
42 43
42 50
42 60
42 61
43 63
44 49
45 52
45 52
45 53
46 54
47 50
48 51
48 53
49 60
50 57
50 61
51 63
52 62
53 60
54 57
54 60
55 57
55 58
2000 1000

49 49
200
36 47
29 37
32 38
2 42
10 48
21 35
4 21
6 47
21 25
15 37
7 37
2 48
38 43
2 7
28 46
6 17
0 10
26 36
39 48
30 37
8 17
14 19
0 37
24 39
3 11
30 33
15 35
11 20
4 42
27 30
20 40
21 23
17 31
19 40
8 24
20 23
32 38
14 34
36 38
4 5
19 26
39 47
5 38
5 35
9 38
0 23
9 14
27 45
12 45
7 9
25 34
3 46
21 47
10 48
6 19
32 44
3 20
41 44
19 29
31 42
10 23
1 30
18 19
6 31
14 43
32 42
7 32
38 46
0 46
8 45
26 40
1 34
1 19
28 41
18 27
40 47
2 38
4 24
23 38
10 47
19 35
17 20
20 47
19 43
4 22
3 42
0 42
6 31
12 23
2 29
31 48
2 16
7 36
35 36
19 25
0 9
24 37
22 36
14 18
23 37
2 30
33 43
27 31
1 30
37 38
39 48
17 40
35 45
17 33
8 41
2 19
2 46
8 21
6 13
18 43
4 20
1 47
38 44
5 6
0 9
1 47
15 22
7 28
18 22
1 19
25 34
2 16
23 44
9 14
5 17
14 24
4 42
9 16
19 38
38 48
12 34
13 16
20 41
12 42
11 37
16 30
24 25
0 15
2 41
31 47
8 23
21 40
9 26
6 21
14 43
0 13
9 34
10 29
18 24
17 20
6 42
34 46
1 26
6 35
28 42
17 46
29 48
1 6
22 24
5 42
6 21
1 40
16 33
27 46
11 30
41 47
3 45
27 28
12 35
33 40
14 44
8 19
9 27
29 45
25 42
20 41
1 34
3 8
17 29
10 14
38 46
16 26
28 37
4 35
24 45
13 20
32 46
29 36
8 10
5 25
4 6
14 39
1 16
12 35
2 15
100 25

16 16
128
4 10
3 9
13 14
2 11
4 10
0 2
1 6
3 5
0 13
8 15
4 7
9 10
2 6
1 13
2 10
9 13
10 12
7 13
0 6
2 13
0 9
4 11
2 8
5 11
8 12
5 7
6 12
9 10
12 13
12 14
2 12
2 3
1 12
2 3
5 13
8 14
3 4
2 8
8 10
4 12
6 14
0 3
11 13
4 12
6 11
0 15
0 9
1 11
3 14
1 9
1 13
13 15
3 13
3 8
7 9
9 14
4 14
8 13
13 14
10 12
2 5
6 12
2 5
1 3
2 6
1 5
1 4
1 6
4 15
1 4
0 9
3 5
13 15
0 10
2 12
3 14
9 10
3 14
7 15
9 13
4 10
9 15
0 4
8 12
10 14
12 14
11 15
7 12
5 15
3 12
6 12
7 15
0 15
10 15
6 14
10 15
4 5
9 10
0 9
4 12
13 15
5 10
7 10
1 14
1 7
10 15
4 15
0 14
4 8
6 10
3 12
1 14
5 11
8 10
2 9
5 9
7 12
0 10
2 6
6 10
6 10
0 15
4 12
3 8
9 14
3 12
7 9
14 15
50 10
