15

4 4
4
1 1
1 2
2 1
2 2
4 1

6 5
6
1 2
1 3
2 1
2 4
3 2
3 3
4 1

6 6
7
1 2
1 3
2 1
2 4
3 2
3 4
4 3
4 1

5 5
5
1 1
1 2
2 1
2 3
3 2
4 1

5 5
4
1 2
2 1
2 3
3 2
4 1

8 8
6
2 2
2 3
2 4
3 1
3 2
3 3
6 1

6 6
8
1 1
1 2
2 1
2 2
3 3
3 4
4 3
4 4
4 1

4 4
8
0 0
0 1
1 0
1 1
2 2
2 3
3 2
3 3
4 1

18 11
12
4 5
5 5
6 4
6 6
7 5
8 5
9 5
10 5
11 4
11 6
12 5
13 5
20 1

15 15
5
1 1
3 0
2 2
3 1
3 2
30 1

10 25
9
3 3
3 6
4 7
5 7
5 3
6 4
6 5
6 6
6 7
30 1

20 20
5
10 10
10 11
11 9
11 10
12 10
30 1

40 40
7
10 10
10 11
11 11
9 16
11 15
11 16
11 17
30 1

40 40
7
20 20
21 22
22 19
22 20
22 23
22 24
22 25
30 1

20 50
50
1 13
2 12
2 13
3 12
3 14
4 23
5 22
5 24
6 11
6 20
6 21
6 25
6 35
6 36
7 11
7 12
7 13
7 14
7 20
7 21
7 25
7 35
7 36
8 1
8 2
8 12
8 13
8 14
8 15
8 20
8 21
8 25
9 1
9 2
9 12
9 15
9 22
9 24
10 6
10 12
10 13
10 14
10 15
10 23
11 6
11 11
11 12
11 13
11 14
12 11
100 1

