10

198 191
44
138 47
74 9
70 59
39 121
41 28
156 56
107 136
182 185
45 94
147 187
133 40
32 19
59 93
166 46
142 93
6 166
55 145
108 147
70 63
101 176
1 20
165 161
169 121
97 186
65 165
181 7
68 100
132 0
109 158
89 104
74 157
42 110
130 107
138 48
173 75
102 20
164 66
151 15
194 25
42 156
153 57
34 156
104 47
189 69
1573 163

63 87
171
38 39
62 16
18 76
17 43
32 67
42 57
58 46
7 57
28 69
30 19
53 9
25 42
5 39
58 64
38 81
61 18
30 20
62 32
48 4
55 7
37 74
57 28
5 39
11 27
58 74
25 35
20 80
22 16
32 43
46 57
27 8
0 65
24 48
8 73
33 1
56 7
32 62
28 72
4 44
46 74
19 79
47 76
48 5
52 75
7 41
40 78
9 82
50 23
26 24
39 42
51 77
45 26
0 67
57 49
33 4
19 11
38 61
55 51
28 57
25 28
47 53
55 18
54 67
59 26
4 79
19 63
13 28
55 10
51 22
39 33
12 82
53 39
53 30
40 21
58 70
45 66
2 14
23 79
60 71
29 81
35 62
7 5
54 28
53 14
4 31
21 78
16 46
47 82
44 81
43 62
16 11
38 73
15 16
56 19
35 83
46 71
4 1
26 0
0 65
42 49
27 39
12 85
58 14
45 44
16 69
35 49
53 18
49 58
43 50
54 55
26 49
53 5
12 80
13 14
14 40
21 30
19 54
39 6
17 66
31 46
60 50
35 44
52 75
61 66
24 47
18 7
24 64
34 69
28 20
61 79
19 8
1 57
33 18
40 49
31 7
3 39
0 57
15 61
45 1
20 13
31 65
47 74
32 78
4 27
28 23
20 25
39 52
7 75
34 83
4 82
52 76
22 54
55 60
20 78
45 15
29 39
27 56
53 34
7 15
7 29
27 38
25 35
17 83
39 1
21 17
11 46
24 62
51 69
59 71
6 10
15 20
1649 31

60 94
160
26 40
4 74
11 64
40 50
1 35
59 68
54 42
28 49
38 20
21 62
34 77
19 82
57 38
49 75
48 76
55 91
12 8
16 12
29 41
46 37
33 67
42 87
39 74
6 65
35 25
39 58
33 5
32 81
32 86
31 13
5 72
8 25
26 22
35 80
20 25
38 28
49 76
23 19
34 85
11 40
18 89
42 57
54 47
31 92
36 60
25 57
51 82
47 74
59 43
24 81
1 3
49 73
42 60
59 19
39 4
55 45
35 59
41 37
30 5
36 66
14 33
58 75
38 44
1 22
55 37
19 67
4 93
24 88
57 47
22 34
43 23
43 6
30 31
47 24
28 5
0 24
54 84
26 70
29 76
51 31
58 8
35 46
1 24
31 38
9 23
5 47
24 88
24 59
31 81
52 1
40 31
33 90
15 79
52 38
30 68
38 34
24 29
55 25
13 54
55 36
34 46
48 76
43 22
47 55
20 57
42 42
37 8
28 2
42 18
23 51
11 33
23 82
29 88
10 64
13 91
55 90
22 56
46 72
54 50
4 82
27 75
3 28
59 92
9 41
41 14
56 76
50 20
23 63
38 44
14 2
37 39
38 91
25 16
55 19
59 61
56 65
18 37
57 20
32 11
21 61
49 47
45 78
31 35
56 25
20 86
41 73
3 50
14 85
21 28
22 28
49 23
50 26
33 33
4 90
36 67
42 13
32 85
25 79
35 21
2 81
88 111

23 152
32
4 54
9 137
2 126
19 131
14 141
19 32
15 43
9 110
4 119
1 72
18 138
16 125
17 142
2 120
21 117
2 18
4 50
3 115
9 127
17 0
7 127
12 85
1 31
11 139
12 49
9 102
14 42
18 70
12 35
20 53
15 45
14 144
1598 56

27 136
30
23 52
2 44
6 19
3 75
26 67
14 71
12 36
18 9
16 25
18 122
24 14
9 55
23 113
5 29
8 111
18 60
25 32
7 68
13 2
13 37
8 62
24 40
19 123
21 98
14 87
1 48
24 37
21 134
2 77
26 16
1274 110

199 142
184
44 132
53 129
1 105
164 44
18 11
188 79
83 127
141 93
132 7
83 28
60 112
147 115
150 27
59 97
64 52
104 74
191 128
139 24
22 118
179 140
121 46
93 124
77 32
13 108
31 107
149 57
194 96
104 141
192 32
151 99
128 122
154 125
149 54
26 34
154 102
190 128
56 100
109 110
160 18
139 73
0 69
125 95
165 94
117 37
142 67
71 45
129 96
168 32
116 125
37 24
168 69
8 101
97 111
46 53
138 48
0 103
137 140
52 103
171 135
83 93
42 88
173 125
125 71
66 47
156 30
24 122
184 44
145 124
85 28
113 41
178 56
175 136
113 131
6 21
187 123
26 128
195 13
25 112
122 73
196 68
144 27
188 11
4 102
104 21
46 128
39 3
176 58
22 12
161 119
123 49
143 102
134 3
94 54
181 119
12 27
149 77
16 71
129 139
118 63
124 86
178 25
165 61
19 56
24 55
145 133
60 55
12 4
168 95
29 123
138 32
67 113
97 92
52 123
100 99
32 135
112 125
36 24
7 69
46 28
34 107
30 7
132 45
14 104
165 94
40 66
117 119
193 45
26 68
52 8
186 87
32 59
27 68
145 88
198 19
36 15
108 78
124 108
47 112
103 139
142 33
122 40
156 100
131 17
134 15
124 91
169 78
24 27
89 71
98 17
83 93
28 97
58 27
187 123
15 20
188 59
26 68
42 15
114 129
41 16
29 115
178 122
165 98
116 24
151 82
39 55
32 140
180 127
155 69
181 111
17 76
100 132
191 31
94 92
136 68
79 37
144 132
35 83
55 127
4 120
76 45
142 38
161 80
110 63
198 50
282 120

185 199
175
168 139
81 193
4 143
20 102
101 6
41 136
74 69
157 167
144 137
100 156
183 9
67 106
25 55
33 138
135 181
176 92
39 28
96 137
75 10
138 35
85 192
94 83
66 43
36 139
84 109
139 60
154 64
21 195
171 107
180 185
165 47
23 61
150 60
161 164
144 101
138 79
133 193
63 115
67 27
178 17
85 146
24 158
91 146
95 102
94 107
24 127
183 92
23 53
68 120
132 148
75 15
108 107
22 165
32 194
125 81
10 35
76 169
159 39
153 51
60 26
44 27
145 124
135 155
14 14
24 164
27 48
35 107
76 125
80 163
123 34
19 117
90 197
174 13
54 114
107 182
33 186
121 192
3 12
27 13
150 7
24 156
32 191
138 133
147 102
56 79
67 96
131 83
96 56
50 98
146 184
55 165
78 86
154 149
140 31
155 103
44 13
1 39
50 167
86 173
122 129
165 19
121 88
16 9
76 23
59 162
60 128
20 7
138 85
180 148
26 79
147 79
131 68
180 167
25 24
166 92
116 6
8 19
149 183
37 189
9 142
16 181
4 141
88 40
181 66
83 187
26 81
107 164
70 39
5 178
74 6
127 6
35 54
129 18
124 129
29 122
138 132
142 133
125 189
118 156
140 93
7 118
49 69
125 63
36 27
55 183
162 83
165 17
46 105
184 190
45 149
27 73
151 176
179 74
103 48
180 38
129 114
29 57
114 144
79 104
16 49
84 92
89 173
16 130
88 85
160 34
156 55
151 37
114 111
8 103
46 39
150 158
44 26
158 131
6 25
146 187
504 14

68 58
142
26 31
38 54
55 34
41 7
14 44
65 14
64 43
6 50
45 49
16 37
27 28
13 13
18 24
44 39
0 21
44 0
11 11
39 27
43 21
7 15
22 40
60 32
6 0
5 53
46 51
28 19
59 13
14 30
46 48
0 44
38 39
61 31
40 1
0 31
13 18
38 24
52 41
3 23
3 45
0 57
10 43
23 30
44 48
26 52
23 57
15 37
33 16
44 26
53 18
58 56
67 28
20 50
20 2
63 30
54 3
9 30
64 53
12 14
32 20
2 54
47 24
2 34
40 52
11 49
12 8
44 53
18 54
64 2
36 34
47 0
60 7
33 51
30 35
66 4
16 19
63 0
9 27
46 37
63 46
2 36
19 6
33 23
8 18
41 4
65 17
8 17
24 53
51 12
43 31
12 10
64 34
45 41
17 11
24 23
43 23
34 11
28 41
36 11
55 54
0 23
47 16
37 32
48 36
24 22
40 24
16 8
31 41
12 15
22 16
11 41
13 12
46 34
48 29
47 33
2 48
49 57
51 8
0 15
14 34
4 6
17 35
67 1
48 2
51 6
9 28
39 45
11 10
58 24
47 7
40 46
58 37
43 48
45 46
62 41
59 52
41 25
60 45
20 47
48 27
0 21
44 36
33 53
1764 96

162 75
118
81 7
10 59
14 59
62 32
66 29
65 0
43 43
65 68
150 7
158 13
65 61
23 73
142 26
8 41
44 48
77 64
90 49
71 73
156 9
87 63
88 55
144 40
130 71
133 41
139 52
71 2
130 43
104 37
29 61
72 14
49 64
146 55
122 72
82 40
117 47
80 45
47 16
34 45
9 61
127 65
146 15
99 74
132 6
47 6
67 17
46 61
74 13
86 3
6 72
79 48
14 50
6 29
108 67
14 34
104 35
20 71
65 19
71 37
6 12
130 45
71 31
14 60
90 30
24 11
6 48
63 20
127 32
135 71
35 17
24 40
67 68
21 29
47 39
45 66
102 14
68 31
150 33
108 44
54 61
45 31
5 37
5 40
59 40
51 70
126 55
83 15
123 71
20 62
54 55
104 44
52 62
100 64
105 29
62 22
0 34
124 73
63 61
62 50
88 25
154 26
131 4
133 61
110 3
50 3
55 17
113 17
21 21
68 73
18 67
125 54
29 74
20 0
85 35
83 45
118 0
23 57
65 42
141 49
1154 165

160 93
11
118 23
116 22
109 0
35 53
132 61
32 24
62 47
38 82
79 47
65 43
68 67
1193 51

7 114
72
1 108
4 90
3 42
5 26
2 19
5 91
4 28
1 79
3 65
0 113
0 73
0 57
1 77
4 45
2 44
6 113
3 38
6 113
3 106
1 87
3 95
4 106
6 36
1 7
1 53
6 108
4 59
0 112
1 71
4 73
6 14
3 41
1 31
1 29
3 87
5 87
1 94
4 1
0 57
5 75
2 104
0 2
0 101
1 71
5 49
4 93
5 0
5 99
0 84
5 34
2 57
0 48
5 103
5 21
3 96
2 90
5 24
3 15
5 53
5 72
6 8
3 44
5 13
3 60
4 69
4 97
4 3
2 64
0 18
6 39
1 16
1 53
1458 94

97 138
146
12 87
71 109
6 116
36 115
57 92
89 99
25 118
58 119
89 95
77 132
94 130
30 33
41 1
46 80
21 86
77 76
6 101
32 84
93 14
34 20
75 18
86 35
26 20
31 100
53 122
75 118
81 121
62 18
24 66
14 64
67 58
15 47
24 20
35 31
44 85
41 59
60 76
10 102
18 34
70 104
44 22
48 37
2 61
88 123
22 69
3 6
21 9
4 40
73 125
41 31
15 100
2 17
51 54
65 131
78 15
5 42
81 128
50 74
12 77
28 135
27 12
34 54
20 131
53 19
17 100
30 102
31 76
15 61
58 98
21 71
12 64
89 67
91 28
18 123
8 16
7 108
74 53
86 110
14 125
77 29
1 67
78 75
69 104
27 36
41 39
3 32
12 74
25 77
51 97
54 49
68 6
32 44
47 3
65 92
87 124
68 115
57 21
14 89
81 15
56 117
43 58
22 76
65 38
62 24
56 31
73 79
60 133
49 47
6 76
79 37
7 93
86 125
88 133
89 78
34 122
86 119
79 17
46 54
22 106
5 36
37 43
59 47
22 74
85 68
96 73
0 58
42 30
46 0
86 92
2 127
20 114
38 109
92 69
63 112
20 56
84 124
90 136
60 19
48 11
66 36
21 4
41 55
66 106
31 8
94 31
10 31
761 157

139 28
55
27 3
21 26
54 23
18 17
97 0
12 22
27 3
6 23
119 12
87 22
102 14
1 4
126 17
31 22
123 8
23 13
124 6
61 26
89 26
70 13
95 12
116 18
56 21
113 20
37 5
69 16
68 20
115 15
8 9
23 11
38 1
79 16
42 22
95 1
118 17
45 13
57 4
107 24
17 15
19 24
39 11
123 3
20 11
47 17
21 1
115 27
128 17
28 11
41 2
98 1
96 27
134 12
23 27
124 21
18 4
1494 109

19 102
120
13 73
4 34
7 70
14 95
13 34
2 74
2 8
18 91
0 39
2 19
0 40
17 9
16 1
7 49
4 47
11 57
6 38
10 57
2 87
8 58
3 91
0 80
9 67
12 96
15 27
10 48
6 66
10 77
15 95
16 49
11 57
4 54
1 33
10 33
14 66
11 17
16 42
9 51
11 85
3 61
5 65
8 8
17 24
4 68
6 42
5 44
0 92
16 13
18 70
4 85
2 91
12 29
15 30
11 68
7 34
6 61
15 8
12 37
9 70
3 11
3 8
2 84
10 72
16 8
7 92
2 47
5 33
0 25
3 0
6 44
6 92
7 40
3 57
2 63
10 70
12 73
11 77
10 44
1 50
1 2
12 82
11 95
12 73
14 6
8 45
17 87
12 44
16 98
5 39
13 60
13 59
17 36
7 58
8 27
14 33
5 94
13 99
0 56
17 55
11 58
18 101
15 74
8 40
0 16
16 35
10 94
12 66
6 30
18 90
14 76
12 59
4 61
14 96
6 62
14 83
14 55
12 7
2 83
4 4
1 55
1942 132

40 188
66
30 94
17 42
28 44
37 69
20 77
32 171
29 101
32 174
12 113
5 109
7 44
38 24
1 27
10 113
2 94
34 82
3 87
33 108
10 128
39 46
18 75
31 175
8 73
29 46
10 95
38 152
18 173
2 118
0 134
33 31
23 56
12 93
2 19
12 125
24 150
25 100
9 27
31 35
22 9
18 171
4 182
37 168
20 70
21 61
21 146
19 163
5 159
18 46
7 168
26 27
14 37
33 172
3 177
22 75
28 132
29 97
8 24
34 114
38 122
37 27
1 91
21 82
18 157
25 41
23 116
11 16
448 73

91 155
22
22 28
31 51
65 21
51 135
39 137
70 63
16 116
59 54
35 144
55 101
24 111
64 150
39 96
18 64
83 92
58 8
83 61
25 147
6 17
22 41
3 111
76 78
458 148

109 200
64
34 37
84 8
102 1
80 118
54 54
15 37
70 147
41 165
52 69
24 77
8 136
48 100
85 188
53 179
57 79
71 17
48 48
81 112
61 110
78 145
85 194
108 169
75 15
85 12
42 184
67 71
59 62
105 13
49 147
70 67
56 58
83 110
60 84
20 14
107 109
29 127
22 81
50 62
11 40
85 3
47 117
66 105
12 151
39 65
5 11
68 172
52 1
104 22
27 98
106 0
88 189
21 188
55 118
90 136
95 96
37 90
100 61
96 108
12 19
72 102
79 22
30 37
34 98
81 71
1934 9

112 157
61
16 154
105 60
89 140
99 134
92 83
91 97
103 85
107 46
79 135
6 65
54 102
41 58
14 154
69 19
67 66
55 59
79 152
67 42
68 78
93 148
17 131
0 154
94 70
69 112
47 24
2 152
10 115
98 62
83 54
58 64
66 45
61 141
85 108
107 18
69 59
70 37
43 153
78 88
65 77
36 18
56 135
7 21
74 62
75 49
106 62
67 82
54 86
62 58
4 82
88 49
14 39
68 145
17 97
105 82
78 21
65 51
81 36
63 10
65 114
68 8
3 110
1138 82

145 104
198
85 94
4 81
50 101
101 34
103 71
11 28
88 55
54 53
60 7
54 21
85 68
144 27
52 21
97 31
2 45
8 102
31 100
90 79
9 72
99 26
15 26
112 29
120 88
57 74
13 74
12 51
132 98
70 84
48 66
8 24
132 102
25 45
133 65
18 5
136 44
58 83
16 39
72 55
51 77
39 85
44 1
0 32
70 24
5 25
103 19
77 58
52 92
81 100
37 59
38 33
135 77
138 11
124 80
24 28
71 52
124 72
119 86
126 12
56 11
12 86
94 48
110 97
122 99
91 91
137 68
130 25
73 39
60 66
118 2
43 87
73 77
32 42
76 17
135 40
85 80
107 12
128 95
57 74
103 58
79 86
137 43
92 70
83 22
115 79
39 78
142 60
10 90
69 39
16 36
52 45
94 36
34 57
3 58
143 94
110 64
90 97
124 48
143 56
111 98
61 94
61 66
87 81
138 11
41 65
121 43
34 37
113 49
15 74
94 89
96 78
121 61
16 100
22 95
57 73
129 5
48 51
73 41
16 32
132 27
65 16
138 0
93 90
11 34
67 15
38 17
112 56
132 30
112 20
98 57
35 23
19 61
136 0
88 48
132 75
12 44
126 64
51 17
64 78
94 57
7 1
64 96
27 13
65 21
22 14
15 84
105 96
47 44
18 37
10 20
117 92
48 102
141 67
81 79
75 39
113 48
142 25
132 87
112 98
115 49
75 102
140 63
39 57
21 51
33 82
126 12
122 93
133 50
3 0
45 43
133 67
30 3
69 34
25 72
28 13
90 81
48 3
118 25
62 32
68 64
11 80
21 75
54 12
8 102
107 103
98 12
132 4
68 41
0 30
36 99
17 100
56 78
61 91
141 16
54 50
5 38
16 56
95 18
66 102
1750 80

7 13
149
5 0
4 5
6 12
4 3
4 2
3 1
4 9
0 1
6 0
1 4
6 11
6 5
3 7
1 2
0 6
2 0
4 4
0 8
2 0
3 6
3 0
5 2
1 3
5 8
0 10
5 0
6 6
0 12
3 11
6 3
3 10
4 11
3 2
0 5
6 1
4 10
0 3
1 0
2 5
1 8
3 2
0 11
1 5
0 12
4 4
2 1
5 3
0 8
5 12
3 1
4 7
2 4
4 2
4 12
1 8
5 6
0 7
3 1
3 1
2 2
2 10
2 7
1 2
4 9
2 11
1 12
5 8
0 12
3 2
0 2
1 5
4 7
5 7
0 11
0 11
0 8
3 5
0 12
6 8
4 10
3 7
5 8
5 4
0 8
5 4
0 0
1 0
1 1
5 4
6 8
1 5
1 4
2 4
5 4
4 6
3 11
1 11
1 5
6 5
6 5
6 7
1 3
3 4
3 3
2 0
3 3
6 6
0 1
6 3
4 11
2 3
5 12
2 1
4 7
2 6
5 8
6 12
5 12
1 3
2 9
4 12
5 1
4 12
4 2
2 2
6 11
0 12
4 5
0 1
1 9
3 5
0 3
2 0
6 3
6 8
0 11
3 12
5 10
0 10
3 5
3 10
3 1
5 2
0 2
4 5
4 8
6 11
0 9
4 2
152 161

153 17
12
43 1
39 16
112 6
109 6
49 2
121 15
124 12
61 2
17 2
87 15
17 16
66 0
1214 57

25 111
2
16 54
11 101
206 16

51 35
150
29 32
33 6
24 10
42 9
49 24
3 21
50 19
48 32
0 8
12 28
49 28
0 5
35 0
3 9
3 32
39 4
38 0
19 17
15 8
49 21
36 29
40 6
49 30
9 20
26 1
30 24
1 27
17 25
29 7
12 12
48 27
28 33
0 29
12 13
17 31
45 26
45 28
18 8
3 0
32 1
35 5
9 21
17 9
21 6
29 8
11 12
10 15
2 31
35 15
29 34
49 14
17 18
9 25
25 0
2 31
6 10
50 12
0 23
18 17
17 15
30 29
14 16
38 11
11 29
32 25
7 29
23 19
11 14
31 23
14 13
16 30
32 0
9 19
34 10
38 14
10 32
20 1
22 15
44 33
40 23
0 33
49 12
47 7
3 20
16 14
16 33
20 3
23 16
31 16
10 11
19 8
48 28
49 10
15 20
6 20
14 14
1 34
39 14
5 25
7 31
20 10
4 34
26 12
24 4
0 27
32 6
30 29
33 20
41 21
2 31
1 18
32 27
44 12
45 30
7 30
5 7
28 17
1 2
42 5
38 10
33 25
48 8
24 0
33 2
37 25
1 5
46 6
39 19
25 19
9 30
19 32
33 18
15 11
22 13
0 10
36 1
12 2
17 5
37 16
35 20
39 14
44 4
33 3
47 13
24 2
37 6
37 11
3 11
7 22
28 32
1288 84

74 99
32
5 52
52 74
70 74
54 34
48 95
8 88
32 65
66 63
65 79
19 92
47 56
3 85
31 64
2 61
58 36
30 71
20 42
17 93
58 27
5 79
53 54
68 13
24 58
72 91
48 61
53 89
45 92
38 97
8 36
45 8
48 83
55 61
1962 144

31 55
125
3 7
23 1
12 35
9 5
29 20
29 43
16 28
2 13
10 32
18 1
14 52
11 38
10 54
29 52
3 49
21 34
16 44
29 16
10 31
7 43
21 15
18 19
16 52
23 35
20 30
0 6
11 2
3 14
24 26
5 21
13 23
11 5
1 15
9 45
28 44
23 27
0 6
9 47
11 19
2 19
15 32
21 23
15 10
15 4
4 36
19 13
17 48
20 8
4 9
24 40
2 2
23 3
7 54
1 52
21 41
8 33
20 33
10 50
4 45
7 50
17 35
13 30
19 19
10 3
5 54
12 42
4 13
29 25
28 17
2 0
23 38
12 47
1 4
29 7
3 16
26 8
3 11
29 33
14 21
15 53
16 15
18 20
26 45
8 4
4 39
26 36
27 16
17 24
3 27
19 2
2 32
16 31
2 53
24 31
9 54
17 15
17 26
6 54
24 50
21 4
12 9
1 13
25 51
19 44
19 22
6 10
26 50
8 44
5 33
15 47
24 35
11 13
12 51
23 1
1 37
21 43
1 4
7 25
2 32
10 53
2 17
25 1
25 15
28 40
6 20
1900 4

150 199
160
142 131
47 24
112 6
71 88
16 122
72 7
137 8
80 197
52 35
148 178
119 81
91 172
90 124
132 30
49 28
101 100
27 165
55 66
73 29
20 181
48 20
127 66
8 196
40 102
66 77
100 70
115 19
6 28
64 135
110 119
71 89
62 119
144 83
87 64
57 57
33 68
19 110
74 151
74 186
104 172
85 111
30 113
84 183
54 119
138 52
42 1
81 186
24 86
136 7
32 80
8 34
67 88
60 39
0 120
75 179
22 111
66 181
36 196
108 128
79 143
42 130
3 121
105 173
53 60
75 8
101 182
40 115
90 141
20 82
63 63
33 18
132 82
38 150
41 107
52 43
34 188
121 28
94 185
19 74
94 47
20 197
78 32
1 150
83 61
91 44
66 192
126 145
1 36
31 118
126 32
22 8
57 69
31 96
105 164
16 180
74 13
28 63
120 193
39 66
68 149
22 151
73 81
147 22
145 29
22 182
5 138
76 86
28 161
16 10
147 25
84 173
131 109
10 25
74 156
5 139
58 65
3 190
55 110
19 193
47 131
12 142
123 114
136 33
54 54
76 85
17 37
20 80
28 95
67 82
130 198
119 30
26 147
74 14
46 127
132 122
84 88
142 89
23 90
69 131
64 90
131 94
90 102
145 152
36 115
63 130
105 80
13 172
12 69
65 21
96 66
143 109
80 33
146 44
38 117
24 33
138 190
64 30
34 146
50 153
72 165
1698 3

108 98
62
65 68
44 28
62 21
92 54
21 11
67 20
86 57
104 91
80 26
76 86
90 8
32 29
27 55
65 74
41 73
81 37
78 48
87 64
94 89
43 77
9 40
63 19
68 20
98 85
67 95
61 46
39 57
43 47
26 13
0 44
25 95
93 89
92 91
31 8
39 4
55 34
0 54
80 6
65 25
48 80
85 92
69 20
87 65
69 58
76 15
67 83
91 72
74 37
36 41
47 78
75 89
75 78
24 54
89 3
42 41
23 47
65 89
17 2
102 37
92 89
33 77
1 74
1763 181

73 91
31
12 77
8 79
36 53
24 86
48 61
63 59
16 39
5 23
6 25
64 43
28 82
63 74
65 33
61 80
43 82
62 17
64 64
61 31
45 12
67 88
59 39
49 0
14 34
0 34
37 88
45 61
6 67
56 6
71 63
12 44
15 50
1461 119

198 94
137
99 52
158 5
140 54
82 90
105 46
148 5
158 33
196 14
188 89
32 64
141 76
141 55
139 55
117 39
112 53
171 86
112 72
142 25
158 81
66 33
36 57
65 91
196 80
36 29
32 6
100 10
56 24
180 19
155 85
122 12
163 78
28 90
188 29
161 6
187 20
31 4
101 45
152 6
170 43
144 36
113 43
62 59
50 35
84 10
140 11
40 87
56 24
11 58
164 15
140 49
16 92
2 87
102 20
45 43
188 73
79 14
71 33
141 18
59 56
109 31
179 81
119 49
189 67
100 83
176 62
127 87
86 88
146 82
101 54
180 75
25 45
102 16
134 22
195 34
112 7
150 82
51 37
172 27
133 40
11 71
167 17
70 67
195 48
186 50
62 38
195 4
145 17
105 5
60 52
109 50
141 35
127 15
58 81
156 19
130 90
80 84
9 63
113 6
91 78
5 0
169 83
63 70
47 61
195 6
25 76
144 11
194 31
82 32
79 85
187 40
116 8
176 75
170 58
46 90
120 50
1 24
108 87
138 11
155 57
45 12
99 63
116 38
32 48
117 11
154 16
76 69
48 45
174 3
59 69
123 57
183 74
195 35
134 28
142 36
36 12
47 39
90 44
808 36

145 101
64
89 77
141 29
144 93
82 6
18 14
80 69
124 37
68 35
127 84
111 27
72 55
110 70
12 62
116 86
47 51
48 35
110 7
3 100
45 26
64 8
40 64
7 47
60 55
88 13
81 67
51 82
115 9
121 13
53 90
127 35
135 98
63 25
71 14
91 99
39 60
50 74
99 43
77 96
143 10
144 19
126 32
77 62
16 49
40 81
20 80
43 97
32 97
104 37
107 56
113 88
111 85
33 87
91 62
118 74
34 50
22 60
144 72
58 8
132 87
18 82
119 65
111 75
139 48
144 61
1045 140

195 20
110
183 0
160 17
194 1
153 9
190 17
99 15
132 9
24 14
81 8
166 17
40 18
87 6
171 19
93 8
27 9
117 11
127 6
58 0
100 11
10 18
6 17
82 17
123 14
90 11
29 10
139 13
78 2
78 10
191 5
42 7
75 0
133 13
127 11
14 1
187 7
61 18
82 6
120 12
188 3
38 4
173 10
34 5
136 7
46 0
170 19
72 13
116 13
60 2
119 19
119 18
154 17
102 12
118 15
4 2
147 18
119 10
168 8
124 18
150 19
114 15
40 19
163 19
41 0
1 11
30 9
104 3
49 19
102 0
29 10
124 14
187 15
105 5
30 4
176 6
161 16
13 18
106 17
80 11
121 5
185 6
47 19
53 7
86 1
176 9
77 18
64 17
169 19
179 11
167 13
7 10
191 4
116 17
1 12
125 8
178 4
77 8
43 3
176 17
4 14
23 16
30 11
6 19
183 0
94 3
131 7
137 13
79 11
41 12
146 18
73 13
141 46

179 17
55
173 2
106 11
72 4
19 5
144 0
74 5
68 1
56 8
47 15
157 16
64 3
169 12
121 15
148 13
11 9
69 9
23 9
10 5
123 9
127 8
89 7
91 15
17 15
119 4
130 11
79 2
53 16
178 5
78 3
27 13
103 13
14 2
104 16
90 9
97 16
2 4
31 2
24 5
121 11
164 6
44 4
135 14
26 8
44 2
163 0
77 5
22 9
84 4
86 16
29 7
3 15
8 12
46 11
64 9
17 5
538 66

93 129
58
46 79
58 8
13 21
34 109
2 110
23 118
54 34
2 121
29 26
70 105
6 13
91 128
51 59
76 46
91 23
19 39
15 18
48 124
14 15
29 38
24 123
2 52
70 34
86 44
87 59
71 13
91 19
6 34
76 15
38 77
67 97
0 85
19 115
42 35
47 120
28 52
67 101
39 43
69 96
68 11
86 67
36 61
46 20
63 96
42 3
17 88
36 23
1 9
86 30
50 5
31 89
45 16
33 92
91 86
49 29
79 103
74 26
1 76
858 138

9 124
2
2 79
6 22
226 75

141 175
79
25 135
45 26
64 18
79 93
14 4
46 171
49 114
64 143
5 142
23 131
112 102
9 102
3 152
98 116
37 21
62 117
90 39
3 53
20 149
1 7
2 36
105 17
37 98
1 150
84 31
61 89
25 46
110 92
45 65
64 92
70 125
93 18
74 151
68 99
45 62
8 149
109 63
9 66
64 151
107 59
36 124
27 23
78 130
85 143
4 42
54 16
61 84
47 21
30 74
115 1
123 151
37 77
37 68
48 10
56 97
17 49
7 37
137 4
39 83
99 46
55 96
46 140
128 134
78 56
29 43
51 107
137 90
60 144
28 9
112 52
63 157
30 110
18 72
53 157
116 171
130 121
36 18
8 135
92 42
1067 93

9 115
6
1 86
8 96
7 9
4 22
3 96
5 60
1419 30

99 145
147
90 108
37 93
73 68
59 94
23 63
36 53
87 139
86 134
97 100
33 14
50 55
61 26
40 16
51 74
44 113
87 143
11 37
49 28
63 33
96 19
75 42
91 1
85 97
4 46
76 60
47 143
13 58
10 137
80 21
60 37
97 109
80 58
4 75
83 126
21 19
26 141
57 69
90 47
17 13
91 54
65 25
4 140
8 68
24 50
61 72
60 88
57 79
64 36
67 144
89 129
91 16
71 14
71 41
10 112
61 19
51 18
71 44
12 56
89 17
63 107
88 63
96 113
74 89
59 112
23 135
78 36
21 47
9 91
97 87
12 75
21 41
6 103
52 138
37 10
60 86
53 10
83 43
13 32
16 80
39 105
87 48
69 6
84 24
92 132
47 107
90 50
26 115
71 10
10 31
62 39
96 10
84 110
51 30
21 123
36 137
51 138
22 81
14 133
46 5
5 99
93 142
81 7
9 142
74 90
75 92
42 19
32 26
16 58
6 130
91 124
36 62
65 105
62 46
51 72
66 116
85 84
16 63
93 90
75 100
71 68
6 12
50 62
67 42
43 130
78 16
60 49
86 19
29 48
68 116
2 101
18 117
45 1
13 35
48 26
81 96
89 83
34 134
40 117
91 47
56 70
56 84
19 51
72 75
60 42
68 84
74 142
17 112
197 166

193 88
179
180 84
154 54
88 71
147 39
181 64
100 60
65 48
90 31
171 74
54 84
98 42
192 65
82 7
61 75
136 27
1 34
92 2
94 23
72 36
35 27
139 35
167 47
57 27
93 42
74 55
38 59
27 71
150 87
118 2
16 1
63 34
90 36
84 27
103 30
132 11
93 85
94 28
45 37
117 58
102 32
124 29
79 64
153 38
142 60
46 50
166 0
79 70
191 29
154 38
85 48
80 86
57 44
152 8
153 20
164 65
141 42
58 7
84 30
106 4
130 72
24 51
30 35
154 24
135 64
66 59
139 52
9 18
3 16
114 5
147 61
145 87
161 27
178 80
26 32
186 57
185 80
52 7
173 66
176 49
81 25
165 78
177 2
131 52
121 42
48 32
133 33
68 84
115 49
191 17
71 39
53 4
187 29
58 78
36 36
165 85
144 53
160 53
26 69
67 47
177 2
139 23
191 8
36 45
32 22
58 48
147 47
22 28
65 77
157 58
47 80
67 9
112 74
59 3
107 15
70 31
29 74
188 68
115 83
175 45
19 67
119 7
126 25
31 71
160 62
145 8
141 19
33 56
53 47
45 14
7 44
111 1
67 19
45 87
20 74
127 28
43 37
152 64
85 26
189 15
25 46
169 36
170 30
59 50
150 13
133 73
172 72
99 15
166 11
64 84
4 70
179 45
36 20
105 13
149 26
88 16
42 13
187 21
37 80
160 50
81 7
77 45
72 35
78 26
73 53
15 38
36 67
154 48
147 55
82 3
177 11
75 22
104 5
184 21
101 6
64 68
181 65
51 51
144 16
19 14
21 28

85 13
189
64 10
30 5
49 4
28 0
51 4
62 2
56 0
0 5
0 8
13 1
36 0
65 0
24 5
33 1
75 5
47 0
43 2
64 6
53 8
24 12
58 2
75 4
1 7
14 6
71 12
73 6
57 7
60 0
82 9
28 12
65 8
42 4
75 6
74 7
17 8
72 5
8 1
5 10
49 3
63 7
50 9
39 12
34 12
67 1
29 5
78 6
17 10
0 0
11 7
12 12
27 0
51 0
83 3
34 12
43 6
78 5
79 8
31 10
28 11
3 0
82 8
25 5
31 9
45 7
58 2
71 1
11 5
19 2
31 7
4 2
78 8
80 4
74 8
48 5
43 8
22 5
36 9
78 10
53 2
19 1
68 8
60 0
6 7
23 10
4 3
47 8
38 9
43 0
2 11
74 2
75 9
12 5
22 7
20 3
56 0
1 9
73 9
32 5
49 2
34 8
38 11
0 5
38 3
11 12
73 3
35 10
16 1
62 5
28 1
61 9
7 0
49 1
68 8
54 1
72 9
60 6
52 6
67 11
9 5
66 5
27 3
66 5
67 3
16 2
84 11
72 4
53 9
6 0
41 10
75 10
1 1
17 1
44 0
0 5
62 3
64 10
70 11
64 6
40 4
4 6
7 10
11 3
19 9
62 4
26 11
32 8
7 4
38 7
24 10
17 6
79 6
30 3
51 1
52 0
75 0
2 12
5 7
46 2
55 9
22 9
68 2
35 9
1 7
30 5
51 8
23 1
53 0
8 8
15 3
7 7
5 1
78 3
54 6
33 1
20 7
27 1
43 5
29 1
48 3
17 1
17 11
20 3
33 12
58 3
28 9
54 7
54 8
38 10
78 0
23 138

82 131
47
57 97
54 10
61 89
4 50
68 100
3 44
26 62
48 107
9 123
36 14
8 115
56 59
17 94
81 83
12 101
1 17
58 9
39 99
67 6
2 100
16 8
6 72
29 33
49 58
29 95
54 115
14 60
58 64
81 44
66 70
62 12
18 115
40 60
46 92
77 46
32 86
50 63
21 15
67 84
58 86
47 128
13 58
78 47
38 43
44 96
64 28
15 113
377 86

56 81
21
42 59
17 74
39 74
13 60
44 11
37 17
54 43
24 14
53 22
29 32
5 57
28 79
19 15
36 7
6 60
2 49
27 13
28 30
43 3
8 12
23 41
1618 146

167 176
182
82 79
130 34
133 32
104 128
28 89
37 110
59 149
121 8
35 83
23 25
9 150
94 155
114 78
151 162
131 141
10 75
60 46
137 109
150 105
101 4
35 6
142 99
132 38
162 169
152 131
79 49
147 151
149 69
145 118
35 40
165 169
51 172
9 48
23 147
36 152
83 27
16 166
90 160
8 81
137 134
25 25
14 71
7 21
89 149
19 58
72 26
78 147
161 69
84 142
122 64
42 88
58 92
22 49
55 16
108 161
36 105
109 8
44 153
87 142
134 84
128 129
81 104
59 31
69 113
126 126
1 7
147 144
158 41
43 142
135 159
134 134
85 1
141 109
163 42
0 113
76 130
104 14
91 6
73 94
141 113
159 38
83 53
11 43
49 68
91 12
124 137
127 98
36 140
121 69
72 124
17 10
29 155
92 85
93 25
128 151
143 155
146 30
26 24
34 61
24 80
108 71
29 100
51 44
37 131
153 83
74 24
101 138
38 162
19 122
119 147
91 133
6 164
155 29
113 81
73 35
65 119
84 167
21 23
38 159
51 34
152 61
127 20
131 112
151 28
77 27
10 16
48 101
42 154
22 78
46 3
34 169
39 137
104 71
92 135
164 85
117 126
77 138
41 170
81 41
114 31
62 154
86 24
88 145
107 111
109 48
127 154
9 151
105 67
161 58
128 43
95 99
90 86
0 62
150 2
127 122
55 127
108 15
121 52
19 111
106 122
100 123
130 40
138 126
107 129
120 30
147 94
147 143
64 9
92 173
132 132
95 21
73 84
147 23
143 40
107 84
85 107
33 96
37 126
163 27
149 131
42 16
100 141
1643 165

131 55
57
43 50
57 13
75 16
83 48
108 27
70 41
96 34
77 42
19 0
32 53
113 5
27 45
107 41
126 54
42 32
53 40
44 38
122 6
50 26
62 27
37 38
86 31
65 9
2 21
19 30
66 27
82 50
25 37
48 36
17 39
87 15
51 39
89 45
17 21
66 23
2 6
73 3
125 42
120 33
72 5
21 48
121 37
53 19
123 26
3 51
67 49
97 11
125 27
85 40
44 7
91 51
60 11
111 6
115 5
108 43
43 7
71 51
845 101

154 163
124
78 90
28 39
59 120
43 47
134 125
25 1
64 76
97 58
79 122
75 155
147 84
132 40
26 45
34 142
79 124
74 136
20 96
140 101
135 77
88 115
48 66
110 78
56 0
3 118
139 79
32 106
54 54
142 79
20 105
72 102
132 95
112 34
77 78
113 82
123 66
141 132
144 40
148 8
70 19
114 110
105 126
152 36
52 133
5 10
28 150
91 68
89 131
60 49
36 60
14 146
56 128
33 114
127 52
97 42
120 101
25 15
145 29
118 59
103 71
28 111
61 149
130 117
106 44
86 119
44 104
122 34
59 29
42 42
148 14
63 120
132 58
22 127
132 145
57 76
84 79
124 103
106 21
50 77
112 9
146 154
81 150
81 1
133 53
6 132
76 54
104 88
28 103
68 44
117 92
118 80
138 154
133 63
29 79
105 150
61 102
52 134
36 56
84 9
43 25
86 85
96 132
90 40
82 80
49 38
36 66
128 63
143 96
47 148
64 122
119 88
127 35
42 132
60 2
57 113
27 123
29 4
9 16
63 16
138 5
100 52
31 1
73 35
2 9
120 79
400 52

89 23
71
16 8
84 3
73 14
34 0
64 22
44 5
69 18
74 10
66 19
26 12
22 12
82 4
75 0
11 13
35 13
42 16
51 13
2 1
21 14
42 21
82 5
47 19
48 17
6 9
78 15
19 3
54 3
54 9
8 9
6 8
79 12
51 1
0 1
57 20
25 20
39 17
21 10
48 6
20 12
18 11
34 11
17 17
55 13
39 18
17 20
22 0
71 8
81 11
60 5
81 6
35 6
86 15
79 15
29 1
51 1
35 6
14 18
67 5
70 15
5 4
22 9
41 11
82 21
10 20
10 11
70 1
18 7
10 21
64 1
59 17
80 19
750 71

160 71
133
31 24
87 1
124 29
98 19
117 21
18 43
1 56
147 2
9 16
133 47
80 66
81 2
141 57
54 12
92 7
4 20
128 36
32 53
135 24
143 61
108 41
148 13
15 16
145 18
13 39
34 15
124 20
69 28
128 15
72 5
88 2
153 42
34 67
24 3
95 23
21 7
47 37
64 68
22 6
34 22
53 37
6 37
28 31
93 68
25 48
15 44
31 2
40 4
102 34
148 69
129 16
99 42
136 65
149 25
111 62
116 45
93 34
111 63
139 8
3 29
0 58
80 59
17 67
7 45
19 43
142 27
126 52
42 54
51 28
17 16
93 56
116 33
59 70
57 56
93 14
106 41
35 50
6 69
6 45
11 44
102 1
134 70
156 51
138 51
42 21
5 0
156 8
105 5
151 20
11 65
37 33
73 28
88 48
99 11
84 27
23 28
80 39
141 47
112 28
97 53
24 5
79 21
127 11
58 60
64 49
105 41
37 64
117 43
77 53
132 43
146 62
103 17
22 60
57 62
48 39
4 16
125 17
135 60
145 19
33 65
69 6
41 27
98 40
22 56
6 65
103 13
22 47
104 30
29 26
125 23
46 49
132 64
15 22
441 30

41 56
159
31 31
2 52
21 5
31 41
1 36
27 19
7 46
39 31
30 44
14 14
17 41
27 15
19 54
16 10
15 10
24 52
30 12
13 40
29 19
36 23
9 53
21 32
11 1
1 11
38 8
3 29
9 44
23 53
35 30
39 47
30 43
25 19
22 31
26 9
5 6
9 51
35 54
34 24
30 50
18 28
1 33
27 18
10 29
23 13
19 33
5 2
20 26
0 46
22 44
29 29
22 50
25 53
20 1
1 40
16 8
17 36
31 42
27 16
7 4
12 5
7 42
13 15
7 38
7 27
4 47
8 8
8 32
13 38
1 42
36 45
35 26
30 27
30 43
28 44
1 7
29 18
28 48
37 29
5 27
26 5
15 51
34 10
29 9
25 9
9 28
26 11
27 25
39 37
10 42
17 49
1 49
26 10
24 23
16 19
24 34
36 18
3 4
30 16
18 32
30 14
7 23
37 48
20 4
8 8
23 38
8 4
12 27
38 33
19 21
36 19
40 35
5 52
35 39
1 40
29 24
27 20
39 31
13 6
9 3
29 20
39 43
4 53
27 1
19 1
36 19
34 33
19 7
0 16
20 42
10 1
2 6
32 18
40 8
31 24
11 49
27 39
15 51
25 38
3 32
15 5
22 7
10 41
10 3
23 14
34 11
36 15
20 53
35 1
27 28
6 32
2 8
31 45
32 3
8 1
1 19
26 36
23 28
29 30
18 49
1864 10

159 162
17
120 34
121 26
42 75
55 32
30 43
77 93
129 53
57 54
123 71
2 6
34 134
101 69
69 36
122 38
148 29
145 46
100 46
1200 172

198 37
142
18 4
44 19
21 30
28 9
15 32
111 11
152 13
168 26
15 31
42 21
168 30
9 21
77 0
72 13
63 1
9 25
177 34
158 7
141 21
12 35
32 18
139 3
189 35
55 10
15 12
68 16
7 14
90 8
18 13
187 7
77 26
169 24
40 16
100 1
1 3
87 28
30 1
102 0
91 33
66 3
178 28
102 20
102 0
87 30
21 35
103 21
196 26
149 33
165 27
196 25
57 5
37 6
23 21
36 23
88 8
17 6
5 3
64 14
138 15
53 19
34 20
90 26
95 5
39 4
66 8
171 9
107 4
137 32
196 1
170 23
110 20
13 18
178 34
37 12
156 34
87 23
89 17
31 0
56 16
113 12
60 16
69 4
29 15
75 31
150 21
186 11
143 14
140 34
56 18
141 6
63 7
87 27
96 6
43 34
186 2
10 7
54 30
33 1
119 15
115 22
183 12
123 0
142 20
107 34
56 14
177 32
55 3
132 29
26 5
60 5
98 26
131 7
178 8
49 27
164 12
101 0
43 11
138 22
20 7
132 26
7 4
191 27
154 8
84 20
186 20
127 3
45 29
5 1
197 25
190 32
111 36
191 32
24 35
147 10
59 5
169 24
189 6
66 9
183 13
83 13
29 26
141 15
81 51

43 11
56
16 1
22 4
31 4
5 0
30 4
16 6
37 10
36 3
20 6
7 9
19 4
24 6
30 3
29 2
14 3
11 5
36 2
13 3
12 0
22 10
31 10
29 2
25 7
34 2
38 8
30 2
38 3
23 3
35 4
20 6
34 0
20 6
10 3
9 2
14 1
22 9
3 9
41 9
34 10
21 2
38 0
29 3
23 8
6 5
15 7
11 9
10 5
8 8
1 10
28 9
13 4
20 5
32 7
12 4
29 2
12 2
1094 137