10

183 88
180
148 44
155 64
10 14
96 3
30 60
72 35
40 52
103 60
109 24
69 4
76 66
72 35
19 83
174 83
128 71
76 16
137 11
164 63
170 40
101 85
66 80
62 15
87 24
158 84
95 6
105 80
94 25
112 79
70 4
96 34
152 31
120 2
111 52
9 34
120 20
35 53
82 54
107 20
125 28
55 20
111 48
109 58
56 35
21 8
150 61
89 49
36 83
137 30
91 28
51 36
99 44
18 30
104 37
181 67
114 36
160 23
28 5
68 49
89 11
46 64
66 24
87 36
182 21
91 75
75 0
96 30
157 42
84 74
128 19
29 16
12 86
124 78
127 68
101 47
77 80
125 9
40 57
81 13
163 36
101 52
111 38
52 68
132 9
10 55
116 3
91 48
76 79
121 35
116 38
113 47
130 69
55 8
70 69
29 18
30 74
113 73
103 81
109 74
99 83
80 10
82 65
132 70
3 40
154 74
155 64
108 66
179 47
54 36
120 56
107 45
163 51
17 54
170 62
68 4
177 53
158 55
128 0
124 11
133 66
57 82
74 68
81 41
23 56
157 26
43 17
56 31
84 64
180 41
144 48
165 7
127 35
83 59
29 24
115 8
153 59
38 71
122 17
73 79
9 17
28 6
99 75
42 84
67 2
24 76
15 56
8 27
19 69
172 7
59 75
122 61
4 65
181 45
172 86
170 29
86 12
27 23
96 67
81 29
172 64
19 61
181 69
65 18
144 66
78 87
133 17
182 82
112 9
23 29
53 51
6 32
136 68
131 35
13 56
20 74
81 65
159 17
146 77
49 23
28 6
46 77
1953 151

72 39
104
54 20
67 12
46 29
65 8
10 27
47 9
13 0
48 7
3 3
66 28
19 26
39 21
70 34
5 21
35 6
49 36
14 16
64 14
9 12
45 15
55 17
29 35
44 28
53 18
70 5
69 38
9 36
36 29
48 4
69 36
18 5
27 26
17 18
14 37
25 22
71 0
35 0
67 32
28 1
5 16
66 12
68 25
2 23
23 30
6 4
14 32
3 34
20 17
37 37
47 11
4 1
16 17
64 24
65 35
13 17
15 17
65 22
67 26
50 9
8 26
63 10
29 5
6 30
70 27
29 1
9 0
56 16
13 1
24 8
5 4
68 31
10 38
32 14
15 2
30 33
22 21
34 18
41 22
44 31
29 20
68 24
19 17
56 18
0 3
45 26
31 15
40 36
41 28
25 6
6 15
13 3
30 18
23 5
58 24
2 28
53 2
19 34
25 27
13 23
49 29
16 25
66 9
47 12
15 6
1025 168

148 111
85
120 13
3 102
39 46
33 102
133 15
7 8
11 34
39 79
92 26
128 27
113 93
77 0
80 50
101 2
37 50
52 69
10 43
6 32
140 10
51 60
133 32
90 64
132 88
96 77
64 37
20 94
18 94
134 48
26 68
84 41
0 92
13 32
61 49
102 92
36 50
147 98
31 26
103 0
56 79
123 67
54 97
75 106
105 76
28 4
51 84
60 19
25 101
8 79
18 98
50 58
85 70
145 3
43 2
122 4
41 80
118 80
109 11
41 108
3 51
70 91
92 67
145 65
79 21
134 43
117 65
0 92
2 96
118 16
43 50
136 31
106 103
140 109
18 0
17 17
89 109
10 17
70 28
30 13
1 36
52 61
86 30
30 76
85 100
84 14
48 24
1063 184

110 195
24
50 17
31 149
82 98
50 78
13 128
25 163
31 8
5 3
34 193
6 72
23 98
54 150
15 33
64 183
15 33
92 173
66 88
92 137
107 188
93 86
89 112
60 62
30 43
73 16
1781 177

166 59
43
138 45
101 46
91 6
33 4
134 55
63 33
63 49
76 34
142 45
61 57
22 38
33 49
155 40
147 16
129 13
105 23
40 48
17 5
36 5
116 40
66 16
158 54
24 28
7 40
113 6
16 20
144 20
128 17
4 10
28 48
1 58
153 6
72 55
78 3
124 58
70 35
13 48
153 34
43 58
80 27
125 2
104 7
93 40
305 38

37 71
141
12 47
1 53
11 34
18 56
19 3
33 38
1 35
22 40
22 29
15 63
6 62
2 36
3 69
9 5
26 55
12 65
7 0
8 50
12 22
32 40
24 28
17 7
12 57
7 14
16 50
18 65
11 45
27 67
1 20
30 17
1 62
30 14
7 8
0 31
6 16
36 54
3 44
21 5
30 17
19 64
11 60
10 67
2 5
16 2
22 27
11 56
19 42
27 35
22 65
10 18
30 38
17 38
4 33
18 13
17 64
12 55
15 37
22 44
28 15
12 34
27 52
31 1
32 35
30 50
22 3
2 2
35 27
17 24
31 16
31 1
4 40
32 16
31 49
5 23
16 39
34 62
10 24
26 39
7 28
30 25
5 41
29 32
22 33
24 12
23 2
9 6
31 43
24 55
21 39
28 39
14 10
24 18
33 25
2 16
1 65
32 13
32 44
14 35
5 33
22 4
14 18
34 16
15 35
9 48
36 17
6 69
6 49
21 37
35 47
17 14
24 8
17 16
19 34
20 54
25 52
23 69
22 2
13 6
9 48
26 24
33 12
29 55
36 20
16 69
1 56
32 16
20 66
24 67
35 7
6 3
19 60
33 37
35 49
5 64
14 30
31 33
4 31
0 69
20 60
11 44
14 14
1966 49

139 13
175
5 11
103 0
47 12
34 2
9 3
51 3
21 1
106 10
38 5
24 10
64 6
3 7
26 8
99 1
47 8
25 0
22 9
83 1
86 3
113 5
58 12
5 1
78 7
130 7
110 9
125 0
123 5
57 5
135 6
50 9
46 6
131 12
90 7
12 2
71 6
71 6
120 2
37 4
131 1
69 2
14 12
94 9
123 3
51 12
52 11
0 2
71 8
79 0
45 6
37 6
105 8
40 12
56 11
38 8
22 8
60 6
73 5
44 2
84 3
111 10
86 0
9 7
28 12
34 7
33 11
95 10
91 7
42 3
96 1
41 10
71 7
39 9
29 7
52 2
125 12
119 0
92 8
17 4
17 8
44 6
81 4
79 3
6 8
0 11
7 5
97 2
39 1
47 10
91 9
104 1
75 11
9 10
91 11
30 1
100 7
78 5
62 0
76 3
90 8
15 1
113 5
79 2
22 8
69 11
24 1
47 7
34 11
53 11
53 9
6 7
111 2
13 12
132 10
18 11
83 8
134 12
6 4
93 11
102 6
46 0
27 0
48 12
84 7
90 6
83 12
43 12
95 6
8 11
58 5
129 7
68 10
33 12
120 4
103 8
25 11
79 3
95 1
71 7
101 7
55 7
132 9
77 6
129 2
3 3
15 1
17 4
57 0
4 11
110 8
58 7
11 3
132 7
117 0
131 5
101 11
78 5
48 0
34 5
95 2
105 0
36 5
44 0
79 1
111 4
93 5
126 8
39 5
1 2
20 6
107 5
2 12
94 3
81 12
18 8
56 4
1856 158

150 170
43
66 109
30 37
77 81
49 77
65 70
20 108
35 20
142 14
39 98
126 73
139 134
143 47
26 126
21 12
51 146
40 134
93 94
8 110
18 55
145 155
11 109
145 166
52 85
81 115
51 34
59 74
131 81
135 5
6 37
89 168
138 74
105 61
0 131
97 135
133 110
118 67
29 36
63 150
21 128
119 162
66 48
68 166
135 24
454 187

130 140
164
62 16
25 119
5 129
129 10
62 18
74 64
37 29
110 133
25 123
30 14
92 95
40 53
20 80
3 26
61 86
52 74
19 96
35 119
90 118
81 104
14 5
43 8
118 21
51 82
41 30
47 2
122 116
121 69
76 122
89 41
33 95
5 60
4 101
65 16
60 127
39 125
66 95
98 23
63 16
69 118
71 128
59 41
84 56
109 39
89 108
114 139
126 131
31 136
73 69
128 81
5 97
28 93
89 54
90 37
72 128
73 113
98 33
15 56
13 3
42 137
56 22
16 139
111 108
5 28
46 97
91 46
11 122
52 38
126 36
71 115
6 59
53 127
35 106
22 137
66 91
68 48
26 19
52 131
126 51
3 138
100 121
34 63
91 2
49 95
116 50
51 80
17 76
92 114
83 117
91 61
129 36
47 127
27 106
73 39
26 91
46 122
13 117
18 139
80 0
116 72
77 89
104 40
52 66
85 90
62 73
25 136
69 135
42 23
77 66
105 5
60 88
1 119
74 134
84 16
101 74
75 11
70 116
90 129
65 69
65 25
105 7
109 95
47 83
105 10
33 37
97 93
53 2
67 85
90 104
16 80
56 96
82 120
121 47
115 80
123 48
103 37
9 91
5 84
117 3
53 66
30 128
1 121
74 109
7 10
111 46
17 31
56 101
27 0
92 137
82 14
4 136
103 132
17 7
101 68
50 29
18 47
100 10
68 62
55 9
10 115
85 121
34 10
7 82
47 33
793 27

20 74
92
0 47
5 49
3 15
2 23
8 31
12 27
8 69
15 23
11 53
10 73
6 2
2 55
11 34
14 54
3 14
17 57
3 70
9 48
13 5
19 21
18 7
16 47
6 71
15 45
17 20
15 31
15 72
6 45
3 40
7 36
14 50
14 27
5 7
3 55
18 45
16 51
11 38
8 73
13 12
17 60
9 51
9 42
13 38
6 43
19 63
10 21
12 5
10 18
6 49
14 26
3 69
13 49
9 30
17 52
18 16
1 58
7 58
1 61
9 23
0 8
4 44
6 30
0 56
0 64
14 54
12 52
19 36
7 57
0 50
19 20
0 45
10 71
5 17
1 25
1 7
4 19
14 5
12 73
8 54
14 19
5 52
2 51
16 0
3 41
7 65
6 18
18 64
18 48
16 37
11 10
7 15
13 65
1550 35

189 30
56
42 16
9 12
12 26
178 10
14 12
165 14
26 16
154 21
24 29
145 10
32 27
52 17
188 8
0 24
138 23
123 17
35 21
21 21
76 7
60 24
149 16
125 29
173 20
30 4
179 22
137 9
76 5
164 3
102 15
46 1
57 28
76 6
82 21
31 3
68 7
174 27
148 23
129 1
158 28
28 22
160 28
158 3
162 2
129 8
121 14
79 15
34 2
14 21
117 19
136 20
132 16
31 19
55 23
154 26
148 9
116 17
1524 150

135 112
24
114 60
86 38
89 45
22 3
30 52
101 84
75 73
132 111
47 47
57 36
99 77
82 47
48 81
25 6
23 56
116 58
28 75
45 84
63 41
3 78
43 15
9 9
27 53
77 39
1790 105

173 55
178
105 47
109 16
108 24
130 43
158 10
83 10
23 52
33 38
101 45
151 34
112 39
45 35
134 19
106 53
7 19
38 44
46 46
160 35
118 30
86 44
136 13
157 15
130 40
51 3
88 20
68 48
51 23
71 37
169 3
68 29
162 20
150 14
156 29
138 8
49 28
164 15
129 16
152 14
3 35
131 27
132 28
81 51
157 21
27 51
124 50
128 14
95 38
148 43
103 11
109 53
106 42
167 17
102 9
16 40
51 9
38 12
27 8
65 50
60 4
80 11
52 41
136 53
60 43
10 51
88 18
92 16
100 16
47 12
67 6
30 8
68 1
123 21
56 27
100 25
48 29
49 4
157 33
119 28
104 33
27 24
157 47
171 4
102 26
35 48
58 4
21 1
73 23
152 35
118 8
111 0
6 46
117 35
89 3
166 54
74 54
107 37
119 18
129 3
41 18
170 53
57 39
146 0
143 54
121 40
80 30
150 24
95 48
104 34
14 15
71 30
83 5
60 37
45 5
109 12
63 10
166 21
110 18
40 10
7 0
132 46
109 3
1 11
83 28
101 22
6 41
55 20
135 45
2 38
55 15
122 23
119 37
130 1
54 14
128 19
35 13
135 28
115 21
119 20
38 14
28 45
65 26
26 16
162 39
156 51
79 30
162 34
30 14
94 53
33 6
139 9
91 12
161 8
150 39
172 7
93 7
74 38
72 38
87 54
134 1
29 36
157 13
147 3
48 21
164 26
137 47
37 34
23 54
151 13
78 46
136 6
24 2
113 42
0 6
14 10
5 34
121 23
161 0
117 46
642 121

135 128
76
81 3
22 58
34 103
33 108
85 111
41 107
62 39
53 65
85 113
46 85
34 22
126 88
130 24
56 33
2 18
35 66
86 4
83 3
5 60
97 112
126 8
61 101
128 112
116 8
3 50
79 86
69 55
98 100
37 88
92 105
122 4
102 123
19 38
10 43
5 80
45 78
12 127
6 47
67 121
24 83
14 53
22 19
40 75
25 105
122 87
52 34
103 84
99 97
134 68
82 83
68 36
126 66
91 15
12 68
78 67
81 58
71 109
15 33
98 123
42 122
48 93
45 112
72 18
8 24
110 49
25 87
40 28
36 108
56 101
10 69
117 12
33 76
5 3
101 31
101 32
131 85
560 7

93 52
44
25 3
64 3
50 10
53 44
26 36
14 40
80 45
88 23
25 0
39 9
67 13
77 6
50 19
48 11
9 21
10 50
61 4
83 30
49 38
29 9
40 36
16 45
58 14
35 43
0 41
92 35
31 20
66 38
86 27
73 48
20 44
51 15
52 11
43 37
4 14
50 30
48 22
1 29
38 4
55 11
91 47
7 40
34 45
61 26
1582 192

113 59
162
26 5
75 38
97 46
55 37
49 11
68 19
88 0
4 31
107 16
0 46
57 13
54 20
6 9
57 2
88 51
90 22
27 45
5 57
17 21
20 14
26 9
99 20
14 41
49 45
106 41
1 25
64 51
16 42
90 14
108 43
105 32
66 54
25 27
45 8
79 17
71 12
22 27
34 57
80 6
3 5
29 0
105 20
39 54
89 24
61 52
28 38
38 45
89 35
19 26
61 34
53 40
111 8
16 1
112 15
31 52
32 11
73 32
79 17
73 54
71 43
94 22
81 6
12 3
6 10
74 52
112 22
57 44
68 8
107 57
95 41
100 1
85 23
3 57
76 35
12 55
45 50
49 6
37 12
85 33
11 12
37 9
22 34
6 49
102 28
87 40
25 38
23 52
65 10
86 43
29 42
73 5
96 0
43 32
8 8
111 23
1 41
3 51
2 33
67 39
93 46
45 20
42 57
70 15
53 5
87 38
111 38
29 8
74 25
47 32
72 58
51 55
104 39
6 40
9 1
5 0
88 10
6 11
72 14
27 42
50 7
39 13
91 30
89 42
36 5
38 19
87 10
44 55
53 3
110 36
28 17
68 5
19 29
85 25
89 52
26 24
29 52
88 39
100 2
101 43
36 14
100 22
30 5
90 40
65 2
112 7
110 0
47 31
68 57
76 55
35 13
63 9
104 7
98 35
59 34
21 10
71 29
64 22
53 4
24 58
48 45
29 23
52 35
173 66

7 136
193
2 60
2 36
6 74
4 33
6 45
2 55
4 129
5 76
0 58
1 9
6 92
4 5
3 81
5 93
2 60
2 106
1 45
0 118
2 43
6 111
4 9
0 54
2 131
6 125
2 21
4 77
5 84
0 14
6 41
4 39
4 121
6 71
1 9
4 115
4 23
1 22
2 124
6 110
5 15
1 115
2 95
2 34
0 2
1 26
2 133
6 72
5 78
4 122
2 41
3 70
5 111
3 108
1 50
2 23
1 47
2 27
3 126
2 89
6 60
2 48
5 98
2 33
1 88
2 7
1 61
5 57
3 65
1 3
3 76
0 73
2 20
1 12
2 12
3 37
1 122
3 46
5 12
6 24
0 9
0 43
6 72
0 73
1 38
0 65
2 56
6 79
4 116
2 81
6 124
1 131
2 73
2 94
4 95
1 4
4 108
4 45
3 94
2 56
5 104
5 94
5 98
2 32
0 73
6 74
2 76
1 79
3 9
3 51
4 66
0 4
1 65
3 130
3 6
6 81
3 113
0 115
3 92
0 91
4 63
0 56
2 11
3 98
4 107
4 124
0 47
1 36
2 117
3 57
0 91
4 0
2 117
0 98
2 106
5 43
3 98
4 25
2 89
4 12
4 107
3 61
6 64
3 81
4 96
4 106
0 20
2 64
3 55
5 10
5 24
5 110
1 40
5 98
5 63
3 55
4 52
0 135
5 57
2 23
5 35
5 44
0 100
0 47
4 127
0 95
5 106
5 44
2 32
5 68
0 19
3 68
6 106
0 112
0 126
1 99
6 41
4 25
5 57
4 89
1 16
4 96
3 13
5 53
2 21
5 10
4 33
3 20
2 69
3 71
6 81
5 26
2 21
0 21
3 30
1189 170

183 95
83
25 9
128 39
182 48
41 9
167 0
179 59
55 26
94 0
149 69
132 86
27 14
166 1
50 56
144 30
101 45
151 28
68 82
133 44
20 83
162 85
159 41
107 14
8 44
68 31
163 18
45 17
79 40
41 61
1 66
115 77
143 52
158 71
119 54
39 62
1 21
84 38
91 61
15 11
180 1
65 80
33 6
164 79
13 48
143 44
12 74
61 41
3 15
157 21
90 93
29 37
76 76
155 59
84 36
23 35
77 49
77 81
24 77
15 75
164 70
16 77
98 7
61 18
114 5
153 79
65 0
15 30
39 69
53 67
91 26
160 55
169 80
82 24
99 32
7 19
94 90
136 77
13 7
149 6
127 19
89 41
83 87
111 1
174 46
372 63

24 58
158
23 26
5 57
22 8
13 57
16 22
10 48
11 6
17 12
3 4
5 53
5 25
6 18
4 2
6 35
20 4
20 5
2 35
13 10
12 46
22 8
10 43
6 20
0 42
9 32
23 41
4 32
17 34
5 28
19 37
4 20
12 47
1 57
9 18
22 24
17 34
6 51
0 54
1 22
22 8
23 32
1 7
1 29
22 34
18 41
19 51
19 43
22 2
6 35
4 4
15 6
13 53
17 21
1 27
7 29
17 47
20 32
16 49
3 36
3 3
17 48
0 35
3 19
17 0
2 35
11 48
14 26
15 57
13 3
20 47
2 36
2 3
10 56
18 54
7 29
9 29
18 4
23 44
19 33
12 17
22 49
9 8
1 54
13 50
13 51
5 45
13 44
11 41
11 43
8 53
2 10
9 47
5 20
8 13
1 52
20 21
22 2
3 32
9 56
7 28
2 22
5 9
20 7
13 45
5 29
8 39
19 36
9 43
11 18
20 47
8 18
15 8
12 15
7 7
14 56
6 3
17 45
0 49
22 0
8 31
11 2
10 45
15 3
12 7
21 42
14 12
15 57
4 6
12 15
14 54
23 36
14 28
10 54
4 32
4 5
14 17
22 34
14 35
22 49
16 55
12 15
4 39
13 48
9 7
0 24
10 9
13 56
0 43
20 13
8 39
4 32
23 44
18 41
3 46
0 3
18 28
22 57
20 50
5 8
185 156

42 174
20
30 19
36 17
13 81
6 149
25 169
9 77
0 131
39 153
10 30
19 10
36 52
13 82
32 136
1 34
38 22
33 154
29 125
6 161
20 10
7 99
1521 61

29 120
90
24 26
8 67
6 60
22 71
7 29
28 115
17 41
24 7
12 24
4 104
15 51
24 62
4 45
3 118
0 64
10 3
11 8
7 96
20 39
19 44
14 61
15 82
12 108
25 2
11 19
18 58
9 40
10 84
15 48
16 88
13 45
11 70
11 80
16 117
10 53
24 52
21 69
17 29
27 67
20 85
13 115
14 74
23 81
4 98
26 70
25 98
8 16
6 85
17 96
19 52
21 84
10 15
4 56
11 74
13 42
23 34
28 93
28 94
16 72
19 52
27 117
1 89
3 69
9 83
21 119
6 8
15 28
2 81
26 17
13 90
14 22
1 48
9 19
5 45
11 41
22 61
14 101
23 21
24 14
15 56
25 13
3 50
2 77
22 19
2 64
18 19
3 24
16 86
5 88
3 65
937 114

93 25
127
68 2
29 14
50 6
29 18
62 4
11 24
85 16
83 16
34 12
85 0
82 23
45 22
51 8
88 1
63 21
64 11
49 6
54 9
21 3
7 0
9 13
5 14
87 1
2 8
50 11
87 17
91 9
59 4
10 7
47 18
91 10
87 18
18 9
64 0
22 12
20 3
5 2
76 1
61 14
83 14
29 16
18 1
75 19
9 4
57 2
37 12
83 22
57 3
38 18
91 12
21 20
51 2
77 24
4 6
51 18
32 4
71 20
92 22
21 13
81 14
15 7
60 21
90 20
41 9
33 15
50 0
0 22
84 21
50 19
26 3
78 15
59 12
73 1
63 3
70 15
84 14
6 8
61 0
30 7
43 22
38 18
26 6
59 7
53 24
58 14
31 21
83 3
17 1
89 3
50 15
24 5
74 18
7 21
15 19
91 3
1 3
22 11
35 7
90 7
5 12
58 12
79 0
46 1
75 13
64 11
3 2
2 24
38 14
65 23
28 9
0 5
15 2
74 7
66 11
29 19
48 19
86 1
51 13
18 13
26 20
18 6
67 23
58 7
0 11
65 22
64 7
16 10
1379 155

34 21
176
30 18
12 5
15 3
4 0
30 20
30 14
1 9
31 9
28 3
0 9
17 4
3 19
8 15
26 9
5 1
8 11
5 0
5 2
23 14
23 8
26 1
30 7
4 11
2 13
27 13
12 1
28 0
8 16
8 19
33 0
24 9
5 11
2 2
26 6
12 10
11 3
25 7
22 18
22 20
28 3
7 7
19 5
24 11
31 2
16 4
8 3
12 20
16 17
26 19
5 11
24 1
13 12
17 9
15 4
6 7
25 17
0 4
5 13
17 6
22 4
25 20
5 2
5 0
29 2
27 10
26 18
9 12
17 9
21 5
9 8
28 2
31 16
17 17
24 12
17 4
10 19
11 2
6 10
27 10
29 16
30 9
28 8
18 0
8 4
23 9
32 5
16 8
15 17
11 16
8 1
8 15
13 7
33 18
17 1
11 4
17 6
22 10
2 5
3 3
33 9
18 7
15 10
25 12
20 3
5 0
19 4
31 9
25 8
12 15
30 13
0 5
12 18
12 9
4 20
24 13
1 12
23 8
13 6
20 20
27 14
32 11
21 4
26 13
0 7
22 15
14 10
15 2
15 9
7 17
30 9
26 6
16 17
3 2
18 18
33 1
29 0
3 10
7 19
32 13
32 8
2 2
20 8
11 1
9 10
31 15
26 8
25 1
0 9
3 4
6 1
15 9
32 7
8 8
12 7
22 14
13 20
12 2
12 0
13 15
21 2
0 9
6 10
19 11
33 13
23 20
11 5
23 9
11 6
24 11
21 12
33 10
6 19
16 3
2 11
33 4
16 10
1719 148

96 54
86
44 14
94 40
58 19
46 30
47 39
82 0
34 40
14 33
92 23
46 26
22 37
35 34
53 52
48 9
88 0
90 51
14 23
32 22
13 22
50 40
35 51
25 12
64 25
76 29
5 39
19 47
62 4
43 35
69 25
30 43
92 42
58 39
93 0
29 52
59 10
60 53
9 24
42 10
76 9
39 19
20 28
47 48
87 5
61 23
6 2
65 3
83 4
27 18
71 40
0 32
11 1
44 17
61 0
41 40
36 33
31 33
36 53
72 2
39 50
43 20
58 49
3 42
29 11
14 43
32 3
53 49
43 22
14 27
38 39
5 48
51 53
82 0
9 35
85 9
87 39
55 52
2 42
73 4
77 35
60 18
88 15
95 40
93 13
67 33
82 5
15 16
855 144

95 186
123
85 142
66 0
0 47
38 95
61 19
80 120
44 22
69 114
74 125
30 107
29 121
92 167
1 156
94 58
50 5
6 94
84 44
42 142
47 86
22 36
85 122
68 154
16 16
39 142
40 136
65 75
4 178
14 23
6 46
7 75
5 164
72 42
73 12
3 130
68 171
14 81
53 170
18 134
66 6
28 122
67 170
81 0
43 5
55 58
64 167
68 149
39 51
32 98
26 134
56 148
22 58
47 31
79 98
68 109
85 76
14 155
47 11
24 90
5 93
44 178
13 96
83 103
78 88
72 57
52 2
73 153
41 38
58 22
48 79
77 37
85 151
60 108
26 69
84 97
82 27
18 179
71 99
35 168
15 60
4 174
57 31
77 46
59 168
53 26
41 6
21 24
10 39
47 76
35 13
87 64
18 40
53 42
68 154
93 143
35 55
24 148
62 121
36 74
79 67
52 60
47 32
91 108
22 134
32 28
19 176
18 97
89 108
19 106
79 71
34 49
51 128
78 111
5 128
60 36
51 167
50 142
89 119
6 161
85 178
18 26
21 158
48 52
79 159
854 128

96 61
122
53 14
16 7
48 39
30 5
54 30
30 59
49 8
62 26
6 19
53 13
13 45
29 59
21 42
54 30
39 14
58 39
59 32
49 42
22 54
93 11
30 24
68 9
3 25
33 17
18 37
4 5
58 15
16 53
54 19
88 47
25 34
52 3
30 24
86 12
43 30
83 9
42 51
1 39
10 37
53 10
39 5
73 23
46 3
87 39
74 9
78 14
52 29
13 38
74 11
14 54
5 45
90 52
90 32
70 59
83 25
53 19
1 31
47 42
35 14
43 28
29 36
37 43
48 29
80 21
74 37
69 55
77 3
42 45
18 1
65 35
37 28
91 56
93 0
8 41
17 53
28 30
89 17
51 37
27 20
3 0
88 59
68 44
52 22
76 38
87 3
94 52
71 19
70 3
56 0
55 17
65 14
9 17
0 11
7 40
65 56
40 60
44 30
13 19
37 60
34 47
71 40
57 42
46 32
15 2
80 45
61 51
15 12
87 30
56 11
5 55
39 46
94 54
61 30
40 45
95 12
2 57
31 39
36 2
39 41
58 44
25 3
67 0
401 97

131 13
64
31 8
64 12
72 4
19 1
124 0
4 7
86 1
78 2
76 12
116 7
51 7
67 12
116 8
105 7
126 7
106 4
90 4
14 2
107 7
12 9
85 12
58 2
13 5
69 5
37 4
69 2
125 2
70 4
26 11
114 11
109 10
62 5
36 4
92 7
99 11
71 12
48 3
6 8
82 3
66 11
111 10
51 2
57 3
27 10
19 11
106 2
54 4
120 0
75 2
70 6
26 3
94 12
99 0
63 11
78 0
84 4
21 7
48 5
45 10
120 3
76 9
26 4
63 1
53 3
851 119

146 62
67
29 24
98 1
9 52
79 30
22 4
57 35
140 41
66 33
43 23
0 17
92 41
74 22
85 32
90 10
70 37
139 5
93 7
139 34
121 0
52 29
139 51
52 36
142 58
117 19
7 4
25 12
68 41
40 13
133 61
124 3
30 23
129 0
136 15
83 44
3 36
20 33
7 35
76 44
73 35
41 59
131 33
128 11
128 6
49 26
139 32
48 12
70 58
140 30
132 36
43 50
123 52
94 4
21 36
51 1
11 23
69 47
54 32
96 58
15 9
49 24
26 10
66 61
60 59
79 53
117 19
70 20
101 7
1464 180

169 103
161
117 46
121 72
81 17
60 65
96 30
37 41
55 38
18 96
89 68
129 40
40 43
73 1
79 65
145 70
60 39
109 18
93 84
120 60
126 12
53 93
13 85
80 44
115 85
55 100
86 17
38 101
119 6
115 67
97 2
41 40
62 44
99 54
72 68
135 1
76 17
83 48
148 75
22 28
64 52
5 7
149 5
165 64
46 82
120 18
108 75
19 61
107 40
144 34
64 61
26 44
45 100
34 23
13 60
110 10
36 2
150 12
38 1
121 77
15 23
155 10
12 52
86 48
138 3
58 70
105 92
124 76
150 88
147 97
114 49
138 56
166 93
147 77
141 16
72 64
75 37
43 88
69 6
130 6
92 40
110 33
108 85
64 13
69 100
28 100
21 79
78 59
105 36
113 62
153 51
132 91
25 65
112 55
42 6
140 5
158 92
136 36
152 34
156 13
151 6
28 2
139 94
161 56
45 66
19 52
124 4
95 1
153 2
163 57
27 39
111 57
110 48
117 51
34 2
111 77
96 93
27 60
68 14
128 66
86 43
104 86
22 68
98 72
103 31
96 87
50 81
14 57
123 49
148 21
162 93
114 52
87 53
139 87
158 50
146 40
60 28
48 31
145 25
144 14
44 86
7 6
141 86
41 35
127 78
63 34
154 41
131 80
122 39
162 51
158 24
54 62
137 61
50 19
73 29
57 3
52 34
166 42
75 79
135 27
115 48
168 16
101 57
593 42

188 105
35
26 81
164 69
94 53
70 22
168 86
151 87
27 72
173 31
123 3
145 68
70 70
157 46
19 84
162 90
100 0
28 8
27 77
35 3
56 6
46 30
41 66
131 16
2 52
81 94
52 88
101 38
45 6
60 41
33 60
64 98
16 15
168 9
160 15
183 90
60 96
1650 47

2 126
29
0 70
0 78
0 45
0 99
1 14
0 2
1 3
1 84
1 52
0 17
0 83
0 7
0 63
1 29
0 106
1 121
1 113
1 26
0 79
0 122
0 83
0 74
0 59
0 72
1 64
1 120
1 103
0 18
1 47
180 73

43 158
198
15 77
0 152
38 51
3 28
27 7
1 81
5 32
36 138
23 137
13 157
14 59
12 59
42 25
4 131
30 27
5 23
17 77
9 135
26 127
0 123
39 80
22 6
26 20
10 89
15 37
36 11
32 131
8 153
22 123
38 149
3 44
36 5
25 87
36 145
40 94
6 38
33 1
9 68
22 151
1 46
0 86
2 87
17 9
37 5
41 20
41 18
14 33
31 76
24 8
38 55
31 109
16 56
25 79
38 6
14 102
17 31
13 96
30 54
14 85
24 41
0 112
32 150
18 101
1 153
14 88
22 125
35 115
18 135
4 101
31 11
21 133
27 141
7 35
20 107
0 102
34 35
27 123
13 124
10 27
38 112
15 86
14 10
22 138
12 34
33 53
4 32
42 132
13 35
9 22
28 47
32 64
12 101
36 73
33 13
31 143
23 141
21 38
18 7
38 113
31 78
6 65
27 14
34 31
16 130
11 32
38 145
25 51
40 53
34 18
4 151
24 101
31 105
2 136
6 157
14 135
40 73
14 152
13 90
11 37
2 151
21 157
15 115
11 15
40 93
14 84
37 28
30 61
6 135
0 97
8 85
41 57
41 118
17 24
16 13
19 129
31 151
34 118
28 144
0 27
32 42
13 85
30 141
24 133
24 134
26 18
16 11
9 76
18 125
14 129
21 55
14 6
23 101
10 0
21 48
28 144
0 154
29 8
33 144
34 45
6 134
15 139
40 123
32 3
26 93
19 62
23 90
2 156
13 152
12 119
21 110
13 129
15 100
21 56
8 76
28 67
23 97
27 54
21 79
8 22
18 98
13 92
39 111
11 36
17 67
40 96
35 64
4 146
17 114
32 17
3 36
1 64
39 132
37 10
37 139
20 99
35 59
19 79
38 58
160 166

100 68
188
75 43
9 26
43 36
78 46
9 58
39 19
23 52
94 7
23 28
5 39
99 34
36 44
85 5
84 8
12 54
58 64
76 6
18 22
42 17
28 50
55 32
53 26
26 18
80 49
57 42
35 41
71 55
81 64
66 47
79 15
83 21
9 57
39 41
22 24
46 22
42 60
97 27
73 32
39 7
25 53
42 9
11 59
37 21
80 45
67 53
59 0
40 34
61 7
3 33
42 63
10 53
19 28
46 8
6 61
58 1
80 67
34 43
82 27
56 61
95 51
99 16
13 46
70 15
91 52
40 11
36 27
50 27
20 19
17 9
32 36
4 67
62 16
11 51
8 6
95 7
82 43
37 16
86 54
38 36
16 5
67 10
2 15
59 59
40 62
28 29
36 54
94 19
64 33
28 15
91 32
62 4
34 64
7 24
53 56
66 58
52 12
7 48
56 38
45 66
24 53
97 19
82 14
20 49
4 32
53 58
22 42
89 0
67 56
30 58
83 8
16 40
89 30
46 67
23 15
15 58
81 57
90 13
46 65
43 62
41 23
31 13
84 32
9 61
39 11
42 65
63 2
79 10
81 46
46 55
32 33
77 25
11 16
47 36
66 40
48 25
71 40
96 14
21 9
38 41
72 39
78 59
1 0
73 63
6 33
2 15
16 19
38 67
65 44
87 19
78 39
52 58
10 47
49 48
46 37
64 59
42 9
70 50
20 15
83 29
12 28
5 9
72 55
76 62
18 9
3 37
84 65
95 59
13 17
94 41
87 15
50 40
9 51
80 21
61 16
45 57
53 45
97 19
64 41
24 63
31 2
47 12
80 47
55 15
28 26
43 16
30 49
76 49
46 53
1948 111

110 130
188
4 38
55 33
67 2
19 96
57 105
19 112
12 15
67 24
3 92
58 38
93 122
43 57
35 19
93 100
64 114
95 121
9 31
90 58
20 80
82 86
13 80
38 50
73 84
38 128
29 115
77 53
59 54
4 47
109 120
97 44
33 129
40 63
12 111
104 123
11 76
95 20
93 16
56 10
24 52
108 52
65 104
21 126
103 6
9 34
0 113
16 68
89 110
23 53
6 74
44 60
10 34
96 43
108 72
56 116
10 17
99 9
5 61
22 95
94 81
99 108
101 67
78 32
108 47
46 119
41 106
35 81
53 121
61 122
35 54
75 46
8 17
8 57
39 3
11 67
5 48
5 47
81 104
5 54
74 20
12 113
48 57
45 58
76 69
47 120
83 20
31 71
3 73
66 53
17 11
9 90
6 45
40 102
14 20
83 97
99 95
22 122
106 21
91 27
40 65
31 50
29 10
80 129
89 28
97 59
76 75
96 82
99 30
35 9
32 8
57 104
73 40
100 6
7 124
1 77
22 51
77 20
8 29
67 41
88 33
2 68
53 115
37 123
68 70
19 122
106 17
12 87
17 122
53 63
0 51
1 56
21 34
1 17
0 101
12 26
86 15
52 43
54 1
89 107
0 17
28 62
64 31
50 36
41 63
10 31
19 84
20 8
106 50
37 104
60 91
57 106
109 121
23 2
30 106
16 66
38 82
16 73
29 113
27 98
96 117
57 68
48 110
48 68
108 19
33 105
18 103
41 56
81 83
39 77
35 47
45 102
28 56
56 49
103 82
77 97
31 128
84 58
56 62
81 116
20 109
61 102
86 64
3 95
57 115
105 71
62 99
18 38
102 44
35 74
257 193

33 178
185
4 169
29 25
18 98
17 71
17 50
18 16
15 173
21 175
5 131
32 120
13 25
21 102
32 61
17 134
22 170
21 5
1 68
12 170
7 66
24 106
12 6
31 7
2 21
18 35
7 108
11 44
7 147
5 54
21 140
0 28
2 53
13 155
1 129
21 17
22 7
32 114
3 72
10 172
16 133
5 128
29 109
27 156
11 3
32 141
24 83
4 3
9 139
7 173
28 69
26 149
8 166
3 103
2 144
6 104
18 23
29 145
19 1
7 95
28 134
26 75
8 140
28 135
0 117
17 102
11 56
12 7
7 52
9 42
5 125
0 134
3 34
10 75
14 1
9 107
13 167
11 161
26 50
0 110
11 4
8 28
4 165
31 33
23 27
18 147
18 34
32 161
25 95
27 170
27 129
17 145
29 0
24 149
32 1
17 28
16 9
1 38
11 137
6 153
1 159
28 129
7 93
6 167
5 177
4 169
31 104
7 173
26 1
7 98
31 14
19 112
18 47
31 11
7 65
30 108
26 116
32 139
13 119
24 144
15 79
30 31
5 139
26 132
29 61
4 12
20 13
10 73
27 160
32 96
10 59
27 18
24 107
2 149
12 102
32 174
18 13
0 14
8 148
12 74
12 130
10 98
11 127
12 102
14 95
2 130
23 32
18 11
24 62
13 79
9 13
5 24
12 115
2 112
15 45
0 79
10 70
9 30
4 151
29 11
30 151
19 168
9 128
22 159
26 88
30 30
30 141
10 22
24 160
32 54
30 29
16 145
8 150
1 21
5 17
29 58
16 163
7 91
21 59
13 102
15 141
4 28
12 88
2 172
21 118
24 100
22 33
1055 87

127 137
112
94 7
63 89
44 63
9 17
46 112
83 76
38 117
3 1
15 103
26 20
0 71
51 63
73 95
1 129
43 82
72 49
1 33
93 127
55 51
94 1
85 51
51 46
18 44
88 57
77 74
74 35
118 40
2 53
65 28
30 45
9 105
57 126
19 39
102 51
88 100
15 116
20 88
83 14
32 43
49 33
33 56
78 53
16 34
87 92
64 74
58 78
86 60
37 66
56 127
71 46
51 12
21 112
0 13
103 57
89 16
126 103
51 58
50 22
10 13
9 125
107 29
109 60
2 61
85 66
54 109
50 4
30 79
19 125
106 50
30 50
7 71
12 87
16 17
3 64
110 77
26 131
88 43
70 14
18 70
64 83
53 47
102 13
109 57
7 81
79 57
24 111
30 79
100 74
4 96
117 63
94 109
106 54
8 44
38 85
48 92
97 28
26 12
115 87
8 23
71 103
72 124
58 66
26 108
112 120
84 104
19 25
61 32
16 43
0 125
30 54
58 81
35 104
1360 13

168 33
1
136 18
64 177

38 179
128
30 138
29 141
25 44
13 109
26 96
20 30
6 158
25 66
22 126
34 19
19 102
6 118
22 101
2 51
4 101
7 75
9 165
29 52
32 57
29 107
29 149
34 154
29 55
37 59
24 47
7 6
8 10
31 178
12 112
23 39
7 163
18 127
21 151
5 16
9 99
9 47
6 159
0 129
32 87
30 17
37 30
27 163
22 68
35 61
14 12
27 161
11 143
30 176
31 120
18 28
23 99
27 19
29 124
15 41
31 176
26 86
15 3
33 135
18 175
34 149
2 113
10 154
25 128
22 138
10 109
10 130
36 93
26 62
4 156
11 16
25 87
0 92
29 97
34 73
18 33
21 5
7 82
24 16
5 18
33 123
37 117
31 80
26 161
18 7
18 156
17 89
9 66
7 113
17 52
20 95
2 141
24 74
17 14
8 107
19 17
24 11
0 167
30 54
26 23
23 85
11 86
14 61
9 45
36 2
13 97
28 61
26 173
30 156
2 156
28 78
5 178
20 53
28 167
14 141
19 6
2 5
27 21
34 115
19 108
16 4
35 2
17 11
10 9
32 61
30 138
18 167
7 2
33 27
830 104

13 64
103
5 62
9 56
7 60
4 30
5 7
9 13
1 45
9 28
2 61
10 40
2 45
6 30
4 40
11 58
3 30
3 4
11 34
3 21
0 29
12 12
6 33
10 15
10 61
2 54
9 54
2 31
1 4
3 7
0 20
12 34
11 62
12 5
0 45
10 50
4 36
7 14
6 41
0 51
4 37
3 46
11 41
10 48
7 20
6 24
2 31
9 18
12 45
6 39
5 20
4 57
2 14
11 48
12 5
3 38
4 21
11 27
6 60
7 1
5 16
11 26
0 26
2 57
9 53
0 32
10 6
4 59
1 24
8 11
11 1
2 24
2 33
5 58
5 18
0 17
2 9
2 32
0 15
0 56
6 32
8 34
6 51
3 62
5 62
5 62
12 51
12 49
4 23
9 35
0 25
2 55
7 29
7 37
0 16
7 18
1 33
11 60
8 1
6 33
7 29
7 9
8 6
1 60
1 24
142 87

174 175
196
21 25
58 25
165 114
77 66
23 118
52 10
33 167
138 62
78 52
84 13
112 91
149 169
58 21
73 42
50 3
34 123
71 20
152 48
172 57
163 153
165 140
1 166
161 113
140 23
131 126
119 18
17 30
122 57
85 49
87 114
115 47
32 150
91 132
144 22
157 28
77 12
7 118
74 69
140 50
158 16
19 116
18 95
41 115
17 24
93 167
11 0
72 172
21 61
157 134
77 11
98 40
75 98
2 159
109 133
171 170
28 138
170 146
51 98
58 85
79 32
108 54
55 131
129 109
1 170
171 82
49 130
85 77
152 82
98 170
73 39
131 45
47 139
102 97
103 171
82 100
99 171
69 110
161 77
74 98
71 7
139 114
145 77
33 36
59 171
55 21
34 170
136 42
122 47
46 40
73 114
146 61
71 18
144 87
73 54
24 139
152 13
139 44
12 78
40 114
122 92
62 97
122 49
108 166
67 85
24 41
27 60
141 106
21 106
78 47
34 80
106 64
125 80
130 147
140 94
108 138
173 128
60 116
130 39
118 169
131 47
153 53
2 9
69 104
16 53
106 92
18 24
50 8
70 158
99 146
82 103
100 130
73 23
153 69
156 69
147 111
16 133
147 57
36 163
146 78
4 92
157 174
67 137
138 98
141 165
65 102
31 13
44 171
94 24
11 162
158 157
132 17
57 114
160 51
1 74
162 3
22 79
8 52
135 121
116 74
86 48
4 116
49 81
23 50
109 74
95 40
110 19
152 145
0 3
117 120
84 53
102 78
79 70
14 3
101 15
163 79
70 41
17 67
163 165
161 129
93 112
15 150
116 127
159 41
79 4
133 161
64 5
41 80
39 155
92 159
7 74
151 140
52 106
67 44
109 117
27 103
105 142
1462 140

184 112
126
129 67
40 18
37 37
54 1
2 82
21 102
83 18
120 27
171 62
12 88
14 54
63 29
37 57
123 40
61 11
127 0
132 83
75 74
11 111
149 38
106 22
99 12
164 26
164 74
124 68
90 61
72 85
96 67
147 3
85 40
136 49
145 25
97 14
19 28
67 40
97 45
127 36
161 57
79 92
98 1
128 38
180 108
101 95
35 55
22 57
21 34
71 10
157 106
114 80
140 5
16 80
94 103
74 0
110 43
178 11
36 83
99 18
28 63
31 63
66 7
39 75
131 25
130 65
66 53
84 99
95 111
13 78
177 17
66 107
3 98
132 74
164 20
39 68
118 87
47 25
81 59
76 26
47 110
178 29
96 54
14 107
12 72
141 70
44 60
0 49
147 67
42 15
167 109
110 9
93 14
134 20
169 2
139 55
150 36
130 102
158 94
125 64
102 81
36 74
151 85
100 75
70 98
124 107
97 81
35 66
123 54
132 45
140 66
138 3
28 99
179 96
94 14
104 23
83 13
173 78
95 110
82 109
51 76
77 45
53 34
146 90
23 25
31 5
9 97
73 110
155 6
1669 13

41 121
186
38 99
27 16
18 58
13 120
17 85
9 34
26 28
34 76
29 40
29 6
40 104
4 109
33 21
31 78
26 95
8 25
39 85
12 92
8 11
1 83
11 96
24 47
11 19
11 20
9 103
35 2
23 81
27 93
32 1
14 37
23 102
38 55
23 31
5 59
15 80
0 96
21 23
23 70
30 77
15 33
26 20
12 75
32 19
13 58
34 29
32 94
17 119
29 96
37 42
30 110
23 29
6 22
20 38
17 117
38 52
0 20
37 73
30 53
0 42
31 26
11 48
14 51
35 82
19 108
28 95
12 114
0 63
4 8
20 65
26 38
28 35
0 39
6 116
21 47
35 74
4 58
20 96
18 21
1 97
33 63
31 82
32 49
10 51
36 16
23 92
10 117
8 10
36 59
23 54
18 32
4 70
7 56
15 4
36 61
34 96
25 87
31 104
29 72
18 83
24 22
14 118
6 81
9 84
3 32
10 11
10 21
10 38
18 37
30 61
13 49
20 75
1 55
40 38
36 86
1 59
32 54
27 53
7 72
15 15
27 51
40 93
0 77
1 89
34 64
22 9
24 77
21 29
15 95
28 100
13 23
5 103
35 58
30 44
28 40
13 21
14 115
11 92
34 103
18 58
24 117
6 33
9 19
4 85
9 55
40 52
20 119
24 118
25 73
10 115
37 24
14 5
16 103
29 36
17 54
31 41
25 38
7 94
1 70
31 97
11 25
17 32
12 102
28 70
37 4
25 118
23 43
28 53
40 96
5 49
17 47
17 48
23 49
27 4
33 49
40 42
37 66
38 66
37 7
0 34
14 64
23 94
7 54
31 9
0 115
37 49
7 31
506 33

58 156
66
36 63
38 5
16 52
40 33
42 13
39 93
13 153
36 20
16 95
51 67
42 132
13 42
45 33
21 154
36 121
51 57
28 35
13 23
52 118
4 6
32 108
52 127
49 96
10 6
48 35
34 129
41 47
18 155
39 0
50 142
46 100
16 59
44 22
4 149
17 147
20 60
12 69
53 154
11 55
9 62
43 85
4 68
47 113
23 110
18 52
44 69
21 129
43 37
56 19
26 18
55 100
2 46
4 113
1 121
18 59
38 99
34 153
40 116
33 97
30 146
47 62
7 62
2 107
57 84
29 90
21 88
833 24

30 15
40
19 13
7 8
3 12
20 12
6 11
1 7
9 6
12 3
24 4
20 13
17 7
11 14
3 11
18 13
0 0
0 5
16 8
27 8
3 8
13 0
11 8
0 14
18 7
17 6
4 14
9 0
10 8
14 5
29 1
7 6
25 14
1 7
12 9
11 0
19 5
3 4
16 0
13 10
4 12
7 10
909 104

20 121
1
18 0
1930 167

179 1
123
15 0
28 0
26 0
33 0
105 0
134 0
80 0
101 0
85 0
90 0
53 0
98 0
40 0
118 0
150 0
83 0
173 0
170 0
28 0
71 0
148 0
24 0
166 0
112 0
98 0
175 0
111 0
45 0
8 0
106 0
119 0
57 0
100 0
172 0
84 0
119 0
99 0
139 0
154 0
17 0
129 0
80 0
121 0
100 0
49 0
11 0
64 0
62 0
162 0
92 0
91 0
7 0
156 0
63 0
37 0
110 0
166 0
60 0
83 0
38 0
168 0
4 0
45 0
174 0
14 0
65 0
0 0
18 0
37 0
88 0
130 0
123 0
102 0
80 0
74 0
107 0
43 0
96 0
104 0
0 0
85 0
3 0
119 0
108 0
96 0
129 0
159 0
155 0
82 0
13 0
56 0
88 0
131 0
115 0
0 0
75 0
9 0
61 0
105 0
159 0
130 0
133 0
176 0
21 0
9 0
73 0
17 0
60 0
105 0
111 0
87 0
100 0
152 0
29 0
1 0
26 0
49 0
53 0
178 0
33 0
132 0
27 0
57 0
804 154

12 59
42
0 41
2 43
8 23
4 29
5 18
8 48
0 44
2 29
10 31
8 40
8 36
8 52
6 50
1 10
4 57
10 28
3 36
8 52
7 37
8 44
2 36
5 5
10 35
9 45
0 36
4 36
7 31
11 45
10 53
8 33
9 8
7 49
1 8
5 0
4 26
1 14
10 32
11 25
4 0
8 7
10 0
3 30
1969 103

192 145
123
149 48
68 51
35 93
22 25
90 17
98 133
71 113
121 90
140 57
67 116
162 132
158 64
157 88
96 68
94 1
155 42
39 66
57 75
164 48
114 87
159 77
152 104
170 101
177 33
69 28
172 60
25 57
189 34
13 22
160 134
51 15
81 22
115 100
151 21
1 117
55 26
126 78
128 8
114 39
51 29
109 81
45 137
60 45
12 66
50 66
8 101
83 143
180 32
96 75
1 17
43 48
184 53
10 50
95 2
5 92
153 3
188 41
97 25
171 138
43 43
85 144
56 39
20 38
161 3
82 102
139 53
63 107
150 123
2 47
53 66
4 135
57 43
51 46
189 22
177 119
143 140
33 34
13 67
58 138
10 97
52 22
186 139
170 18
182 141
0 87
14 50
35 127
37 12
164 63
13 30
83 123
134 126
110 53
10 97
60 115
175 43
184 106
16 116
103 75
95 20
83 106
102 19
27 44
10 40
95 61
100 91
37 13
88 57
33 63
48 15
142 80
15 39
190 108
104 35
5 78
92 9
35 72
65 29
176 18
130 126
52 92
60 128
37 99
472 124

58 191
169
17 39
36 119
48 125
30 25
36 134
37 88
10 9
24 167
44 140
7 182
7 141
31 30
1 54
40 78
51 165
53 172
2 164
34 118
49 163
57 83
43 147
56 147
49 19
47 85
10 13
35 33
30 106
8 2
20 77
53 37
16 135
26 143
13 169
15 138
31 1
49 189
44 170
35 26
0 25
2 8
56 78
9 187
53 19
40 154
11 169
12 23
2 120
51 134
33 31
3 189
23 62
14 133
10 103
13 160
46 150
38 13
7 66
5 57
25 3
8 154
39 163
24 101
29 11
23 71
37 20
14 1
14 155
15 55
21 189
14 47
1 103
30 94
22 122
55 21
14 19
13 124
55 174
0 73
28 87
41 94
10 32
42 144
45 141
49 45
11 161
48 34
12 27
25 155
22 94
29 184
4 58
3 70
31 53
17 56
56 91
21 26
30 136
45 33
35 3
22 20
44 72
3 91
47 43
4 100
32 166
38 44
56 122
29 140
51 76
40 26
14 119
28 83
16 123
17 13
43 69
33 160
48 138
20 4
41 6
1 56
9 120
53 129
15 56
39 110
22 24
0 74
6 38
20 38
43 58
4 43
37 63
3 27
36 107
13 75
26 48
45 83
31 103
17 94
12 113
4 24
30 11
14 155
23 160
53 77
34 183
24 15
28 45
1 139
40 127
5 151
24 104
4 106
20 39
42 14
10 80
52 107
42 63
47 43
54 118
39 27
32 47
15 91
4 124
15 96
13 182
43 67
47 53
52 59
0 87
1382 141

146 176
125
76 135
101 167
135 67
20 89
85 89
112 114
34 117
130 28
62 119
38 5
46 45
30 31
45 81
22 45
127 152
59 101
86 0
82 151
124 47
15 31
127 67
132 159
142 82
79 6
108 133
94 166
119 110
45 14
61 157
28 84
72 92
126 152
60 4
116 15
111 108
108 146
9 73
72 150
5 76
10 135
80 132
47 20
110 100
9 46
134 90
125 80
16 170
99 109
119 86
108 175
122 95
133 163
43 79
49 99
81 156
89 11
86 130
43 112
72 101
136 63
22 173
106 113
29 128
27 147
104 101
83 113
106 175
53 125
86 164
53 37
108 67
42 165
74 168
136 118
51 50
113 103
27 95
34 46
28 130
70 86
8 4
64 17
72 82
98 50
85 161
120 87
72 125
115 13
109 131
39 9
110 30
83 4
51 50
121 34
125 84
6 175
93 99
86 129
40 82
131 0
6 61
106 94
10 101
108 134
53 163
82 141
133 160
39 95
140 158
87 83
116 123
128 107
6 54
49 103
105 9
42 116
20 35
60 48
142 35
69 119
3 152
7 48
75 149
92 57
43 78
1310 96