10

163 130
84
106 45
107 46
86 50
106 42
69 4
80 112
12 6
39 127
19 67
21 128
63 99
19 117
4 78
18 7
153 69
161 3
57 14
20 127
78 109
80 57
0 93
95 31
143 19
154 47
56 17
39 6
84 41
76 18
3 65
38 32
133 66
134 12
119 97
94 5
97 103
37 96
111 24
93 100
59 0
162 34
20 62
73 53
154 107
30 39
119 67
39 8
7 43
157 127
101 58
143 4
12 26
114 26
157 107
103 55
48 89
1 72
123 122
121 86
11 12
136 89
87 11
5 59
22 111
36 68
134 109
89 110
67 86
111 75
86 127
63 118
88 57
87 65
140 91
161 41
110 76
155 86
74 85
141 108
129 26
104 49
68 3
34 122
27 10
48 119
1025 65

31 72
198
11 12
30 22
16 60
3 47
9 66
6 20
2 45
17 28
24 26
21 60
27 64
25 10
1 63
4 22
9 34
2 46
6 54
17 51
30 16
10 39
4 50
29 46
29 13
1 69
17 0
28 32
1 60
27 40
11 28
0 50
20 0
19 42
25 0
21 13
9 44
24 17
6 38
10 38
9 1
17 69
13 43
29 59
23 20
16 53
8 71
22 59
22 15
30 5
0 67
28 44
29 21
12 25
5 60
17 18
21 30
10 18
1 66
1 6
25 62
0 5
16 34
0 2
30 48
29 4
0 11
26 3
27 58
12 52
14 51
7 45
14 0
23 6
21 31
30 66
20 70
2 66
17 54
23 4
1 0
1 0
17 44
12 11
1 11
25 50
29 22
25 5
28 55
16 59
17 25
28 29
0 16
23 64
5 55
28 41
21 65
23 49
12 23
0 14
11 62
22 27
14 22
10 8
24 59
3 25
5 56
17 63
26 54
23 17
23 11
21 21
27 8
4 23
19 48
28 29
12 13
28 70
24 58
30 65
28 33
11 33
19 19
30 14
22 32
24 62
24 41
16 71
11 0
23 11
30 26
22 23
1 49
7 34
8 24
29 45
30 59
15 57
26 60
27 50
26 16
24 4
5 15
2 36
23 30
16 21
30 39
5 67
20 62
30 9
6 68
21 43
2 50
24 40
1 32
10 50
7 10
29 52
4 40
3 51
28 10
10 25
23 10
22 62
19 35
8 66
0 56
7 15
5 19
5 42
24 46
0 29
28 53
24 19
7 59
4 45
10 44
27 35
2 46
19 24
19 31
14 46
26 21
25 28
11 52
21 7
15 6
29 5
15 7
26 65
23 61
24 28
2 2
13 48
8 0
25 0
13 35
15 25
27 22
30 9
705 21

156 21
124
91 19
90 4
151 15
155 13
140 9
110 2
56 11
23 14
113 1
126 5
18 8
150 14
102 13
96 10
116 1
15 12
2 11
116 18
112 17
52 16
19 10
2 20
146 4
144 16
150 2
33 20
111 16
63 12
74 1
154 18
58 5
1 4
44 11
99 18
153 5
125 6
22 18
23 8
7 19
9 14
129 4
65 9
137 3
1 19
61 10
4 1
9 1
34 12
118 19
97 17
0 3
152 15
154 16
108 12
59 0
91 17
24 13
104 20
103 17
7 9
123 2
148 13
47 12
92 16
88 4
8 17
36 3
117 11
64 9
4 11
68 16
98 14
72 7
115 13
38 8
98 6
149 9
81 0
64 2
22 16
106 16
23 4
3 7
66 17
140 3
18 13
80 19
5 4
60 15
144 13
18 18
63 10
6 20
134 5
89 10
46 2
103 2
47 12
79 14
66 15
27 18
91 6
113 10
52 2
70 6
91 4
118 16
148 8
2 12
56 9
88 2
153 15
73 11
107 11
49 2
132 16
82 1
83 3
71 15
106 15
90 2
57 10
140 14
146 19
1686 170

42 169
130
23 104
10 96
20 33
39 40
38 117
4 142
17 137
38 87
11 119
6 50
39 40
17 68
14 135
14 26
22 161
20 35
6 2
37 153
23 1
25 93
34 49
0 97
1 111
14 117
20 59
29 80
31 131
16 39
5 148
8 26
2 76
9 140
1 23
14 126
37 106
30 12
41 147
25 125
8 8
23 22
1 26
6 101
25 87
37 61
15 66
3 109
1 111
23 131
3 83
9 129
14 24
23 156
14 35
27 127
25 149
19 91
10 9
5 81
35 62
35 38
15 61
10 104
6 137
30 38
8 137
14 74
26 144
13 151
31 158
28 38
5 110
9 144
17 36
1 112
30 36
3 149
19 124
7 116
15 135
8 140
7 126
20 7
23 97
19 150
11 151
40 6
21 82
35 65
25 106
8 125
10 48
40 19
26 81
35 108
28 147
5 79
34 165
30 72
40 151
3 26
38 23
34 28
17 121
37 80
6 124
32 43
25 18
2 60
17 103
17 25
33 129
1 99
22 61
2 142
32 112
6 109
34 2
31 76
17 165
40 74
34 140
9 77
2 145
13 61
37 167
6 102
32 40
2 17
15 83
9 129
1309 178

39 100
72
9 34
19 42
19 27
21 7
19 44
7 57
13 60
37 59
12 57
0 15
2 58
28 58
0 31
3 99
11 9
3 87
13 11
1 7
27 89
32 66
22 81
12 60
10 19
23 93
0 34
24 3
32 36
26 17
35 45
14 54
24 91
11 67
5 48
32 57
13 96
12 31
37 74
18 45
29 90
29 28
10 14
7 68
23 83
16 49
31 18
13 24
27 89
4 38
14 76
21 11
36 23
19 32
2 14
1 82
21 18
24 22
12 48
22 2
0 0
17 57
8 88
2 27
8 39
36 26
11 72
37 88
3 20
2 14
21 66
27 84
6 41
35 98
920 166

13 135
19
0 19
5 95
4 92
7 12
2 67
10 38
3 80
0 39
9 31
7 71
12 5
12 55
1 39
12 44
11 31
6 59
2 103
12 18
7 89
1501 191

179 19
75
6 8
152 8
99 15
133 16
43 9
118 5
72 11
6 3
81 2
38 7
42 18
145 14
172 11
165 12
73 15
77 1
37 12
125 11
47 0
65 3
32 16
5 2
59 9
12 2
132 18
7 2
91 10
58 18
4 13
125 10
10 16
28 6
21 7
81 0
11 15
49 18
138 7
71 2
133 16
27 8
46 0
139 17
158 18
37 3
101 10
11 12
159 1
21 3
108 2
6 7
126 17
92 8
20 6
129 13
130 0
43 16
59 1
120 15
97 14
174 5
174 10
76 4
48 2
170 11
67 1
156 0
177 9
94 17
66 4
68 13
111 1
166 9
92 16
27 1
118 9
442 21

174 29
76
16 16
88 20
158 1
167 12
91 10
80 28
43 22
102 1
7 19
164 7
88 6
152 27
126 20
121 4
39 16
72 17
140 7
133 4
59 26
151 0
10 3
66 22
112 22
18 17
65 7
61 17
109 10
147 22
103 19
137 8
72 6
49 20
158 0
98 4
82 22
155 17
35 21
97 1
143 28
103 5
117 14
160 7
162 0
83 11
133 5
118 10
110 15
173 2
126 23
21 25
76 23
21 20
21 0
119 27
17 12
157 18
58 8
163 17
61 20
60 8
100 28
50 19
0 1
112 24
122 14
26 16
101 6
99 16
78 9
33 18
165 6
10 6
71 19
3 19
135 17
90 16
696 152

192 44
67
143 27
52 0
118 25
6 19
50 15
166 28
100 39
176 14
117 11
170 22
94 8
183 13
32 42
139 2
26 33
48 37
72 9
31 11
55 39
89 25
50 40
9 27
66 15
102 9
185 43
151 9
72 14
146 38
61 22
164 11
30 34
75 31
150 2
43 22
55 21
164 41
131 18
134 0
150 2
66 2
127 23
162 19
113 9
87 11
8 41
172 34
161 9
14 40
159 36
138 11
158 12
144 38
45 8
162 31
130 16
50 39
70 2
182 30
189 6
162 10
148 15
53 19
40 32
34 4
190 15
123 0
98 36
1869 183

51 128
47
19 116
25 108
2 2
7 103
3 104
15 69
49 122
33 89
9 68
3 16
48 5
11 64
29 83
28 97
32 125
29 46
2 25
26 13
14 101
8 102
1 44
30 21
35 5
8 24
49 100
10 106
16 51
37 110
34 69
40 25
32 31
17 65
2 58
48 19
19 44
8 8
21 0
21 119
28 109
23 110
47 22
31 29
4 113
49 26
7 11
9 12
1 44
1923 89

109 145
61
62 72
70 70
1 53
19 4
31 33
65 143
64 55
66 33
86 119
81 120
69 112
106 144
49 126
76 136
62 28
58 139
27 99
39 92
20 2
79 7
13 57
21 108
43 83
108 21
101 83
7 14
12 87
82 95
29 138
50 20
43 66
1 90
101 0
77 81
101 95
28 87
97 100
49 22
52 82
58 45
93 58
61 124
10 39
107 83
27 42
9 29
41 106
99 83
0 66
24 65
84 119
30 68
5 37
70 18
55 127
46 37
94 86
96 94
74 104
61 60
30 37
503 166

89 13
104
8 0
14 3
76 11
31 3
55 7
6 9
86 9
25 11
82 3
85 11
14 12
28 10
41 4
45 0
9 8
36 4
73 4
33 8
87 12
87 7
69 1
72 6
2 7
35 3
14 11
20 2
79 4
42 6
11 0
24 6
18 10
69 12
51 4
50 7
37 6
56 1
76 1
62 3
5 2
33 9
9 1
32 4
9 2
77 6
48 10
72 4
24 2
15 11
21 12
36 12
68 6
81 2
36 6
63 6
48 4
45 2
0 9
3 5
47 7
36 1
4 7
23 8
75 10
88 2
12 7
68 2
20 3
13 3
37 9
50 9
31 4
40 12
88 7
23 9
11 0
32 12
80 0
65 10
52 3
32 2
76 0
59 1
68 0
47 4
66 5
10 11
87 9
88 12
45 1
63 7
1 6
36 10
72 2
21 4
71 12
63 12
64 0
78 0
65 3
73 12
68 4
1 2
48 0
21 8
909 47

92 141
93
19 127
45 58
15 134
10 122
82 16
18 16
61 119
67 67
2 52
7 19
52 42
36 3
24 113
65 28
40 41
29 83
71 72
83 112
79 87
52 62
3 22
34 68
32 105
28 55
46 122
72 34
60 7
35 4
2 22
6 136
28 18
61 66
46 15
71 84
80 121
33 98
31 9
20 107
40 140
87 94
12 72
68 43
80 53
33 37
66 83
32 46
56 111
59 125
46 41
80 102
31 106
72 129
50 73
84 50
86 36
63 99
21 17
70 14
71 105
5 85
45 24
6 94
50 51
77 33
43 104
32 60
3 89
64 65
68 131
75 46
84 110
16 134
68 127
14 97
75 93
25 52
45 65
54 41
46 72
83 86
56 124
24 15
80 90
46 55
70 104
16 108
45 54
31 84
33 11
83 73
15 93
85 50
35 44
69 96

61 134
63
11 75
12 43
12 62
20 113
38 112
49 20
53 102
49 129
60 25
37 44
35 68
30 16
47 45
46 24
42 11
49 29
11 113
18 58
7 93
27 9
40 30
51 116
25 128
46 52
32 21
35 57
12 58
26 123
50 126
11 123
8 102
4 71
34 33
48 129
51 69
42 53
6 9
44 118
34 39
14 60
2 76
8 128
8 53
9 2
4 119
39 69
29 19
4 28
19 77
25 2
19 111
21 32
15 114
54 88
21 59
23 98
20 32
0 50
35 24
48 42
25 116
33 12
26 22
127 106

78 68
58
12 33
16 33
3 63
50 30
62 10
44 0
57 0
38 57
76 0
9 47
10 45
34 1
46 52
12 38
8 39
40 44
68 33
47 65
26 31
24 35
28 61
24 14
70 37
0 53
5 38
27 55
2 9
51 47
45 43
5 58
69 25
72 48
73 67
27 47
45 53
14 19
48 4
30 9
58 47
63 12
70 37
74 28
64 24
32 35
12 58
46 20
61 25
27 3
22 2
58 66
57 11
71 38
38 63
41 15
7 40
23 6
60 12
22 29
1337 94

107 89
42
93 29
68 73
24 38
43 66
87 21
36 21
60 4
105 87
74 25
17 32
58 33
26 51
97 87
47 63
3 40
86 44
81 77
90 12
38 13
29 67
61 78
96 11
14 71
78 36
14 56
69 57
5 80
72 20
100 55
59 62
24 21
4 1
34 80
41 20
23 79
16 3
68 10
76 59
64 56
84 2
6 32
67 2
652 129

81 198
46
37 136
10 131
3 14
52 139
29 94
57 131
53 116
41 192
55 87
39 1
36 102
61 159
13 98
15 196
40 53
66 40
45 127
9 144
52 30
8 164
70 48
47 146
36 11
61 150
7 194
44 118
78 23
36 52
36 53
7 65
19 39
51 185
21 42
33 57
59 132
61 50
12 50
11 86
79 101
42 39
79 103
79 159
14 197
63 194
40 115
77 188
651 126

153 96
2
146 18
50 20
1690 40

20 2
185
6 1
13 1
5 0
6 1
13 1
0 1
6 1
6 0
17 1
18 0
11 0
9 1
17 1
14 1
16 0
10 1
19 0
9 0
12 1
12 0
5 0
2 0
2 0
13 1
4 0
15 0
18 1
1 0
9 0
2 1
8 0
11 1
9 0
19 1
17 1
12 0
7 1
12 0
1 1
19 1
11 0
13 1
6 0
6 0
7 0
14 1
19 1
0 0
13 0
14 0
6 1
11 1
14 1
11 1
18 1
5 1
13 0
12 0
15 1
14 1
10 0
3 1
6 0
11 1
5 0
6 0
2 1
16 0
12 0
16 1
15 0
19 0
16 1
1 1
8 0
11 1
1 0
19 1
10 1
0 0
19 1
12 0
9 0
15 1
17 0
4 1
7 1
15 1
0 0
5 0
16 1
17 0
19 1
17 0
3 1
2 0
4 1
6 0
19 0
8 0
13 1
3 0
8 0
0 0
5 1
11 0
1 0
16 1
17 0
4 0
12 0
13 0
3 0
13 0
11 1
4 1
0 1
7 1
15 0
4 0
11 1
4 1
2 1
18 1
18 1
13 0
9 0
15 0
12 1
19 1
4 1
6 1
19 1
10 0
15 1
13 0
7 1
18 1
3 1
18 0
8 1
17 1
9 0
12 1
19 1
17 1
9 0
14 0
18 1
0 0
16 1
1 1
14 0
17 1
19 1
16 0
19 0
8 0
3 0
4 1
10 1
15 1
7 1
13 1
15 1
16 0
7 0
1 0
6 1
17 1
18 1
3 1
10 0
8 0
0 0
3 1
16 1
19 0
9 0
10 1
17 1
7 1
15 1
6 0
16 0
1901 127

94 120
107
54 69
29 1
0 77
92 30
55 95
5 1
7 37
92 3
16 37
60 39
54 98
53 96
75 50
63 11
83 84
84 16
49 26
65 83
89 79
73 114
52 42
82 90
8 67
40 21
1 26
6 104
93 13
31 112
41 67
47 6
40 38
36 93
4 23
21 0
77 97
16 20
46 56
77 115
59 78
21 8
11 68
15 31
40 14
75 33
79 37
88 84
45 62
10 108
29 63
0 117
49 97
91 88
61 100
39 47
3 2
55 52
7 24
65 77
2 84
46 17
49 51
81 110
19 108
72 19
47 34
87 8
87 40
29 115
32 97
24 34
69 70
21 104
8 87
17 114
79 88
49 94
70 76
8 21
88 27
12 54
52 2
5 66
73 76
90 105
88 25
54 73
13 64
70 30
46 0
21 23
47 41
9 4
50 52
35 41
68 47
4 5
50 36
1 105
91 81
3 59
9 106
91 117
55 40
36 29
48 91
83 0
57 92
828 43

123 151
109
44 82
49 0
82 0
68 72
57 85
95 130
117 108
65 91
50 68
13 123
53 106
93 129
90 110
84 61
37 91
82 123
13 28
52 77
64 5
118 98
97 1
73 141
48 72
79 88
48 123
116 117
30 117
48 60
48 77
84 6
51 132
113 118
35 78
72 53
28 26
25 104
51 104
11 111
6 110
40 45
88 26
108 137
78 134
45 12
82 143
5 143
35 125
27 100
17 40
103 35
28 131
30 118
74 35
34 150
20 96
19 70
121 7
90 67
116 1
87 39
112 126
119 101
55 18
18 134
27 131
63 19
11 39
41 114
60 28
21 31
30 12
47 111
64 84
30 30
76 91
58 108
39 114
119 22
30 138
16 110
88 66
38 60
67 49
30 15
97 115
122 60
12 148
68 21
104 87
16 35
104 140
107 125
116 124
65 3
61 146
118 109
7 58
38 134
52 74
75 104
97 33
97 16
101 95
19 73
89 100
101 107
19 16
76 141
26 148
1715 80

26 42
67
10 21
17 41
2 12
24 21
12 24
14 37
10 22
17 25
9 26
10 20
0 41
18 7
11 2
13 38
15 11
23 8
22 34
9 24
2 19
13 13
2 34
18 11
19 0
1 38
2 29
19 0
14 9
7 38
21 18
22 6
20 34
20 19
22 28
21 3
5 23
2 19
9 32
5 4
7 0
25 41
22 5
24 13
0 31
16 24
0 8
22 1
21 23
21 34
3 0
5 5
22 39
14 1
2 22
9 28
16 13
4 33
22 32
3 0
17 22
7 3
4 18
15 23
7 31
25 39
8 26
7 11
2 41
1401 78

153 146
62
25 111
28 48
50 16
4 71
25 73
52 31
16 2
109 86
86 76
47 33
22 60
91 124
40 32
24 0
58 34
32 95
11 62
72 76
144 88
78 73
58 23
138 45
36 38
78 93
96 19
39 134
102 29
119 144
125 28
12 129
2 109
71 36
19 20
92 138
35 93
21 64
39 53
88 31
5 99
96 103
77 6
139 131
73 140
149 66
129 108
5 100
141 121
147 82
117 102
84 35
132 10
126 120
44 129
128 33
132 47
101 5
136 74
127 105
15 35
48 12
21 98
132 58
673 195

151 9
141
150 3
94 1
31 2
96 7
114 5
126 2
91 3
92 0
65 5
133 5
65 6
83 6
145 2
96 7
138 1
39 4
90 4
86 3
37 1
4 1
72 8
127 6
12 8
132 0
133 1
53 7
22 8
15 6
115 7
79 1
89 0
51 3
43 6
89 4
70 1
121 6
101 8
81 6
112 4
96 2
142 8
39 1
25 2
93 3
44 7
12 0
7 2
106 5
100 1
43 6
42 2
4 7
44 0
98 1
138 1
37 6
12 5
118 8
32 6
48 0
54 4
64 7
114 5
110 1
41 4
146 2
26 2
19 7
107 5
66 5
141 8
85 0
21 0
23 2
132 4
22 1
52 7
103 3
148 0
24 8
4 7
102 8
81 6
139 6
70 5
36 1
135 0
93 3
55 4
111 7
63 7
67 4
19 1
6 2
61 5
85 3
92 8
115 5
93 7
123 4
16 8
35 8
93 1
64 4
22 7
131 2
68 8
130 7
91 2
77 1
39 7
43 4
71 3
142 2
31 5
122 6
41 4
144 1
141 8
140 7
61 0
131 7
110 1
97 0
143 8
86 1
124 3
147 2
121 8
61 1
57 8
74 6
17 8
56 2
132 5
93 8
52 4
95 0
77 3
87 1
73 1
1508 6

193 106
138
186 21
176 75
82 98
150 67
2 56
22 49
114 26
173 95
2 47
181 39
89 50
44 64
129 61
119 4
79 97
82 54
5 25
38 33
21 76
84 36
40 4
155 55
52 97
105 104
65 30
45 25
5 80
117 102
182 6
80 82
38 88
65 82
71 49
121 55
13 76
80 75
23 79
45 52
125 38
8 9
81 83
105 46
36 37
78 89
168 28
68 82
88 35
104 31
57 26
184 25
120 103
123 57
45 31
63 84
52 17
170 63
150 93
131 62
43 38
56 93
156 63
81 27
140 14
68 3
22 64
10 95
41 73
89 44
185 97
104 34
44 29
77 68
57 82
127 65
105 24
4 88
56 21
12 12
182 37
162 73
142 51
133 103
115 55
94 63
2 104
134 84
122 59
33 32
88 70
180 97
20 65
79 54
164 55
186 28
94 82
28 91
156 3
110 66
124 87
53 11
152 75
57 105
84 91
189 98
37 88
178 76
91 58
19 97
141 44
178 87
3 52
191 51
51 47
142 92
25 83
63 80
92 31
180 38
122 7
145 94
115 1
128 87
41 67
74 56
114 79
178 7
159 25
104 89
16 54
175 87
64 54
61 38
47 29
1 24
48 65
12 70
165 105
113 1
291 74

95 63
175
74 25
25 58
3 35
36 27
57 13
13 7
60 21
74 37
78 50
63 8
37 62
92 44
73 41
24 26
12 45
39 19
73 15
37 56
11 60
59 55
38 2
46 4
88 58
62 55
44 12
30 20
54 7
42 0
43 36
48 25
43 55
51 15
18 15
71 30
48 60
36 25
75 48
52 36
18 59
65 59
22 54
37 45
20 14
44 40
66 5
60 48
2 43
17 6
73 19
15 59
28 0
24 40
64 30
8 10
61 45
20 59
64 9
42 7
40 34
45 37
61 3
81 16
33 15
84 8
8 25
49 36
0 6
90 50
65 54
24 32
49 37
89 12
37 53
54 60
73 41
33 23
63 53
66 36
38 22
90 44
69 34
69 32
76 43
52 62
18 34
45 35
57 50
4 15
36 21
70 58
46 4
66 56
85 32
24 57
42 55
39 2
8 44
70 57
84 39
24 48
17 62
15 28
72 59
70 16
15 8
26 1
42 26
77 40
81 44
10 40
2 9
87 4
32 44
5 4
68 46
44 43
26 13
68 0
19 15
85 62
34 57
35 29
16 27
85 9
74 56
63 59
39 54
78 32
10 41
10 53
94 23
93 56
56 26
13 37
88 30
70 53
60 49
54 7
29 2
55 15
32 4
27 55
19 54
88 56
69 55
30 35
93 10
70 31
73 12
75 32
55 48
46 31
14 34
23 0
28 19
3 44
66 43
7 58
48 7
9 20
49 51
38 30
77 37
44 7
60 34
15 21
49 2
19 13
60 18
30 62
38 38
44 40
39 44
23 3
57 18
686 111

40 20
198
24 2
28 2
3 5
17 13
10 16
34 10
21 5
20 17
34 6
1 13
0 9
34 0
25 2
19 7
6 11
38 6
7 10
29 3
30 17
12 2
17 12
19 15
7 14
31 3
19 0
12 11
29 4
0 2
34 12
34 1
24 9
12 1
32 17
3 5
15 14
29 17
5 5
4 13
27 5
30 18
0 4
3 12
26 18
23 0
28 8
34 1
26 10
13 13
33 19
1 6
36 4
2 18
21 16
4 10
29 6
38 3
32 3
3 8
0 11
28 14
2 13
27 9
29 10
13 12
15 14
6 18
5 7
39 6
37 12
1 11
1 0
29 3
6 17
35 7
29 3
14 7
15 18
10 9
4 0
36 17
5 16
10 17
4 2
21 2
37 2
22 3
24 3
38 12
35 6
37 1
0 6
20 10
27 4
12 6
35 12
10 9
34 2
18 10
5 17
14 17
29 1
36 11
17 16
3 14
37 9
9 2
7 9
36 19
0 4
4 0
14 14
8 1
36 11
24 8
21 15
16 3
31 5
39 17
20 9
8 9
36 12
23 2
28 7
18 4
17 3
36 8
14 9
26 7
25 0
24 0
13 1
21 13
4 9
24 1
23 14
25 4
6 19
28 1
38 12
32 8
26 13
6 3
14 2
0 15
20 7
11 11
34 15
33 4
12 11
1 19
13 10
27 12
27 3
22 2
11 8
33 7
26 8
7 9
0 11
6 15
15 8
33 7
6 11
19 18
39 13
39 17
2 5
4 1
26 1
3 9
5 2
9 8
4 10
1 17
34 11
15 4
27 12
4 2
31 2
14 4
31 13
32 1
17 6
16 17
33 2
26 6
34 3
36 1
37 0
15 14
26 14
17 3
25 17
22 7
15 5
16 15
15 15
1 5
1292 32

67 45
181
40 24
22 32
23 10
64 41
4 7
29 24
11 5
2 44
14 30
18 9
58 38
59 18
15 40
59 3
64 33
37 6
61 34
56 18
27 19
11 33
46 4
9 30
29 21
66 13
45 25
30 40
40 1
39 14
56 25
16 29
64 27
23 35
11 31
16 22
59 17
1 15
30 31
57 0
66 4
61 2
50 8
21 27
1 10
58 15
57 25
28 8
52 0
54 10
3 37
56 30
27 13
42 34
49 39
42 26
4 3
50 9
44 4
21 20
63 2
50 43
11 21
61 8
34 10
43 18
31 11
48 10
10 44
12 17
41 11
45 5
65 16
27 24
30 36
23 26
60 25
21 33
5 28
65 20
57 16
64 38
3 30
7 17
50 11
25 2
13 28
50 2
10 26
62 4
5 9
26 18
34 16
0 40
41 12
54 35
1 3
39 12
4 1
63 15
15 23
29 21
48 5
32 1
24 38
22 35
57 4
66 29
61 6
2 1
6 41
3 4
41 41
25 26
17 20
56 33
58 4
28 9
17 36
51 7
11 36
37 15
0 6
61 3
11 39
1 2
65 24
5 41
55 9
64 5
39 16
63 34
39 18
17 27
45 28
34 28
41 11
52 41
37 39
61 24
8 11
37 44
23 37
16 16
54 29
41 7
57 38
59 24
53 5
16 3
60 32
49 5
24 12
35 4
43 13
35 35
41 32
0 39
48 6
28 33
31 5
24 29
50 21
38 37
42 1
5 23
8 10
64 35
25 10
11 41
57 9
57 20
6 30
65 44
5 11
3 20
56 37
31 36
3 10
19 10
64 23
33 18
59 11
465 192

186 40
177
102 33
183 5
160 33
179 5
90 27
58 23
143 17
159 35
39 38
33 22
78 22
84 9
76 23
10 32
62 32
163 0
76 37
67 36
152 35
88 6
136 26
159 23
168 25
53 5
72 18
0 3
147 38
26 23
101 27
39 34
66 29
158 6
85 21
90 4
150 14
91 5
18 22
59 8
74 10
141 36
50 5
110 4
55 35
59 36
33 1
121 28
74 18
162 10
171 8
137 6
14 7
107 16
146 17
6 14
79 30
169 37
65 39
29 12
167 20
66 2
163 11
31 33
85 30
26 37
71 33
107 4
27 22
1 26
94 38
56 19
79 3
182 33
83 34
87 24
88 13
28 6
121 26
58 8
56 19
108 14
123 4
138 10
129 31
59 13
126 8
146 16
143 6
46 8
102 11
74 21
164 17
133 21
81 5
70 28
104 22
13 19
166 12
138 39
114 2
175 26
184 27
173 15
147 15
6 23
163 33
155 37
97 11
105 16
142 31
116 36
0 12
130 25
126 39
60 37
172 24
39 4
7 37
129 9
33 1
105 32
110 14
151 36
64 0
86 20
119 0
142 28
12 25
45 0
150 27
179 10
180 20
81 2
15 12
117 21
81 39
87 17
128 11
50 34
169 7
50 25
167 2
134 20
137 14
28 13
116 14
67 11
148 5
181 7
3 28
10 32
69 3
37 33
1 0
163 7
163 23
110 18
120 5
64 11
52 27
167 30
36 35
130 37
8 14
123 29
99 24
34 11
102 31
142 27
182 5
157 5
109 10
110 23
76 29
171 9
140 34
16 28
142 19
1586 196

190 111
43
16 102
84 104
125 83
83 40
53 15
166 77
35 107
46 60
168 49
71 46
107 60
80 32
153 16
39 45
84 89
18 73
54 27
136 87
19 66
43 83
106 98
120 37
25 12
56 45
147 70
94 32
179 82
157 25
88 12
65 97
41 5
115 98
67 69
5 95
117 86
66 102
164 79
55 104
141 63
78 0
124 53
7 13
126 14
1474 120

35 141
33
30 120
10 48
32 111
0 73
11 124
16 25
31 18
8 95
11 106
1 54
15 58
34 6
25 124
22 45
32 10
4 8
8 50
11 51
2 110
25 101
32 106
13 9
25 45
1 59
22 131
23 34
19 139
22 126
34 41
33 120
20 119
11 20
12 67
1009 143

188 86
138
97 79
143 65
115 6
81 23
32 31
156 43
67 6
5 31
104 42
56 36
177 18
183 19
18 53
121 33
107 82
121 22
181 11
151 28
51 39
116 3
59 73
23 51
41 67
180 25
147 26
105 63
68 21
79 8
73 20
13 46
7 41
136 54
145 68
4 83
174 28
177 5
29 32
139 27
14 22
2 2
153 11
21 67
89 32
67 48
148 54
19 20
52 73
70 0
170 8
124 80
76 0
47 49
149 45
133 71
73 27
13 34
53 56
86 69
150 29
47 1
173 11
54 11
60 83
184 67
133 53
187 80
7 42
69 56
117 62
56 23
50 26
46 76
129 6
52 4
11 63
47 16
23 46
165 48
69 61
26 44
72 37
57 81
169 45
11 61
29 1
154 23
123 12
173 13
22 57
1 32
148 14
30 11
181 76
148 4
171 27
48 71
107 11
113 33
50 17
55 74
163 62
128 53
39 73
0 1
98 33
124 47
29 10
133 68
72 16
80 27
2 49
161 1
145 66
138 35
27 50
18 24
64 7
157 21
150 79
59 51
117 58
34 63
22 55
134 8
167 71
36 0
147 43
105 31
134 84
20 6
51 42
143 3
105 39
37 58
43 12
107 33
44 36
99 55
788 65

29 82
145
28 35
3 75
12 57
9 4
17 53
4 11
28 31
28 9
2 61
15 68
15 77
12 55
2 28
24 44
9 8
5 67
21 27
5 23
14 9
22 3
9 46
23 62
5 54
9 31
21 72
1 58
12 9
14 62
11 8
13 6
21 63
21 18
26 64
23 22
19 53
9 65
10 57
6 73
9 52
10 37
22 44
2 23
20 51
21 57
11 46
11 18
27 26
14 12
15 51
8 42
13 64
4 41
27 62
20 9
22 33
4 78
24 57
2 76
11 40
9 64
11 1
8 12
10 70
28 38
19 18
24 27
26 66
25 30
27 52
26 65
10 23
27 18
10 54
17 9
27 42
10 49
14 76
7 49
19 67
1 0
20 18
23 8
21 60
2 5
26 5
1 10
6 33
1 57
28 33
23 30
26 46
21 42
5 27
28 43
2 5
2 37
7 6
8 49
27 33
4 21
16 46
24 11
28 58
0 11
11 36
2 23
12 65
24 74
10 18
11 1
23 50
22 38
0 29
7 28
5 41
3 32
27 74
12 56
3 65
8 61
18 42
14 75
23 67
21 73
0 10
22 27
10 74
22 50
22 13
10 81
28 11
12 42
4 4
19 31
2 41
8 2
14 0
7 58
10 0
15 6
11 10
25 60
1 58
27 0
2 9
405 147

67 1
32
11 0
55 0
7 0
3 0
22 0
25 0
22 0
20 0
35 0
38 0
56 0
34 0
31 0
36 0
59 0
22 0
30 0
7 0
64 0
38 0
55 0
28 0
36 0
38 0
21 0
43 0
9 0
57 0
19 0
50 0
21 0
7 0
1640 164

40 56
105
26 20
34 37
20 14
31 21
1 26
14 14
36 55
1 53
35 31
30 13
25 11
17 47
23 7
39 52
8 8
10 44
15 25
8 18
22 14
21 5
6 44
36 50
5 36
15 23
20 37
9 29
10 26
8 48
24 55
24 5
33 22
4 25
18 36
10 33
36 10
21 36
19 49
12 2
28 36
37 19
6 46
36 28
36 17
34 33
17 34
11 54
21 52
34 52
20 6
20 53
29 42
16 30
24 37
39 31
24 54
16 9
1 33
12 1
21 16
31 3
12 16
33 44
21 16
19 52
2 30
31 32
28 33
29 42
12 31
19 7
22 55
37 43
32 28
13 47
10 49
11 32
14 13
11 1
38 20
32 43
28 33
9 6
16 23
2 19
30 0
24 48
30 47
26 31
12 42
18 52
21 42
25 9
19 10
27 46
32 21
31 22
6 9
25 8
17 31
39 16
24 20
19 38
24 34
0 41
33 9
1235 150

146 122
129
68 55
128 26
40 12
112 103
15 107
5 52
105 64
71 42
61 18
110 37
136 105
56 63
138 61
52 18
30 88
3 10
7 109
12 47
96 58
85 80
9 4
127 35
138 15
61 60
107 96
95 109
52 85
64 10
48 38
115 46
68 103
56 55
53 30
2 24
45 108
82 57
7 76
57 16
95 6
88 39
10 96
8 93
16 59
144 27
40 96
75 75
32 68
134 38
89 97
103 101
6 113
97 54
41 94
110 44
137 117
54 69
22 39
39 78
6 32
129 70
91 13
56 57
36 21
11 68
80 113
4 37
28 60
28 94
17 87
100 2
15 73
3 59
17 73
124 55
81 13
119 70
84 38
80 51
83 9
128 10
84 91
7 67
131 42
115 50
50 45
117 24
95 39
65 57
24 64
101 107
44 108
39 70
102 40
50 113
139 63
117 76
117 11
121 80
17 85
120 35
5 41
144 82
68 104
105 37
57 117
135 65
19 69
122 120
10 117
126 29
63 82
122 9
132 30
19 6
55 1
135 111
87 76
97 19
24 118
88 37
22 41
23 68
68 37
106 15
125 53
36 56
129 71
108 44
108 112
1625 127

120 71
30
114 35
58 2
28 39
3 43
77 55
58 42
42 43
114 50
108 50
4 69
16 36
74 58
50 65
31 54
77 64
15 34
27 29
46 13
14 57
5 36
98 43
5 51
112 68
74 63
28 58
72 51
110 67
32 10
37 31
45 42
1639 65

69 30
26
20 17
7 25
5 10
43 9
52 23
41 1
32 4
51 24
15 12
2 2
6 1
29 24
47 19
34 22
61 26
49 1
8 7
39 1
36 7
4 5
2 22
36 5
14 27
48 23
62 18
31 1
927 53

139 112
181
94 64
51 78
38 78
12 92
54 14
72 89
69 73
117 67
123 2
14 18
133 7
5 104
54 84
129 87
114 13
113 55
8 53
48 85
128 108
90 57
4 85
103 59
40 34
6 14
12 72
114 85
99 93
122 81
94 32
137 59
115 62
69 96
65 56
109 0
97 105
15 15
108 74
65 65
124 69
111 65
116 28
124 103
133 95
36 21
60 23
128 29
84 49
127 80
79 57
8 39
130 73
11 13
63 11
50 99
8 55
77 28
100 12
77 44
36 52
34 28
2 76
97 59
103 16
127 52
132 81
100 55
121 48
73 35
4 84
27 49
90 33
108 19
37 100
126 101
27 33
103 1
87 13
13 18
129 78
43 96
84 97
58 58
16 53
116 61
119 101
84 11
95 103
99 81
111 66
98 96
108 94
13 79
71 86
34 103
131 56
63 60
50 79
2 99
71 12
33 43
50 10
114 17
98 42
96 57
30 46
56 81
73 0
93 25
8 53
56 47
40 88
62 49
44 104
39 58
36 43
30 7
33 0
102 2
84 74
48 93
59 99
61 26
113 77
63 1
5 70
15 40
50 50
134 16
50 79
49 109
58 17
72 44
85 108
107 31
30 70
9 4
109 38
58 23
133 13
49 102
129 39
55 51
11 9
98 34
1 111
92 19
122 95
43 110
40 17
28 77
99 4
94 100
101 60
135 35
49 68
85 1
33 111
49 16
106 103
111 30
118 39
138 56
41 38
0 52
52 87
118 71
66 50
25 77
101 81
94 108
73 48
9 110
25 98
63 54
80 18
23 43
0 99
58 48
117 62
110 12
95 105
1432 116

94 171
196
30 11
12 12
54 61
85 112
2 97
84 51
10 149
22 168
48 4
36 39
5 22
85 71
75 147
0 52
42 39
61 86
69 91
5 15
38 103
56 165
71 54
5 13
69 140
9 154
46 3
29 134
0 117
7 126
25 71
35 73
88 90
85 143
54 87
4 28
23 36
81 19
35 24
52 151
6 47
75 137
51 33
62 36
23 105
82 55
8 27
51 166
55 101
85 109
64 26
79 138
21 141
35 10
75 131
74 61
45 73
6 56
53 24
6 157
79 30
3 97
44 127
26 86
66 39
71 141
5 93
7 37
86 25
24 9
54 142
63 22
82 79
11 22
29 93
1 165
19 85
4 20
66 126
58 3
9 15
3 115
6 162
27 121
74 81
72 131
68 13
32 111
36 124
49 5
9 66
12 143
29 46
48 26
16 110
53 113
5 164
78 123
92 69
64 0
85 32
17 61
9 103
21 128
9 118
6 34
43 153
11 118
4 34
46 137
82 139
91 87
38 105
72 163
52 55
83 16
53 38
34 78
86 90
27 165
80 78
4 27
63 85
44 47
33 121
58 166
65 24
12 163
57 49
16 161
24 58
24 2
29 161
84 29
10 127
49 165
43 97
32 142
47 128
89 34
80 112
88 62
5 104
66 115
20 14
28 48
71 15
40 98
90 98
35 84
81 145
67 102
71 5
58 57
79 38
55 75
66 75
69 76
24 131
13 17
37 10
2 159
34 153
66 152
21 94
15 157
25 117
90 125
75 86
77 66
89 5
65 105
11 78
44 99
63 35
92 131
77 142
73 149
17 48
45 113
65 18
76 144
64 140
14 50
27 37
55 152
20 92
61 1
89 72
56 93
66 7
17 136
85 136
27 71
41 91
61 81
7 77
78 156
101 127

157 150
197
151 38
38 69
84 100
143 125
31 75
38 3
40 141
51 36
19 86
6 74
102 85
100 35
36 64
61 21
144 92
42 121
112 21
100 60
86 2
142 90
19 72
101 116
50 66
128 81
156 148
3 29
71 40
156 48
131 84
67 140
37 3
66 90
2 44
103 144
86 27
30 28
0 142
28 98
8 89
32 8
121 78
62 87
92 34
141 59
90 134
0 82
20 84
82 87
100 110
53 108
97 50
39 31
122 39
116 8
128 24
24 124
149 93
63 109
72 25
65 109
138 59
30 145
47 126
139 116
132 123
44 27
142 41
91 20
105 79
71 85
76 94
78 136
44 83
110 17
16 25
57 99
138 117
69 82
30 67
66 119
31 135
74 18
63 1
41 141
77 145
1 62
72 85
115 20
101 47
149 71
132 92
92 100
80 23
54 16
98 58
42 146
128 22
80 24
51 35
87 103
121 126
27 6
82 79
22 105
94 62
40 76
133 18
40 83
2 91
43 115
116 142
155 146
25 104
55 41
147 106
13 18
89 145
128 18
54 82
116 95
115 37
84 48
13 89
22 134
35 51
52 1
142 49
7 25
85 107
93 18
15 133
108 71
149 107
128 139
20 107
109 103
78 84
62 103
76 120
26 72
119 14
61 57
127 76
108 95
36 143
58 138
50 76
32 43
45 71
143 54
28 107
70 1
144 139
38 94
99 127
63 57
55 12
110 41
141 129
76 19
88 111
136 22
7 126
21 146
98 145
126 109
99 73
82 23
155 8
95 99
127 69
26 85
156 141
41 133
27 65
40 116
55 26
51 19
52 41
141 9
37 52
46 28
77 38
19 93
1 67
78 54
31 55
133 21
137 57
100 37
63 95
139 36
131 92
118 87
101 17
98 96
140 86
989 52

132 114
24
43 25
41 0
62 45
91 27
48 59
35 11
108 73
113 49
122 87
76 0
41 3
1 50
20 37
58 91
40 68
100 46
10 108
128 3
109 34
70 41
21 87
34 71
35 107
28 88
1996 171

172 100
7
56 10
96 91
28 55
19 60
159 51
54 92
112 44
1024 59

141 176
155
71 132
33 108
92 172
136 155
53 84
109 15
72 1
138 107
23 54
98 45
62 71
52 22
22 141
51 39
21 102
78 116
22 22
115 47
98 39
74 173
93 136
96 160
27 38
51 135
39 113
46 13
139 160
70 65
119 170
69 14
32 107
45 164
66 119
48 129
98 72
112 148
137 106
99 73
60 173
99 166
31 166
21 45
122 102
78 101
59 55
113 116
4 141
126 93
123 92
125 3
69 76
27 152
13 153
32 65
71 113
129 130
121 159
121 125
83 149
137 88
96 97
106 109
48 24
19 147
20 91
116 99
96 171
114 138
64 0
29 38
121 139
124 99
106 0
6 15
87 144
134 166
72 107
68 157
64 82
23 88
30 158
32 136
131 38
31 88
125 103
138 121
56 11
88 161
123 174
71 154
128 162
117 126
90 160
88 68
138 131
19 112
109 63
83 39
134 69
87 174
85 61
33 147
6 157
116 100
101 4
132 138
129 36
55 10
140 16
4 23
128 174
59 171
63 131
70 52
120 127
77 49
65 89
28 95
128 172
47 155
29 51
131 160
60 86
21 31
11 58
19 104
52 50
19 92
121 71
43 117
79 52
121 125
117 27
16 156
87 143
89 160
66 48
106 161
123 95
48 39
31 45
98 86
96 156
25 2
50 159
114 85
35 119
134 16
29 71
105 48
24 27
126 30
36 19
85 109
131 172
1337 90

84 116
86
10 91
14 19
67 72
42 10
63 23
53 54
50 59
70 110
1 95
74 88
16 21
57 51
1 64
26 79
40 94
40 100
27 26
33 63
19 5
16 45
42 40
36 93
49 63
3 87
49 84
48 51
3 0
66 103
67 22
83 58
18 115
55 16
54 51
16 64
10 27
42 37
81 50
33 32
79 36
6 25
26 52
26 53
34 86
34 34
36 31
16 20
32 29
22 40
24 13
53 17
78 71
1 2
39 69
47 115
21 106
77 38
83 101
3 78
14 31
21 31
29 34
45 0
19 107
43 78
26 18
60 40
20 105
12 16
78 48
57 22
50 58
38 4
19 54
42 1
57 48
27 9
7 107
44 14
47 35
27 50
78 64
8 38
55 84
35 54
75 19
67 43
1026 161

93 111
142
56 9
57 2
49 44
21 48
54 109
35 20
4 11
14 80
63 64
31 6
67 75
74 56
51 91
79 32
2 0
48 65
87 37
13 104
69 100
28 63
88 83
75 7
43 95
26 72
13 95
75 15
47 52
56 9
36 54
20 52
49 102
79 96
82 53
64 35
52 3
34 102
11 68
90 21
24 109
47 48
24 100
71 75
76 10
18 68
87 62
59 85
3 92
57 65
79 102
32 98
29 35
57 90
59 53
50 63
53 95
22 17
27 2
3 76
66 70
19 63
32 6
52 93
72 16
67 38
50 4
10 29
17 85
78 62
2 49
62 50
52 82
39 62
33 50
8 57
24 37
6 105
78 32
55 6
61 58
59 102
90 87
13 18
90 3
78 15
20 38
42 8
3 77
50 22
68 9
60 47
81 8
24 31
59 36
35 107
53 63
32 98
10 80
89 74
42 45
41 22
2 80
0 59
0 109
67 87
6 57
5 53
76 28
2 104
37 35
54 82
50 89
6 87
80 18
80 98
89 37
37 8
86 73
35 26
91 11
36 54
24 67
54 40
13 34
1 17
18 95
33 14
5 56
78 20
78 110
76 75
30 0
7 37
21 96
64 42
48 49
43 40
61 0
73 35
73 80
84 27
84 41
20 60
586 96

85 68
98
66 1
20 5
19 29
57 48
37 47
26 43
45 23
28 40
50 6
10 2
38 1
64 12
40 10
67 22
45 13
83 63
19 35
0 46
28 51
36 37
18 54
32 67
13 0
20 28
30 47
3 37
58 54
18 63
65 53
44 60
83 44
18 66
28 6
77 59
61 16
29 55
74 54
17 7
52 48
3 22
6 61
39 22
53 15
58 36
9 11
84 8
48 40
68 42
16 19
28 39
4 41
22 37
70 16
62 34
54 49
65 5
61 62
36 48
55 16
36 27
65 27
24 26
67 56
42 13
42 20
73 35
15 67
10 56
21 7
66 45
41 42
49 66
36 0
19 11
1 23
52 54
19 59
1 43
80 61
14 5
6 49
28 58
19 64
12 58
42 59
30 44
51 50
71 41
4 65
12 35
42 50
65 5
49 47
22 19
5 17
69 14
35 17
50 51
1192 121

75 170
186
65 47
42 57
9 122
25 70
54 144
70 154
7 103
58 26
52 79
1 149
19 166
7 167
15 10
22 6
2 49
5 23
2 64
33 138
66 16
18 139
35 44
4 125
48 144
58 103
10 74
52 140
60 79
20 60
36 42
42 83
53 13
15 113
34 61
57 31
48 79
21 111
19 106
43 37
68 46
7 25
49 47
74 158
40 28
70 63
35 139
3 22
49 75
72 164
22 169
3 74
61 14
18 74
69 114
46 136
23 97
27 4
48 43
29 50
60 154
17 116
13 27
42 25
18 89
10 142
0 148
63 83
59 114
36 4
24 67
62 164
37 129
52 92
67 29
40 129
14 9
63 118
72 52
65 34
67 32
29 60
43 64
57 112
61 6
3 122
69 8
9 136
58 14
12 91
24 105
48 69
55 101
57 125
8 141
17 145
33 146
36 1
39 159
43 57
10 8
20 87
20 4
6 41
6 142
70 33
17 47
13 60
69 151
11 44
11 82
31 14
34 126
9 25
58 16
2 35
63 75
13 101
6 121
74 43
18 132
3 34
10 51
64 82
60 128
20 95
59 148
14 80
22 69
61 156
72 102
28 162
74 24
38 19
13 105
65 111
15 141
73 121
54 20
53 75
33 145
27 6
19 96
71 90
6 139
24 128
62 155
63 140
48 72
2 62
26 137
64 72
60 115
39 44
72 113
71 147
68 45
50 54
27 158
20 150
5 128
35 88
74 99
22 84
27 96
3 144
56 139
70 48
5 17
17 23
9 108
71 123
57 41
71 45
18 23
49 62
13 77
70 159
57 104
23 56
18 22
72 159
65 40
61 159
68 154
54 150
33 85
25 67
77 132

149 127
70
138 76
31 78
1 65
110 36
86 123
129 3
28 98
68 50
148 96
72 117
82 50
80 26
86 42
47 25
64 88
20 90
101 121
94 70
32 87
21 119
118 87
132 37
83 49
137 59
87 54
121 124
21 67
127 53
19 64
108 61
80 111
134 73
1 116
7 60
79 72
31 42
24 11
30 56
64 24
57 5
10 113
20 116
144 34
101 46
0 94
30 113
143 122
35 29
3 52
7 87
88 19
69 101
117 111
19 7
78 3
95 69
137 109
85 39
56 50
13 30
22 88
90 31
15 95
68 111
2 52
138 31
148 34
16 78
109 96
48 7
1744 171

198 144
187
138 12
0 116
89 132
46 142
164 48
15 24
87 130
110 62
2 9
140 103
63 34
109 10
172 29
137 93
83 25
160 96
126 64
129 11
106 131
71 136
116 35
43 78
145 60
1 4
95 6
106 23
53 32
108 2
82 4
99 70
69 126
189 11
169 59
118 136
107 23
73 67
26 74
70 96
37 137
7 133
130 126
71 4
73 93
93 33
16 44
66 20
81 51
102 115
27 93
188 74
131 15
180 87
115 34
76 40
117 60
76 63
116 102
147 85
27 5
28 113
93 40
159 110
96 99
140 69
187 4
6 17
29 65
190 55
94 68
194 61
61 62
93 23
4 17
154 46
189 64
100 93
150 90
167 140
141 141
43 46
147 63
185 25
141 122
12 137
101 67
32 37
73 138
169 78
88 70
24 137
131 81
72 10
7 36
193 57
103 93
27 46
149 29
133 72
184 1
88 5
116 37
121 29
45 116
145 107
45 93
60 94
118 90
146 35
89 119
121 16
31 75
115 28
42 36
173 17
173 97
108 130
27 73
180 111
164 44
125 17
179 45
178 63
61 33
152 95
69 16
180 50
97 81
123 118
23 110
116 40
191 141
126 114
37 135
148 64
126 121
57 72
106 40
145 3
104 69
81 59
93 69
156 101
116 48
138 51
196 47
94 89
114 6
141 44
1 102
3 83
75 55
128 123
104 135
40 138
21 68
125 141
84 2
74 47
144 11
135 9
39 83
57 62
175 12
124 46
196 91
147 6
36 137
128 109
94 126
21 66
20 132
105 120
193 56
143 130
7 97
94 23
80 96
101 13
12 87
25 135
103 42
171 119
113 20
72 124
81 28
83 40
48 63
1588 92