50

30 7
171
22 1
12 2
11 2
11 0
24 2
29 3
10 1
27 6
5 5
6 1
13 5
3 5
20 6
10 2
22 4
1 2
11 0
22 5
3 6
21 1
16 5
20 2
12 0
28 3
13 2
12 6
17 3
29 4
18 2
10 0
7 6
2 1
13 6
0 6
19 2
6 1
17 3
29 5
7 6
7 5
17 3
19 1
28 3
21 0
6 4
11 0
3 5
17 3
7 0
13 4
5 6
9 6
29 5
16 6
3 6
25 0
17 2
21 5
17 0
16 2
11 6
26 2
2 2
16 6
5 1
19 0
22 3
22 3
17 4
5 5
7 2
12 1
20 3
11 1
29 6
15 4
0 1
19 0
5 2
16 1
27 4
27 0
26 4
19 3
29 5
26 1
0 4
6 5
0 4
2 6
26 3
16 2
22 3
5 0
9 0
0 5
18 0
24 5
3 0
3 0
0 4
29 0
27 2
29 5
22 3
6 3
3 1
17 2
14 5
7 6
7 0
19 6
13 4
20 4
4 6
9 3
11 0
18 5
15 3
23 5
4 5
5 0
26 5
13 1
11 6
27 2
24 5
25 5
29 2
28 5
3 4
29 2
19 6
11 0
4 3
16 4
22 3
7 1
15 6
8 1
29 6
27 1
24 4
15 6
13 2
13 2
9 3
27 2
10 0
29 1
21 0
23 4
0 3
2 3
6 4
5 2
19 2
11 2
10 0
10 0
17 1
10 1
11 2
9 6
12 6
16 0
29 0
1 2
8 1
15 6
16 0
13 13

10 26
159
5 2
0 5
0 14
1 4
7 4
6 6
2 23
9 13
7 24
1 13
9 12
5 5
5 21
1 20
1 17
4 7
5 23
3 24
9 12
6 21
6 24
2 8
5 1
8 19
9 14
5 24
7 7
7 0
4 17
8 24
8 9
3 24
5 5
6 20
5 13
2 1
5 1
3 10
9 14
9 17
1 0
0 22
0 23
2 12
8 18
0 21
4 3
1 14
0 24
4 2
8 18
7 25
0 13
3 11
2 25
0 8
2 5
8 3
0 18
5 3
2 16
9 23
0 1
6 23
8 3
8 16
1 1
7 2
6 10
6 3
2 17
4 21
0 6
2 20
3 18
5 8
5 12
2 4
0 9
0 13
4 2
0 7
4 11
8 14
8 22
3 18
8 23
7 12
9 23
9 8
2 10
0 17
8 11
1 7
4 25
6 17
2 18
4 2
6 0
4 2
5 4
2 18
4 3
7 7
7 7
5 25
8 11
2 19
0 1
4 15
3 16
5 14
1 15
3 24
7 21
6 19
7 6
8 6
0 3
2 23
9 0
5 3
0 13
7 2
8 2
6 15
8 8
6 10
0 14
1 8
4 24
6 2
7 4
6 6
7 3
0 0
7 15
6 11
1 9
8 21
8 0
8 17
4 1
8 20
3 4
4 17
4 11
4 13
5 3
9 16
2 19
7 10
4 24
5 17
7 20
3 24
7 9
5 16
8 1
16 1

17 28
191
4 9
1 22
5 13
6 17
1 15
3 9
14 27
15 9
11 8
2 16
15 23
9 17
10 4
10 9
12 20
1 10
5 23
14 13
11 16
7 20
7 7
0 13
5 7
16 10
16 0
10 10
14 17
6 17
6 11
16 16
7 1
11 23
2 25
0 18
13 20
7 20
10 26
4 9
4 8
4 2
3 5
4 17
2 0
16 11
0 14
12 8
13 2
3 18
7 27
8 3
8 8
6 23
3 23
6 4
8 14
0 17
13 4
7 1
3 13
6 14
10 11
6 22
2 25
5 19
8 13
12 6
12 21
5 14
0 16
1 9
13 26
4 6
4 18
11 10
3 3
14 12
3 16
9 21
10 22
7 13
8 14
5 19
0 2
1 23
16 22
15 16
4 0
5 9
14 9
3 27
1 14
16 4
5 11
2 20
15 24
8 24
7 4
11 2
15 8
10 25
2 9
7 24
12 12
10 18
5 12
5 11
16 3
10 20
3 20
1 22
6 7
6 0
2 22
0 4
4 16
12 7
1 21
2 3
7 12
16 20
8 23
7 20
14 24
15 15
7 19
4 17
1 4
12 26
5 19
2 9
3 4
2 11
10 21
8 17
3 20
9 25
3 10
3 27
8 11
1 7
4 2
9 9
12 1
13 8
9 2
10 24
6 4
5 19
12 23
8 20
5 27
5 23
14 15
16 2
0 13
5 11
6 18
15 18
10 18
14 9
5 5
9 20
0 22
9 10
3 24
14 21
0 19
16 9
3 13
2 12
0 11
16 17
16 1
9 6
1 1
6 25
15 20
2 7
14 5
11 25
16 13
3 27
8 27
3 5
11 19
9 17
12 1
2 2
7 2
6 13
3 26
16 8

17 6
4
16 0
7 4
1 2
11 3
17 1

7 2
3
6 0
2 0
1 0
12 6

18 1
14
0 0
6 0
17 0
1 0
9 0
15 0
6 0
3 0
12 0
13 0
2 0
4 0
9 0
9 0
16 4

8 27
33
3 13
1 24
0 10
7 9
4 3
4 9
0 21
0 24
5 18
0 6
0 6
7 1
6 16
4 7
3 26
7 22
7 2
1 19
7 8
2 4
4 25
1 24
7 11
7 18
3 11
4 7
3 21
4 5
7 2
3 26
6 22
1 19
0 8
6 1

6 12
22
5 6
0 5
0 6
4 0
0 10
5 8
4 1
4 6
3 10
4 9
5 1
5 8
4 4
0 7
2 0
1 7
1 11
3 7
2 5
2 0
1 4
0 2
17 17

25 10
146
11 1
7 9
5 0
8 8
23 4
18 9
14 1
12 8
14 9
24 3
8 6
24 4
0 6
13 4
23 0
3 8
23 3
15 0
18 5
8 5
2 4
0 8
16 4
23 7
3 5
5 4
10 8
10 1
23 8
8 9
11 0
19 0
4 0
2 5
0 7
12 2
23 3
4 1
9 7
6 0
18 6
21 0
17 6
10 4
13 3
0 6
4 2
4 5
24 7
21 6
12 8
2 2
4 0
10 9
20 8
23 6
16 9
16 6
4 7
10 5
22 5
7 6
2 4
3 0
22 2
24 0
18 4
9 1
14 5
8 0
7 8
11 4
23 9
22 4
1 7
15 9
14 3
10 2
20 8
0 3
2 8
4 4
15 2
22 3
18 7
16 7
24 5
7 0
19 1
12 5
18 1
20 3
5 5
18 4
0 9
0 8
8 2
8 3
5 3
1 9
8 1
13 2
12 8
2 8
8 3
3 8
1 5
20 5
5 0
8 6
13 5
12 6
10 3
14 5
4 6
10 6
7 7
11 6
6 4
24 1
17 1
23 9
21 4
14 4
23 2
3 7
19 0
23 8
21 4
3 2
24 5
13 4
15 8
3 9
3 8
15 0
7 9
2 0
8 8
16 8
9 6
0 9
22 9
4 5
22 5
14 9
1 1

17 25
173
10 15
6 2
4 10
9 15
2 15
0 18
3 12
3 2
12 0
11 9
9 11
15 8
9 13
13 7
7 3
2 4
5 4
7 3
9 5
1 11
14 13
8 18
9 1
15 14
12 0
5 1
14 19
5 23
7 0
6 6
13 0
10 2
1 13
14 4
7 9
13 16
2 19
10 10
1 19
11 19
0 5
4 3
2 21
11 16
12 8
14 11
2 11
0 9
14 13
15 11
9 20
7 13
2 18
10 4
15 1
6 10
12 16
3 24
10 19
16 17
12 8
14 1
3 18
15 10
16 23
16 18
6 13
4 12
15 4
0 10
11 9
14 19
8 11
11 7
2 8
13 0
3 20
3 5
16 12
0 5
2 18
0 24
14 13
15 15
15 2
10 13
8 10
11 5
12 16
9 3
12 9
11 3
1 12
15 0
10 15
13 19
10 15
12 17
15 8
6 18
9 12
12 9
15 1
9 11
5 23
13 5
2 11
10 11
8 15
0 1
5 0
4 23
6 11
16 11
10 4
6 16
5 1
2 10
9 20
11 13
12 21
5 5
5 23
2 23
9 21
0 18
4 2
6 6
13 10
10 11
8 23
13 13
6 16
1 11
4 3
12 5
8 6
15 4
4 19
0 12
13 24
9 18
1 19
6 7
10 11
16 6
13 21
11 5
12 23
5 24
14 15
9 9
13 6
8 18
5 12
11 15
7 9
12 9
11 5
0 14
6 15
7 24
4 14
15 20
12 6
3 8
14 23
3 22
9 24
5 20
1 12
5 22
14 22
9 9

2 22
28
1 20
0 1
0 10
0 20
0 8
1 0
0 6
1 2
1 5
1 17
1 0
1 14
1 19
1 18
1 20
0 0
1 17
1 18
0 12
0 17
0 11
1 11
1 21
0 19
1 15
1 1
0 0
0 9
5 1

15 22
199
12 12
5 0
11 12
7 7
9 16
0 12
2 0
14 1
8 0
7 15
8 13
3 4
14 7
14 9
3 14
6 21
11 15
0 3
0 11
9 7
1 20
7 15
14 11
12 19
14 4
8 3
10 20
3 8
1 17
5 1
8 17
9 18
2 19
11 13
9 10
8 18
5 11
12 20
3 3
9 3
10 9
13 18
4 12
10 15
11 9
9 13
6 16
8 5
9 5
1 16
13 17
9 21
3 12
9 12
6 8
13 16
6 16
10 9
1 17
14 1
0 13
10 17
14 1
6 11
5 14
8 17
6 3
6 20
4 16
5 11
2 7
0 11
10 8
5 17
13 6
11 12
6 2
3 16
11 3
2 7
3 1
2 7
13 11
0 19
0 20
14 4
8 3
8 13
14 19
7 4
2 4
2 15
13 10
8 10
13 10
12 5
3 20
9 2
1 1
12 11
7 14
13 8
2 3
1 11
10 11
8 15
14 21
6 11
11 8
3 5
6 21
5 20
3 8
4 4
0 2
7 20
10 14
10 13
8 9
5 20
5 16
5 1
0 12
8 18
11 0
6 12
2 5
9 10
7 20
11 19
7 21
8 5
6 20
13 1
2 6
9 14
13 21
5 3
3 11
7 4
11 9
13 1
10 20
12 8
11 6
8 18
10 13
14 13
6 14
9 9
13 13
1 4
0 0
2 7
12 12
11 14
13 0
10 14
0 18
6 5
14 7
0 6
6 12
7 14
7 18
6 18
11 2
10 7
9 20
13 11
14 21
9 14
13 2
2 0
8 8
4 5
6 8
14 4
7 17
11 10
9 4
8 1
1 5
4 8
5 15
14 16
2 9
14 16
2 20
8 6
13 21
8 1
2 3
7 14
12 21
9 7
13 15
4 16
13 11
2 1

3 18
33
2 1
1 8
1 15
1 9
2 16
1 5
1 2
2 0
0 2
0 8
0 5
1 15
1 5
2 2
0 12
1 1
1 6
1 9
1 16
2 11
2 10
0 13
0 7
1 0
2 10
1 6
0 13
2 5
0 3
2 8
1 1
0 10
2 3
15 5

1 9
9
0 6
0 5
0 4
0 6
0 6
0 1
0 1
0 7
0 2
20 5

16 15
89
9 5
13 3
15 1
0 1
14 5
10 11
14 12
7 3
3 1
1 6
8 1
12 3
2 8
9 13
1 9
8 7
13 13
11 5
3 12
11 8
1 12
2 0
14 4
12 10
5 1
13 3
4 5
6 0
12 10
2 11
5 12
6 6
3 10
1 4
0 10
6 8
2 13
2 2
0 2
3 11
8 4
3 12
14 6
8 11
14 6
1 7
15 7
5 11
1 9
4 4
7 9
1 10
4 13
5 10
15 11
6 12
9 12
8 14
3 5
13 14
4 1
5 10
1 7
9 2
10 6
9 14
13 3
2 9
7 9
7 2
2 11
2 3
9 12
6 2
3 9
5 7
8 10
11 12
0 7
10 14
5 14
1 11
9 11
12 5
0 12
4 10
12 13
1 8
13 2
12 3

7 27
22
6 26
6 9
2 6
0 24
5 19
4 11
2 17
2 24
3 17
1 14
5 0
3 18
1 22
0 8
3 8
5 11
0 17
2 8
2 18
3 3
6 14
1 13
2 2

18 8
61
1 7
3 1
1 3
2 2
15 0
8 5
0 3
15 5
8 6
6 6
1 7
3 6
6 2
6 3
15 0
12 2
14 1
1 2
2 1
4 5
11 2
11 5
15 1
10 7
16 6
11 2
0 2
13 5
10 2
4 1
13 1
1 4
9 4
15 3
11 3
15 1
16 5
3 3
1 3
8 2
12 0
7 0
7 1
13 1
5 3
10 7
17 1
17 6
0 1
5 1
10 1
2 2
11 2
6 7
9 0
13 1
5 4
1 7
5 0
3 6
2 4
13 13

18 23
162
4 1
11 22
0 20
1 13
2 15
12 3
9 6
13 16
5 19
4 16
5 5
11 15
2 14
16 19
10 22
2 8
3 10
9 10
9 4
5 1
1 21
0 15
12 14
3 13
5 14
15 18
10 22
10 11
2 5
3 3
17 16
12 16
9 16
1 6
7 22
8 1
14 6
11 0
3 20
14 15
0 6
8 1
10 10
8 22
0 11
5 15
1 22
7 18
1 0
16 15
9 9
9 20
16 7
12 13
16 16
3 6
11 12
12 2
12 14
6 3
2 10
13 0
6 5
9 16
6 17
17 0
14 4
12 17
4 17
0 6
15 10
10 10
8 9
17 15
14 4
15 20
3 3
14 16
8 11
15 7
0 5
13 20
12 8
0 13
7 22
17 10
11 22
13 18
11 8
7 21
1 18
16 21
17 15
2 8
17 3
15 21
8 5
13 7
7 17
9 19
12 14
12 20
8 18
2 1
13 15
15 3
16 1
6 6
7 3
11 15
1 1
0 8
4 3
11 3
14 11
10 11
14 21
0 2
5 2
15 5
11 21
16 7
11 5
10 21
8 5
3 0
0 5
2 16
4 12
10 3
13 9
3 2
15 2
17 12
7 21
1 6
3 15
17 9
9 0
14 21
10 2
4 20
10 11
6 12
0 8
0 11
2 10
17 6
1 12
1 22
8 0
1 10
1 20
3 8
5 14
3 8
7 21
3 6
14 6
13 6
8 13
11 4
3 3

30 11
123
14 1
9 10
4 5
29 10
26 8
14 4
20 5
18 6
1 9
9 5
17 6
19 1
9 2
27 8
17 2
16 5
24 9
3 6
8 3
11 9
20 8
10 9
12 10
19 9
1 10
25 0
13 5
10 5
19 2
17 4
4 4
10 6
21 5
8 3
3 8
23 2
3 10
6 6
19 7
5 7
25 9
4 1
9 10
21 1
28 8
26 7
11 0
9 2
3 6
2 7
21 3
11 10
14 8
5 1
29 9
16 5
26 3
15 6
28 9
1 5
14 8
24 4
14 3
7 6
24 7
17 2
6 2
9 8
18 0
16 3
19 5
23 1
1 6
20 2
17 7
2 5
5 9
3 3
4 3
7 6
29 8
26 0
10 6
11 10
28 4
29 4
28 0
19 9
21 10
26 4
23 9
9 10
4 2
25 10
15 10
13 10
16 1
15 3
20 10
15 7
24 0
27 7
12 1
18 8
14 5
1 0
0 0
19 4
25 1
27 8
21 0
24 6
22 0
5 0
28 3
5 1
3 8
23 3
21 3
27 10
28 8
4 0
28 5
20 10

28 26
10
8 24
4 1
7 10
19 4
7 21
12 11
8 8
21 19
25 7
14 13
19 1

29 9
94
12 7
23 1
25 2
7 3
8 8
23 6
1 0
14 4
28 2
10 1
23 5
23 4
20 7
26 4
10 8
9 2
13 8
17 4
11 1
0 1
2 6
1 8
4 2
18 8
11 8
23 4
28 7
15 7
13 2
20 2
13 6
2 2
21 0
12 0
16 4
27 3
5 6
17 1
21 0
27 5
28 8
1 5
26 1
26 1
18 0
15 6
5 4
18 4
7 8
4 6
21 0
28 3
15 0
0 2
28 7
0 2
9 5
16 4
17 8
21 2
12 5
27 4
7 7
5 7
15 4
7 8
20 7
27 0
12 5
18 3
12 5
19 6
24 4
24 1
27 7
15 8
12 3
26 7
26 1
19 3
28 6
16 1
0 8
1 4
28 1
27 1
28 0
28 5
16 6
14 7
19 4
28 0
20 7
8 4
12 3

26 25
159
24 20
8 6
15 2
7 22
11 24
20 8
7 16
24 22
20 17
14 19
8 21
13 2
15 6
17 19
24 24
15 19
12 16
11 4
0 7
1 16
11 6
16 22
21 8
9 10
1 4
17 16
17 16
4 14
19 23
4 3
17 15
22 24
6 6
2 11
11 5
0 24
25 7
0 18
12 21
13 8
18 16
13 21
16 22
12 12
0 3
0 24
19 3
7 21
16 21
23 21
21 8
16 12
19 12
11 11
16 7
7 18
12 0
11 5
15 14
10 15
25 20
15 8
3 16
18 22
1 19
23 21
21 19
1 14
13 16
12 11
16 16
9 2
15 6
20 14
19 24
18 24
12 8
17 11
21 9
16 6
6 4
15 13
3 20
14 6
11 5
23 15
15 22
7 19
19 15
19 19
6 18
16 24
8 22
10 23
24 9
5 6
21 6
8 0
18 24
11 5
20 20
4 19
18 1
0 12
21 23
4 15
10 11
11 19
6 13
24 4
1 18
23 6
6 0
7 20
13 16
18 11
3 5
17 3
22 20
8 22
16 19
15 22
0 13
0 3
19 18
16 23
22 23
18 18
14 8
14 11
16 20
23 20
11 16
6 17
0 2
12 24
4 17
4 24
22 15
16 23
23 18
21 5
2 5
21 5
21 6
4 21
11 5
21 7
18 23
12 21
16 4
15 13
4 5
19 15
0 10
12 20
8 5
5 9
12 8
13 1

27 16
36
8 6
15 6
8 7
16 4
13 8
15 1
3 8
25 2
24 6
19 0
17 2
14 7
8 11
13 8
7 5
0 12
16 14
24 5
6 5
17 14
12 12
19 3
19 5
0 9
3 10
10 0
6 14
2 11
19 5
24 15
23 1
9 10
20 1
26 14
9 15
11 9
14 1

20 6
64
16 4
5 2
18 3
0 1
14 5
18 5
10 0
9 3
15 0
7 0
2 1
5 2
8 3
11 1
10 0
8 1
18 5
2 4
1 3
4 2
18 0
15 3
8 4
19 5
10 5
11 3
19 1
10 5
1 5
15 5
13 4
11 3
7 1
18 3
2 3
15 5
18 4
13 1
12 3
13 5
12 0
16 2
14 0
15 5
10 1
2 4
18 4
0 1
5 5
15 4
18 0
17 2
1 0
9 1
10 1
19 1
8 2
13 2
16 2
1 2
0 4
6 3
13 1
3 4
11 11

8 22
32
0 12
0 13
1 7
4 5
3 0
4 13
1 17
3 21
7 21
1 6
5 21
5 8
2 21
4 4
3 20
6 20
5 2
2 15
6 13
4 3
2 4
0 8
0 6
0 8
0 5
4 4
0 20
7 16
3 4
6 1
4 8
6 16
8 2

10 21
65
2 14
5 6
3 0
5 13
5 15
4 10
1 2
3 14
2 17
7 8
1 15
1 6
9 6
6 6
6 20
9 2
0 4
2 13
9 15
4 8
7 5
6 0
8 11
6 4
7 20
2 5
9 4
1 15
5 9
0 4
0 20
8 16
5 11
1 19
7 19
1 3
7 12
1 15
9 8
5 14
3 5
7 1
2 13
3 8
6 10
2 18
2 19
8 13
3 1
3 3
1 5
8 18
6 0
9 1
5 0
6 12
7 10
9 13
0 5
3 8
6 10
3 18
7 12
0 15
0 13
11 11

5 2
5
0 0
3 1
0 1
3 1
0 0
19 19

4 14
54
1 11
0 13
3 10
2 2
1 7
2 0
2 9
0 1
1 1
3 13
2 10
2 2
0 8
0 1
1 9
3 2
2 5
1 9
0 2
3 0
3 12
0 8
2 6
0 12
1 0
0 6
2 2
2 9
0 7
3 4
1 12
1 4
2 5
0 4
1 8
1 10
1 6
3 3
3 13
2 6
3 13
2 12
1 7
1 7
2 4
3 11
0 3
3 1
3 1
2 10
1 10
1 9
3 4
3 12
4 1

20 24
154
16 22
12 3
11 5
8 2
3 22
1 18
18 8
8 14
14 19
16 8
17 5
12 6
1 6
8 6
14 12
1 13
13 6
8 19
10 21
14 2
10 13
7 5
6 23
16 14
1 22
2 8
4 5
6 2
19 2
13 1
6 3
17 17
15 20
0 22
18 18
11 17
19 0
19 0
6 6
2 19
14 18
1 23
3 6
9 10
5 14
5 8
5 2
18 5
14 18
2 3
18 13
13 13
11 15
0 21
13 19
0 9
1 5
9 20
3 20
7 18
14 21
16 18
4 6
9 10
18 17
19 22
18 15
19 15
17 23
14 20
17 3
0 20
8 2
11 5
6 9
4 23
1 17
5 7
2 15
3 22
15 15
1 19
13 11
19 20
9 11
8 1
6 8
19 19
2 2
12 3
0 22
17 4
18 9
7 6
17 9
8 13
16 11
3 5
15 10
11 6
9 4
10 11
9 9
2 5
0 8
19 1
6 5
4 9
2 14
17 15
15 7
16 12
18 20
13 0
0 22
11 14
16 10
11 14
8 0
14 17
10 21
5 18
0 16
13 15
14 2
0 4
18 2
3 15
7 8
19 15
7 5
1 11
0 23
10 16
17 11
4 23
5 20
1 22
0 15
8 2
16 5
12 10
5 5
8 3
13 18
12 0
14 0
6 22
10 2
12 15
11 12
0 0
13 11
9 2
16 8

4 5
8
1 1
0 1
3 0
2 2
0 1
3 0
3 2
3 2
16 16

2 14
9
1 9
0 0
1 1
0 12
0 9
0 3
1 10
1 7
0 3
10 2

29 2
12
9 0
17 0
2 0
28 1
14 0
3 0
22 0
16 0
15 0
19 1
20 0
18 1
12 12

10 11
24
9 10
1 10
7 3
5 0
1 9
6 0
1 4
7 5
5 8
0 6
5 2
5 8
4 0
8 2
5 8
5 10
3 0
3 4
9 8
4 10
2 9
1 8
1 9
3 10
11 11

30 1
19
18 0
17 0
5 0
3 0
17 0
27 0
23 0
0 0
29 0
3 0
12 0
5 0
6 0
17 0
14 0
7 0
0 0
1 0
27 0
2 1

3 3
2
2 0
1 0
12 2

29 10
69
10 7
27 1
27 5
13 0
8 0
9 0
18 2
14 3
21 1
11 3
22 9
21 1
1 2
16 2
10 3
28 2
23 3
22 6
0 6
3 4
10 4
15 3
16 3
14 5
15 9
8 5
1 8
18 9
22 3
25 3
6 6
5 2
16 7
11 0
4 6
0 7
15 8
6 8
24 3
16 4
3 4
10 8
27 9
22 3
10 2
4 4
10 0
4 5
2 2
12 2
5 3
7 5
7 6
4 4
21 4
13 3
2 4
4 2
6 9
19 6
24 9
15 2
15 5
3 3
8 7
4 3
28 9
13 8
14 6
6 3

17 27
169
9 13
13 9
5 12
8 26
8 14
11 6
12 24
3 3
13 26
11 1
11 12
4 1
8 25
3 8
6 25
15 22
7 6
13 9
10 7
11 2
15 19
15 9
1 8
11 4
0 13
11 17
5 18
11 9
7 2
4 23
13 1
7 23
0 12
2 8
14 10
10 1
15 2
2 1
15 19
8 15
4 0
9 13
0 13
13 17
11 19
10 24
11 5
12 11
8 7
12 4
15 9
7 15
14 6
2 12
9 20
9 23
2 0
9 11
3 8
14 1
8 11
0 18
1 11
9 14
6 7
14 26
13 3
7 10
2 6
10 13
7 22
1 8
5 1
4 25
8 25
0 12
14 20
4 3
3 17
10 4
0 23
4 25
14 16
13 6
3 16
10 9
10 14
4 10
5 6
9 11
2 9
7 25
10 13
1 14
16 11
11 19
11 22
10 22
7 12
13 19
0 1
5 19
0 1
4 6
14 25
4 6
1 10
0 17
4 17
2 22
13 19
10 1
13 19
13 23
13 6
12 11
13 17
3 3
5 20
1 12
15 18
2 19
0 19
0 16
15 5
8 11
6 8
3 19
14 22
8 15
5 15
3 0
7 0
8 12
12 5
2 10
10 5
7 9
15 12
13 12
6 12
13 24
10 20
16 17
6 11
2 22
9 21
12 7
16 15
15 24
5 19
3 19
10 7
8 26
10 21
4 11
15 0
11 23
13 14
16 2
14 4
13 5
10 9
11 22
9 17
10 0
5 19
10 9
2 4
15 3

18 27
72
4 12
16 23
10 24
9 26
10 17
8 7
4 11
0 8
11 14
2 17
1 24
3 4
7 26
0 0
2 26
3 25
1 3
8 26
2 13
4 12
16 9
0 23
16 2
9 21
17 16
7 15
2 3
10 22
8 21
7 1
17 0
0 12
5 9
11 11
2 13
3 19
4 6
7 11
7 14
13 12
8 8
15 8
4 15
4 10
13 8
3 5
2 11
2 14
6 19
11 24
1 5
13 4
4 21
10 25
9 18
12 24
1 13
8 6
15 6
10 17
1 13
15 21
10 10
10 21
9 22
15 0
15 0
4 14
16 25
7 5
11 8
1 24
18 2

15 2
6
9 1
5 1
5 1
12 0
9 1
14 0
6 1

1 1
1
0 0
15 15

4 17
8
3 5
2 12
3 14
3 10
0 8
2 13
3 4
2 9
8 4

27 15
138
16 11
20 11
3 14
3 0
23 6
5 13
25 1
26 11
17 5
6 13
17 2
7 8
18 7
2 4
20 0
12 1
15 13
24 9
15 12
17 10
22 3
0 11
19 10
17 11
19 5
24 3
6 1
26 6
25 1
0 13
17 12
0 11
14 1
21 3
10 7
12 13
20 8
1 12
3 0
21 13
22 13
20 7
14 3
7 1
13 13
10 8
13 0
7 12
26 0
21 9
14 8
3 14
3 7
1 10
12 12
3 3
17 4
0 14
13 6
18 4
18 3
10 13
2 9
0 7
25 8
18 14
16 2
20 8
0 6
25 9
22 11
15 3
23 1
0 8
4 1
23 9
19 12
22 4
0 13
22 1
11 0
9 12
3 14
25 6
18 7
20 1
17 1
20 11
4 14
19 2
8 0
3 6
13 2
22 3
11 10
5 6
14 8
15 6
19 10
22 3
10 3
12 3
22 14
21 6
24 9
5 1
16 5
21 3
9 11
22 6
24 6
0 8
9 4
26 7
5 9
11 11
21 3
20 7
0 14
16 9
0 4
18 5
8 2
3 4
25 12
22 3
23 12
3 1
18 9
13 4
17 8
21 13
25 14
12 11
25 9
25 4
3 5
6 0
9 3

12 6
5
10 2
6 0
0 0
1 1
9 5
12 1

4 14
22
0 13
3 4
3 13
0 1
1 7
1 6
1 2
0 8
3 3
1 4
3 2
2 7
1 5
1 5
0 13
2 0
0 1
3 8
0 13
0 5
2 12
0 0
1 1

15 22
76
5 0
7 2
10 0
11 2
4 9
0 18
0 2
5 21
8 4
13 21
12 20
11 11
6 17
7 14
13 12
2 9
1 18
9 4
7 15
10 8
3 2
10 19
5 14
14 0
5 9
4 19
8 16
11 8
13 18
13 8
0 9
13 12
4 4
7 5
4 1
6 14
14 14
3 8
1 19
4 15
3 17
14 0
2 3
11 6
1 17
13 19
7 16
7 15
4 14
5 2
12 19
9 0
6 5
11 1
10 19
3 15
10 16
13 1
6 4
5 21
0 5
7 11
1 8
1 14
8 1
8 6
13 19
4 2
10 19
12 21
10 9
1 5
2 15
14 7
6 10
7 21
15 15

13 6
5
0 4
9 2
6 2
11 5
6 4
9 3

18 2
28
12 1
7 1
15 1
3 0
7 0
11 0
10 0
13 1
4 0
9 1
0 0
17 0
13 1
4 0
4 1
6 0
9 1
10 0
5 0
6 0
9 1
10 0
3 0
11 1
11 1
9 0
8 1
10 0
10 10

18 11
59
2 6
10 3
5 10
0 0
11 0
11 10
9 5
6 5
12 3
11 7
2 8
1 4
0 7
15 7
7 6
15 4
15 10
5 5
8 0
7 9
12 9
11 10
17 2
10 6
6 0
10 10
16 0
11 8
3 3
1 6
8 8
4 2
6 1
3 0
0 9
11 5
1 1
12 5
1 1
7 6
2 5
15 9
1 1
9 1
9 3
6 4
4 1
16 6
11 0
9 8
1 2
7 4
11 5
16 8
13 4
4 7
3 0
13 0
1 2
2 1

3 11
28
0 5
2 8
1 8
0 3
1 1
1 2
2 1
1 8
0 5
1 8
0 5
0 8
0 10
0 3
2 6
2 0
1 7
2 3
1 4
0 9
1 9
0 9
0 1
2 10
2 4
1 1
2 7
2 4
10 2

19 27
158
12 15
17 5
4 12
15 13
15 4
8 12
7 21
13 10
7 6
0 16
15 2
4 17
17 24
4 3
17 18
7 24
10 13
11 18
10 17
1 8
5 8
5 3
17 24
1 20
4 24
12 22
12 1
9 12
8 7
12 10
6 12
13 24
5 9
2 16
8 15
14 5
10 10
4 0
2 3
8 20
12 9
16 7
8 16
3 17
9 12
17 0
18 0
0 5
6 3
6 2
8 23
3 20
9 10
13 10
15 2
6 4
10 18
17 6
1 25
10 15
13 4
18 24
16 0
12 23
10 16
11 15
2 8
13 9
12 11
8 12
11 12
11 17
13 8
17 21
12 20
13 14
7 26
12 6
0 6
11 22
2 2
8 25
17 17
5 15
9 20
5 25
1 12
3 19
7 6
15 14
12 11
11 25
8 24
4 23
18 18
0 1
14 8
16 3
1 10
14 2
8 8
3 10
13 23
13 14
4 26
11 11
7 18
2 23
14 2
9 21
17 1
3 7
5 9
15 22
3 5
6 4
7 14
12 10
12 13
4 13
12 24
14 20
7 17
8 11
5 6
13 9
12 25
17 11
6 1
3 25
12 19
5 24
7 25
8 16
12 10
0 23
3 22
3 0
17 18
7 20
1 19
18 21
5 8
12 17
12 25
7 25
13 2
4 8
11 5
11 9
4 3
2 16
1 5
17 11
12 8
14 0
14 12
9 3
6 1
