50

3 1
3
1 0
1 0
2 0
13 1

18 5
75
7 3
11 3
4 2
17 4
3 3
9 0
14 4
10 0
5 1
7 4
13 1
12 4
6 4
9 1
6 4
0 3
16 4
1 2
17 4
2 4
4 1
7 1
16 0
1 2
3 0
5 1
12 0
6 3
11 2
16 3
11 1
5 0
15 1
6 0
7 2
3 2
14 3
17 1
8 1
1 0
1 3
16 0
13 3
16 3
16 1
7 3
17 4
9 1
2 2
14 4
16 2
16 1
15 1
17 3
14 1
8 4
2 4
1 4
4 2
16 4
2 1
6 4
15 1
2 4
7 1
1 4
16 2
3 0
13 3
7 3
2 0
16 1
13 3
12 4
5 3
6 6

25 9
77
1 7
24 4
23 0
20 7
18 0
21 0
23 2
1 6
4 3
5 1
22 1
11 6
14 5
13 5
8 5
6 8
13 7
2 8
2 1
19 2
18 2
4 3
6 5
20 3
6 4
4 8
8 2
23 0
17 8
13 2
23 6
9 0
16 6
6 8
24 4
16 7
2 5
4 3
13 4
6 7
0 0
5 8
17 7
14 5
14 4
12 4
6 4
14 3
1 3
13 3
17 0
15 0
16 6
11 8
1 3
22 3
24 1
3 3
1 8
11 1
6 3
8 4
19 5
10 5
15 6
19 5
19 1
15 5
8 2
20 1
0 4
3 2
2 7
23 8
10 0
8 1
2 5
5 1

27 7
172
5 6
13 4
13 2
14 0
2 3
13 1
14 1
17 0
17 3
21 5
18 2
5 6
3 3
26 1
21 5
1 4
2 4
25 5
7 1
3 6
21 1
12 3
24 5
23 5
18 2
25 2
26 0
5 0
12 1
13 5
7 4
6 1
11 6
5 3
23 2
2 6
25 4
13 3
8 0
20 1
8 3
21 0
8 2
26 2
22 1
18 5
15 2
15 4
18 3
25 4
4 3
9 0
20 0
22 3
0 1
11 0
12 3
22 3
22 1
16 6
2 4
23 3
18 5
10 4
13 4
12 4
12 4
11 4
15 5
16 1
19 2
19 0
26 2
25 4
10 5
12 1
23 2
16 0
11 2
21 0
20 0
15 2
14 3
14 5
0 6
25 3
15 1
15 4
25 5
20 6
4 3
17 4
12 2
12 1
14 4
26 2
23 6
6 1
16 5
22 4
18 0
21 4
6 6
9 5
1 6
14 6
10 2
8 3
14 6
5 5
22 6
1 0
20 5
8 1
7 4
14 6
17 3
23 0
6 6
15 3
16 0
5 1
9 5
4 4
2 2
23 0
16 3
4 5
24 6
5 0
20 6
12 3
19 5
14 6
1 3
22 1
23 0
8 0
14 6
3 4
14 3
9 2
19 0
9 4
21 5
19 1
3 2
25 4
2 4
15 5
17 0
24 1
3 4
13 1
5 1
7 0
15 4
13 2
0 0
22 5
21 5
6 0
20 3
8 0
26 6
22 3
20 0
1 4
20 2
16 3
8 2
14 1
7 1

7 13
57
3 10
0 3
4 8
4 8
5 5
2 1
0 10
0 9
6 6
5 8
1 9
0 5
0 8
2 12
0 1
1 4
4 9
1 7
1 9
2 0
0 12
5 8
5 10
1 2
6 8
2 7
4 5
6 8
5 3
0 2
4 8
0 7
5 12
1 0
6 2
2 3
6 2
4 7
5 12
4 7
1 8
1 6
2 4
3 2
6 1
2 11
6 7
2 3
4 8
6 0
4 6
3 2
5 7
1 4
2 12
6 0
5 6
4 2

12 17
137
5 6
5 11
4 11
1 13
7 1
7 7
10 6
6 8
2 6
3 7
6 14
5 13
10 1
2 14
9 9
6 4
5 15
4 3
11 7
11 4
8 12
5 14
3 12
5 6
0 10
7 1
11 14
3 3
11 6
4 5
6 12
1 10
9 10
9 13
7 9
10 3
0 7
1 1
7 3
11 2
10 10
1 1
2 9
7 1
6 12
0 9
3 9
4 0
9 5
2 4
4 2
11 16
6 15
3 16
0 7
3 1
5 5
6 3
2 4
3 8
7 7
1 10
11 7
0 15
1 10
2 14
2 1
7 12
11 4
5 0
1 5
0 15
3 15
3 16
4 4
6 13
4 7
9 5
9 16
11 0
10 2
2 12
4 15
8 5
4 0
1 8
7 10
6 15
9 9
4 10
0 16
0 14
11 4
3 4
9 6
5 13
10 7
1 3
6 6
0 14
0 6
0 5
7 5
6 5
10 16
10 13
4 12
3 2
4 11
0 5
11 12
11 6
4 4
9 10
5 1
3 6
9 11
8 12
7 13
1 10
6 3
1 0
3 6
2 8
11 6
5 2
10 8
9 4
7 14
10 13
2 4
1 12
8 3
5 1
6 15
5 8
2 13
19 1

13 17
200
12 6
8 15
9 6
3 10
2 8
4 1
7 14
6 15
12 3
12 6
2 14
10 12
12 10
0 13
9 13
7 8
1 14
11 13
8 13
7 0
10 16
2 0
8 3
7 5
4 13
1 3
7 5
6 9
5 8
12 4
6 10
0 5
10 10
11 0
8 15
10 2
12 6
11 2
1 6
0 16
6 1
5 9
8 15
11 0
1 16
10 11
3 12
5 3
5 0
10 13
1 1
1 16
4 5
2 6
4 2
11 11
10 16
10 11
1 14
3 10
1 6
10 1
7 15
10 1
6 14
8 2
2 13
8 0
11 7
9 0
9 12
9 13
7 3
12 3
8 8
0 8
3 11
7 3
0 13
3 6
1 13
8 16
11 4
1 0
9 9
10 4
0 12
4 4
12 9
10 1
8 7
6 16
10 9
12 8
12 15
4 16
1 1
7 7
0 2
10 2
12 12
5 2
9 3
2 16
1 12
6 13
6 15
6 7
8 12
1 13
12 15
2 14
1 13
1 16
3 10
4 12
4 5
5 5
0 5
2 10
9 14
2 1
6 12
4 4
3 11
6 9
12 12
9 6
11 6
2 15
10 8
3 8
8 6
1 14
5 11
1 2
0 10
0 12
9 15
6 5
1 9
6 6
4 11
3 8
3 0
5 1
7 7
12 9
8 13
2 1
8 10
11 6
12 7
6 5
6 15
0 8
8 10
11 15
12 13
10 11
12 13
0 15
4 14
10 15
8 7
10 2
9 6
8 4
6 4
7 9
8 3
9 4
5 2
9 3
1 1
2 6
9 3
7 0
8 15
10 13
3 7
8 16
2 10
12 8
6 13
8 9
10 8
5 4
4 12
12 10
10 3
9 6
10 15
6 14
11 2
4 8
12 12
7 1
1 12
2 8
11 1

18 17
32
9 3
0 11
3 2
12 5
1 11
11 13
3 1
0 3
0 15
15 10
16 9
7 8
11 2
15 15
4 13
14 1
11 11
8 1
12 14
9 10
8 13
4 8
10 0
0 5
0 11
16 15
5 7
12 5
16 8
13 10
6 6
12 11
4 1

3 28
62
0 16
2 2
1 11
1 27
0 25
1 1
2 6
0 9
2 23
2 22
0 26
2 18
2 21
1 8
1 21
2 7
1 24
0 23
2 9
0 27
0 21
0 13
1 0
1 22
2 5
2 6
1 16
1 24
0 13
2 15
2 4
2 20
0 7
1 27
1 1
2 6
1 22
1 1
2 10
1 4
0 7
0 9
1 15
2 20
0 17
2 1
1 16
1 24
0 22
0 24
2 11
0 8
2 16
0 17
0 3
1 8
1 21
2 17
2 15
2 27
1 7
1 12
17 17

17 13
26
16 1
15 12
1 5
14 3
5 7
15 3
3 2
14 12
3 9
3 7
5 3
9 2
11 7
4 12
8 11
16 11
16 4
4 1
7 7
16 2
12 10
12 12
1 9
0 11
11 12
11 0
4 2

2 20
7
1 3
0 2
1 17
0 4
0 14
1 18
1 1
12 1

19 14
199
1 3
2 3
14 9
14 8
6 2
2 4
14 1
7 6
14 13
17 13
9 13
8 11
2 4
12 12
0 5
4 13
5 13
3 2
1 13
17 3
5 8
14 9
6 8
6 13
1 4
2 0
11 11
0 13
7 6
12 4
6 3
14 13
18 8
2 9
5 11
7 10
14 6
6 0
4 5
5 12
10 3
3 9
0 8
2 2
14 9
8 13
6 5
12 6
15 2
0 7
5 6
6 11
6 12
10 1
2 9
7 13
0 0
13 8
17 8
8 13
15 3
12 3
11 1
14 4
11 2
1 11
6 13
18 1
12 9
2 10
1 13
12 13
18 10
15 12
8 8
4 10
8 2
0 8
6 5
3 4
6 11
12 8
18 10
17 2
1 10
9 12
9 2
2 13
4 11
5 12
10 8
2 4
8 8
15 12
3 8
8 4
12 13
0 1
0 12
3 0
4 6
16 12
15 13
10 8
1 4
4 4
7 10
4 10
9 11
8 6
14 10
5 12
16 0
12 3
13 9
17 2
4 2
7 2
0 12
12 2
7 8
13 9
6 6
18 8
11 10
6 2
17 13
4 2
0 8
11 3
11 7
15 10
3 3
8 12
10 11
11 7
7 0
11 10
4 12
9 10
1 13
0 10
9 10
3 4
6 4
2 0
2 6
2 2
17 9
1 8
10 0
15 5
16 2
7 9
17 7
7 11
11 12
0 2
7 6
10 2
18 6
1 10
17 11
16 6
17 0
13 2
1 3
17 7
3 10
13 8
11 8
1 11
10 6
2 9
3 4
17 9
8 3
11 0
11 0
5 5
18 9
2 0
13 11
1 12
10 7
8 4
13 11
18 5
18 2
14 2
3 10
12 0
1 3
18 4
0 8
9 12
2 5
10 4
3 2
8 2

16 5
48
3 3
0 0
14 0
9 0
3 3
10 2
15 1
7 4
7 2
7 3
12 1
4 2
2 4
1 3
4 4
7 0
5 2
14 0
12 1
4 1
5 2
12 4
13 0
14 3
11 4
6 3
4 0
0 1
7 4
1 4
1 0
0 4
12 0
9 3
15 0
7 0
10 0
0 0
6 2
9 2
14 3
13 2
4 1
11 4
3 3
11 0
0 2
8 3
19 19

20 16
158
12 6
7 13
2 4
19 9
9 8
6 14
11 13
17 13
17 8
4 13
10 8
6 9
10 4
0 13
15 13
4 1
11 9
6 1
3 5
18 7
12 9
8 14
7 1
18 1
12 7
5 15
16 0
19 9
13 6
11 9
17 9
1 15
16 15
4 12
7 0
19 12
11 9
7 12
14 0
3 13
3 6
13 5
17 10
6 10
9 4
11 6
19 9
8 7
1 6
7 10
2 14
16 3
9 7
4 6
11 4
14 9
4 8
10 8
16 6
15 14
17 15
11 8
17 5
16 1
11 9
5 1
5 5
9 13
18 7
10 1
3 8
11 9
15 9
3 4
16 11
19 15
6 8
6 8
11 1
3 14
13 7
0 10
2 1
13 3
2 10
0 7
9 2
7 2
6 15
13 12
14 2
14 14
0 5
3 3
8 13
12 10
15 9
8 12
12 13
16 15
5 13
4 4
7 11
6 13
5 4
5 3
13 8
7 11
0 1
10 5
15 2
0 7
14 13
0 10
7 15
13 3
0 7
2 14
3 1
2 2
4 0
8 7
14 15
0 5
3 9
4 5
11 12
15 15
19 7
14 14
0 9
11 2
5 10
18 15
3 13
15 5
1 8
0 2
17 12
14 6
3 7
10 3
16 10
17 7
4 12
17 10
19 8
2 6
8 13
19 15
16 10
17 13
10 15
16 8
7 5
6 4
7 6
0 1
12 4

29 22
186
8 1
21 5
26 9
18 16
2 16
25 9
10 11
23 0
27 14
12 21
23 20
20 3
18 11
16 19
18 10
10 16
18 4
27 4
23 16
8 19
27 13
14 11
21 15
28 8
20 17
11 14
11 3
5 18
3 5
5 11
3 7
4 0
13 12
4 2
16 15
9 1
26 1
22 4
18 5
1 14
3 8
15 12
6 8
26 12
23 2
20 2
24 20
6 15
10 1
1 19
12 13
7 7
24 17
2 18
10 11
28 11
2 16
15 4
5 6
21 20
24 12
4 16
18 11
18 0
0 15
26 6
23 15
11 4
23 16
14 10
13 18
10 21
26 21
8 10
21 19
19 1
23 2
18 18
15 4
4 3
27 0
1 14
2 21
11 14
2 3
1 20
1 1
8 18
21 21
11 18
23 10
26 0
25 1
7 19
12 1
8 10
12 7
9 19
26 8
1 9
5 13
4 12
24 18
24 14
12 5
16 11
12 5
24 6
23 9
9 10
28 6
17 13
22 14
24 0
22 13
28 15
2 3
11 18
1 4
16 2
15 1
0 15
3 9
3 5
25 6
18 6
25 2
13 20
8 7
11 1
22 2
18 11
11 5
21 7
5 5
23 3
26 19
26 1
5 9
14 6
7 10
6 2
16 21
4 4
11 14
2 9
23 3
5 13
19 4
27 19
12 9
21 1
28 10
1 21
22 14
18 0
27 13
3 5
15 19
23 9
2 8
14 13
21 14
11 4
27 19
9 4
21 6
22 20
9 3
20 9
27 10
19 8
12 21
17 16
13 9
10 19
6 1
6 1
17 8
3 11
24 7
8 7
4 6
9 17
7 3
5 3
18 1

25 19
23
13 9
21 7
4 17
15 8
0 0
3 5
20 3
23 7
12 0
23 10
6 7
16 6
9 10
3 3
15 2
19 18
15 18
22 5
22 7
22 11
22 15
3 11
18 7
5 1

12 9
82
5 0
1 2
0 8
9 6
4 7
5 7
8 1
2 4
6 7
3 2
8 7
2 3
8 8
3 6
2 3
0 7
3 7
11 6
5 3
8 5
6 3
11 6
0 2
10 4
2 3
3 1
2 8
11 8
8 4
6 3
7 0
10 8
7 3
1 8
5 1
2 3
4 1
1 6
0 6
8 7
0 2
9 2
5 3
7 4
4 5
0 4
5 0
9 8
4 5
11 8
5 0
4 2
9 0
0 6
8 4
5 5
9 8
10 3
9 2
4 7
9 4
6 6
7 2
1 5
11 5
9 7
6 0
0 0
7 2
9 6
4 4
7 7
3 0
4 5
9 1
4 6
3 3
10 8
1 5
9 0
5 0
0 1
10 1

6 3
6
5 2
3 1
3 2
5 2
4 1
3 0
20 4

25 2
49
22 0
18 1
19 0
22 1
4 0
12 0
24 1
20 0
12 0
6 1
10 1
23 0
19 0
18 0
0 0
18 1
23 1
3 1
23 1
4 0
13 1
23 0
14 1
2 1
21 1
17 0
1 1
11 0
22 0
15 0
17 1
19 1
8 1
9 1
11 1
18 1
0 1
8 0
14 1
7 1
21 0
1 0
9 1
8 0
19 1
4 1
5 0
17 0
20 1
12 3

3 14
42
2 4
0 1
1 2
0 10
0 7
0 0
1 0
1 5
1 3
2 6
1 13
0 4
1 1
2 9
0 12
2 0
0 11
0 6
0 7
0 8
2 10
2 10
0 8
1 5
0 1
2 7
1 6
0 13
1 13
2 9
1 12
2 12
1 11
0 2
2 9
1 1
0 11
2 9
2 6
1 9
1 6
0 12
15 3

25 21
48
18 10
1 8
10 5
23 10
17 3
22 18
10 12
24 8
7 14
21 19
24 9
0 3
11 18
14 6
12 3
11 18
9 6
4 12
19 11
11 15
11 9
12 3
8 5
8 10
9 12
19 6
24 9
23 19
12 10
2 15
1 2
15 10
12 13
7 3
11 17
7 2
4 2
6 17
18 4
21 18
17 7
14 20
3 16
1 8
3 7
15 2
22 18
22 1
3 1

12 6
47
11 4
4 4
6 0
1 4
9 5
7 1
7 3
0 2
2 3
4 4
0 3
11 1
6 5
10 3
2 2
8 4
6 5
3 0
8 3
10 2
10 5
8 4
7 2
11 4
5 4
1 3
7 3
0 5
9 5
8 3
0 2
4 1
10 4
9 0
3 4
11 3
9 5
3 3
3 5
3 3
5 4
1 4
4 3
4 5
3 1
6 2
5 2
3 3

16 20
144
0 12
0 11
1 3
14 11
0 13
6 2
13 3
0 16
9 17
6 13
7 17
3 11
7 2
4 13
14 8
10 5
8 9
3 12
1 5
4 17
12 8
5 16
12 16
12 17
1 4
5 18
15 1
7 7
8 14
13 11
7 7
0 2
14 6
12 2
11 16
15 13
13 11
9 13
13 7
3 11
8 7
12 2
15 18
1 4
15 10
3 5
3 8
4 12
14 2
14 4
13 14
9 12
8 6
11 2
7 14
11 2
14 12
11 12
2 4
12 7
12 16
1 7
15 6
0 16
10 11
3 1
14 1
12 19
13 5
13 19
15 14
3 6
1 4
7 4
7 12
0 10
5 0
4 14
10 7
6 15
9 3
10 19
6 10
2 19
14 9
8 14
5 19
1 3
12 16
15 9
8 11
3 4
3 8
4 5
8 0
8 13
1 18
7 3
2 8
4 15
10 2
5 10
1 5
3 5
10 17
15 2
15 4
12 15
4 13
4 15
2 5
11 7
5 12
7 12
2 9
2 12
7 5
11 14
12 5
10 4
4 14
8 0
15 14
0 18
7 10
0 19
10 1
2 17
12 0
10 10
7 17
1 17
5 12
15 11
14 6
14 8
7 0
13 2
9 18
13 4
1 19
4 17
9 2
0 0
16 16

16 6
26
13 5
6 2
11 2
4 1
5 0
5 4
13 4
4 3
6 1
0 1
13 0
2 0
1 3
4 2
4 2
6 1
6 3
4 4
2 2
6 5
1 5
1 3
8 1
2 1
14 3
0 3
12 4

29 19
92
12 4
9 10
7 17
13 5
0 11
26 8
1 14
10 5
8 12
3 18
9 8
20 16
10 9
7 12
15 9
22 6
12 9
3 6
22 3
12 15
17 14
22 18
18 1
0 8
6 16
25 13
12 2
6 12
8 1
23 1
13 7
10 3
24 10
15 11
9 11
10 18
5 2
11 13
9 17
1 12
7 9
2 13
22 13
3 8
14 9
24 14
28 9
23 18
8 18
21 17
24 16
1 10
21 0
14 7
21 17
25 18
7 9
1 14
25 18
1 8
19 14
18 8
28 13
10 12
26 10
1 0
22 0
24 1
18 13
9 9
17 1
27 0
20 16
12 4
12 15
22 14
13 9
1 1
4 1
11 2
15 17
12 4
21 0
8 9
6 8
27 8
23 10
15 10
21 9
28 9
6 0
7 15
2 1

12 11
111
4 10
8 1
5 1
6 6
3 9
6 0
11 6
4 1
2 2
9 8
3 7
11 10
10 7
3 7
0 2
11 8
1 5
10 5
9 10
8 7
9 10
5 0
1 3
5 7
9 0
4 6
9 9
6 9
8 3
10 10
5 6
11 0
1 0
6 3
5 3
7 0
9 9
3 9
1 9
11 5
0 7
1 0
2 0
0 4
9 9
10 4
5 5
9 8
0 0
9 7
5 9
8 10
8 5
5 7
7 0
5 5
1 7
4 10
7 5
7 9
3 7
1 6
2 6
8 3
7 2
10 7
0 0
1 10
0 0
1 9
6 10
0 2
3 10
11 6
4 3
2 5
6 7
0 8
0 2
6 8
4 0
4 3
1 9
10 6
11 4
1 4
8 9
5 10
5 6
5 7
6 2
9 5
4 3
10 0
6 7
11 8
8 5
8 6
9 2
4 5
5 7
10 7
10 0
3 0
5 6
11 3
4 10
1 3
0 9
10 2
11 1
17 17

13 10
119
9 2
8 3
0 3
11 9
3 5
9 7
12 1
9 2
12 6
9 2
10 5
0 0
9 9
3 3
9 8
6 0
6 1
5 3
0 3
6 7
4 6
5 6
7 1
3 0
5 2
10 8
9 9
6 7
11 5
1 9
0 9
0 0
6 7
9 6
6 1
9 5
6 9
4 0
1 1
7 9
10 6
6 7
4 8
6 0
12 7
1 9
9 8
8 9
2 9
0 8
12 4
1 8
2 4
3 3
0 5
11 9
8 4
9 1
0 9
9 7
4 6
3 6
4 9
10 6
11 1
10 5
3 1
2 4
12 7
10 8
10 5
1 4
2 4
0 4
10 3
10 3
9 8
1 4
8 0
12 6
7 1
2 4
2 5
9 6
7 3
10 5
3 8
10 7
2 8
7 1
12 5
6 3
2 9
9 5
0 7
2 9
12 3
9 6
2 9
2 0
12 8
4 4
1 2
9 7
0 8
9 1
2 3
2 6
11 2
1 2
12 3
5 3
4 2
4 0
10 8
0 7
6 6
10 6
7 2
8 8

4 23
2
3 14
0 7
7 1

6 6
26
5 5
3 2
3 2
4 0
5 2
3 4
5 4
0 1
1 1
4 5
1 2
0 3
2 0
4 0
3 2
0 5
1 4
1 1
0 3
0 3
4 2
3 5
2 5
3 5
3 2
5 0
12 12

5 7
3
4 0
1 5
0 0
19 19

2 25
3
1 7
1 15
1 15
14 14

1 27
11
0 1
0 17
0 22
0 18
0 2
0 15
0 16
0 6
0 6
0 1
0 25
15 3

15 3
22
13 1
12 2
13 1
2 1
0 0
8 0
13 0
2 2
2 2
3 2
5 1
2 2
8 1
9 2
1 2
13 1
3 2
0 1
3 1
4 0
12 1
0 0
3 3

2 10
18
1 4
1 9
0 9
1 9
1 4
1 8
0 8
1 1
0 6
1 8
1 5
0 7
0 5
1 5
1 7
0 9
1 8
0 4
12 1

26 30
107
25 18
14 18
10 0
14 13
14 10
0 0
13 24
10 11
11 10
21 11
13 20
14 27
17 29
12 5
4 22
22 29
22 18
12 9
18 24
20 19
8 9
5 4
23 22
23 9
17 2
12 16
2 8
6 18
1 26
6 24
4 1
13 26
9 22
9 8
0 24
19 0
9 15
15 20
20 22
1 7
20 0
10 3
13 6
3 14
10 12
15 0
17 25
24 3
14 11
8 19
10 10
11 28
21 27
9 23
18 19
12 24
19 2
5 15
16 5
12 24
3 15
17 14
0 4
14 9
2 19
23 2
19 20
0 14
6 13
25 16
25 1
11 25
22 21
17 15
16 27
21 1
17 21
22 19
15 1
15 20
23 13
5 8
7 29
24 23
8 14
2 29
16 12
3 24
23 24
16 0
0 5
4 25
4 5
13 15
15 6
8 14
10 1
14 0
15 26
7 14
18 23
23 3
11 14
10 14
17 20
7 20
2 27
20 1

16 21
78
1 20
13 5
2 19
15 9
11 2
0 8
0 14
3 0
12 10
9 10
9 9
5 8
13 3
2 7
12 18
4 6
6 14
11 20
3 4
9 4
8 14
5 9
2 10
7 17
2 18
12 13
8 9
10 10
8 13
3 7
6 16
3 14
10 6
3 13
0 14
6 0
11 3
0 3
10 16
4 3
12 15
8 8
10 10
10 15
9 7
9 3
10 13
5 15
2 12
8 9
15 0
5 10
7 14
6 2
6 5
11 12
11 19
7 2
7 19
14 14
14 16
15 12
6 12
10 16
7 16
14 18
6 13
2 14
14 7
9 4
3 9
3 3
1 20
14 15
10 0
14 14
13 6
5 6
3 3

14 14
160
3 7
12 13
9 11
3 6
4 2
13 9
5 0
3 12
2 6
11 2
12 1
7 12
2 4
8 9
11 13
8 11
2 0
0 12
12 7
4 0
0 12
6 7
9 1
3 11
5 1
6 10
6 9
0 1
1 8
11 11
2 6
11 7
11 13
3 10
4 13
11 1
9 12
12 10
9 8
8 10
12 2
8 11
7 13
5 6
10 0
0 1
0 0
0 11
1 0
5 6
7 9
11 2
1 8
4 4
0 10
8 2
10 6
2 3
10 12
8 12
4 13
11 2
7 0
1 5
5 4
2 7
5 12
0 2
7 9
6 5
1 11
6 4
10 8
13 0
3 13
6 4
8 5
2 8
4 11
1 9
5 5
0 11
4 7
9 4
11 8
3 9
7 0
13 0
10 0
3 13
3 5
8 5
10 3
3 9
11 12
10 2
9 4
9 6
7 5
1 4
8 0
12 7
1 3
9 6
7 5
6 2
10 10
2 12
6 12
8 5
11 7
2 7
1 3
0 9
9 11
1 13
3 12
2 7
8 0
2 11
11 13
5 7
3 8
12 2
5 9
9 7
0 0
11 12
2 12
9 1
9 4
8 1
0 1
7 2
2 8
4 6
7 11
5 11
7 10
3 2
2 6
7 0
3 3
4 3
7 9
13 5
6 3
10 1
11 1
10 5
11 10
7 3
11 3
10 8
7 13
8 12
7 12
3 12
6 7
4 6
13 1

20 26
9
2 14
3 24
14 20
11 23
9 2
6 13
12 24
14 21
5 5
3 3

27 13
112
20 10
22 3
24 1
24 11
23 11
21 5
24 10
14 6
23 0
17 4
11 1
11 6
8 10
15 12
4 11
11 5
4 8
25 9
19 7
24 10
11 11
25 0
8 5
9 3
1 4
22 1
23 0
2 3
12 11
3 6
14 10
21 9
10 0
1 1
19 6
12 2
2 4
20 12
24 2
3 6
4 12
26 12
12 5
3 0
6 6
6 8
11 0
20 5
25 7
4 3
3 5
25 2
23 3
3 5
20 4
4 11
0 3
16 12
14 6
16 10
16 5
2 1
22 7
14 11
25 3
6 3
13 9
6 7
19 6
24 0
13 11
3 11
18 9
4 8
20 10
26 3
0 6
16 11
4 2
20 5
20 9
8 7
16 6
18 3
12 9
5 1
26 4
6 0
25 11
2 0
11 4
11 3
10 11
9 2
17 12
17 0
9 10
2 6
9 10
22 3
0 1
4 3
2 5
1 6
21 0
8 0
15 2
13 11
1 7
24 0
14 2
15 10
15 5

19 4
61
0 2
15 2
6 1
6 2
5 1
12 0
0 3
14 1
2 3
6 0
17 1
0 3
0 0
1 0
8 1
14 0
6 1
5 2
14 0
15 0
6 0
7 0
7 3
13 1
10 1
12 1
2 3
14 2
13 1
6 3
9 3
11 1
1 1
18 0
3 1
5 2
14 3
11 0
13 1
1 0
18 3
11 1
7 2
8 2
18 0
15 3
11 1
8 3
6 3
14 1
18 3
6 2
0 0
3 3
2 0
11 0
4 2
17 0
18 3
16 3
16 0
17 1

11 25
15
0 3
4 5
1 5
3 19
1 6
7 12
0 8
8 10
1 7
3 13
6 2
4 6
8 17
10 1
9 3
1 1

30 19
92
13 13
10 2
12 14
1 15
21 18
24 8
23 11
23 0
13 9
3 8
19 11
19 7
15 15
5 12
29 10
22 1
17 17
16 1
27 9
7 4
19 11
11 7
4 16
16 9
0 4
20 13
23 13
11 4
20 10
16 14
29 15
13 17
13 10
21 10
2 3
20 1
17 6
8 12
4 1
26 13
19 14
6 2
1 10
25 0
24 15
3 6
0 12
20 5
28 8
27 6
8 12
14 18
0 1
2 0
23 9
17 12
14 4
2 12
26 10
18 12
12 11
11 2
26 7
27 12
9 11
5 4
2 3
17 14
21 8
16 15
6 5
14 13
22 11
17 17
28 10
15 12
23 2
13 15
19 3
5 3
3 13
1 14
7 7
16 4
7 4
10 0
22 2
16 17
26 18
21 11
6 7
26 17
4 2

6 28
86
2 6
0 18
4 0
5 7
0 12
4 0
4 23
4 4
4 16
2 11
2 15
0 0
2 16
2 4
4 4
3 2
2 15
2 26
3 10
1 25
5 22
2 10
2 19
3 5
3 23
2 20
1 11
1 4
0 12
3 2
1 11
5 13
2 1
3 20
3 8
1 15
2 3
1 16
4 5
4 11
4 16
2 21
1 18
1 27
3 13
2 18
1 25
4 3
2 10
5 21
0 5
0 23
0 16
2 2
0 9
2 14
2 2
5 27
5 4
5 7
2 8
4 2
3 21
0 9
2 15
3 22
3 21
0 8
0 15
4 24
4 26
1 20
0 18
0 14
0 9
0 18
4 1
1 25
1 15
5 23
2 0
1 3
0 11
4 3
5 17
1 4
15 15

6 30
147
4 28
4 6
3 5
0 15
0 15
0 13
2 12
5 22
3 9
3 15
1 4
4 28
0 6
4 0
3 18
5 6
1 9
2 12
3 12
0 7
0 21
0 23
1 14
3 16
2 4
1 24
4 1
3 26
5 7
2 18
0 24
2 14
3 20
5 2
1 9
4 11
4 6
1 6
5 27
5 5
3 4
1 21
0 5
2 24
0 5
5 16
4 14
5 6
4 14
2 11
0 23
1 16
1 26
2 12
0 5
0 25
1 27
1 4
1 5
2 15
3 3
0 14
4 28
2 21
4 29
1 26
2 3
0 8
1 0
1 12
4 25
0 9
2 27
4 15
1 0
2 18
5 15
1 0
4 0
1 12
2 16
0 5
0 13
5 21
0 6
3 21
4 28
0 4
4 13
3 12
5 10
0 24
3 23
2 12
3 16
2 17
1 3
1 23
4 28
3 14
4 8
3 16
3 14
4 23
3 27
4 8
5 4
2 4
5 23
5 14
5 21
1 0
3 14
2 4
3 8
2 17
4 6
3 28
4 10
1 1
4 2
5 28
4 23
1 20
4 4
0 1
4 12
5 7
0 26
1 16
5 7
1 5
4 21
5 29
2 6
4 10
3 3
5 20
4 1
4 29
1 24
3 23
0 14
2 15
1 14
0 19
3 25
20 2

1 9
7
0 3
0 2
0 5
0 0
0 6
0 7
0 2
14 2

19 21
194
18 15
17 19
7 13
8 13
0 20
14 1
1 5
2 18
18 3
8 12
9 5
13 8
5 1
11 16
7 20
10 20
6 18
6 3
10 13
0 2
7 15
3 20
11 4
11 20
13 0
14 6
6 12
18 8
15 15
1 13
3 8
2 3
17 7
14 0
17 18
2 1
9 9
4 17
17 3
15 18
5 20
0 2
9 20
12 17
7 11
4 13
14 10
13 17
4 18
11 18
1 3
10 12
2 10
7 2
4 13
6 8
3 10
14 7
2 14
11 0
13 0
15 6
1 1
13 15
2 4
18 0
18 1
0 10
6 0
17 10
5 20
2 2
16 3
18 3
13 9
0 2
13 12
12 5
7 11
1 9
6 4
8 5
17 15
17 14
18 13
10 18
1 16
15 0
10 5
5 20
2 13
8 15
4 8
0 15
2 17
1 18
11 20
10 10
12 5
2 14
10 11
10 1
8 20
17 20
8 11
11 5
17 14
11 8
13 15
4 20
15 7
0 7
13 11
16 19
13 8
2 10
16 10
10 14
9 17
14 0
17 11
1 12
5 7
14 8
7 19
6 8
16 5
17 9
6 14
3 16
6 6
7 2
18 3
13 5
3 15
9 3
14 0
3 20
8 20
8 16
1 13
11 20
2 8
12 2
9 14
1 20
5 10
4 6
2 14
15 3
18 0
2 14
12 7
13 1
16 3
9 11
10 0
2 12
1 17
5 17
2 9
17 19
7 17
8 15
11 0
18 5
3 17
9 5
15 3
18 10
13 5
15 10
6 13
10 12
8 4
14 11
3 19
9 19
7 3
7 19
3 14
5 17
13 7
12 7
9 16
9 0
6 12
2 13
18 9
7 9
8 15
5 18
17 5
9 0
8 2

22 22
63
7 3
17 5
5 15
7 14
21 15
15 3
7 20
1 9
12 4
19 5
17 10
6 16
19 9
6 10
19 8
8 3
3 16
19 13
1 3
3 21
21 18
10 14
21 0
2 13
7 11
3 2
3 13
16 14
6 9
21 12
14 3
0 16
11 14
20 14
5 17
6 4
9 18
20 20
3 14
3 19
20 21
0 16
21 1
16 13
20 7
0 14
11 11
4 7
17 16
7 12
19 6
16 14
4 9
17 12
19 3
7 6
6 20
12 14
5 12
0 17
21 14
21 8
10 15
6 6

28 20
70
8 17
23 1
5 15
11 7
14 0
18 13
26 19
8 8
9 2
11 7
3 17
20 15
0 10
12 0
25 4
11 7
21 6
1 16
27 7
3 10
27 10
24 11
7 10
1 0
11 15
0 0
15 8
26 16
19 7
25 5
10 10
18 14
24 6
14 5
1 17
27 9
24 7
8 1
18 16
18 16
18 15
13 4
21 4
21 12
12 5
5 1
5 0
15 18
6 6
7 2
9 3
0 0
1 10
11 9
15 4
2 13
5 10
26 19
18 6
11 2
12 2
11 9
26 16
8 19
5 9
12 7
0 16
15 1
14 14
6 16
19 19

27 10
58
1 7
22 6
15 5
22 9
10 0
25 5
4 4
4 9
1 4
16 8
5 6
22 0
4 3
4 8
6 3
10 2
9 0
2 8
19 4
20 8
10 4
7 3
12 1
4 2
9 7
8 4
8 1
10 0
24 8
2 2
21 3
13 3
2 9
5 1
7 2
11 1
7 3
18 0
4 0
15 6
2 8
5 6
17 1
15 3
2 5
14 4
20 9
2 5
19 0
18 4
17 3
18 2
2 8
24 7
15 9
8 2
22 1
7 4
20 20

29 28
24
11 21
21 11
28 27
22 1
23 21
6 20
5 16
18 15
23 19
20 27
12 0
9 12
16 11
20 7
13 22
24 7
27 22
18 8
21 26
23 5
23 21
8 24
27 8
23 12
7 7
