25

20 25
60
3 14
9 4
9 19
7 24
16 17
19 22
1 14
17 13
0 10
2 17
7 12
8 5
15 4
6 12
10 11
9 17
16 5
0 11
3 3
11 19
11 13
19 6
6 16
3 0
1 20
17 8
10 4
2 13
8 0
4 0
5 1
8 24
11 15
9 13
1 10
14 12
6 22
3 8
8 18
16 14
19 13
2 14
18 0
1 5
8 2
12 1
10 16
12 18
18 15
16 20
18 20
13 20
14 18
9 24
3 1
18 24
14 11
8 13
4 18
8 6
7 3

28 3
52
20 2
25 0
8 1
15 1
22 0
14 1
18 1
4 2
16 1
6 0
25 1
2 0
11 0
7 0
19 0
3 2
12 1
9 2
1 1
11 2
0 0
10 2
6 2
2 2
27 2
15 0
13 1
26 1
23 0
18 2
11 1
23 2
19 1
25 2
16 2
17 0
4 0
27 0
24 1
12 0
0 1
4 1
13 0
6 1
9 0
5 2
18 0
17 1
19 2
8 2
17 2
26 2
8 1

2 4
6
0 1
1 1
0 0
1 0
0 2
0 3
8 4

4 17
16
2 2
0 10
0 3
3 1
0 5
1 13
3 5
1 6
0 2
0 12
1 8
0 8
1 16
2 1
3 10
3 9
11 5

29 9
42
20 5
12 8
22 7
1 5
0 8
12 0
11 2
12 6
2 1
24 6
6 8
16 7
1 1
22 6
7 3
22 2
17 5
27 6
8 4
24 2
26 3
20 0
3 5
16 2
21 4
14 6
9 6
23 2
7 2
7 4
1 8
19 0
6 2
19 7
6 3
28 8
13 8
1 0
2 2
19 3
22 4
3 3
5 5

15 16
62
8 2
6 10
14 14
0 2
3 1
4 11
5 2
12 12
2 3
14 5
8 14
11 3
4 7
0 3
4 3
6 11
5 4
8 15
6 0
0 1
5 8
6 4
2 12
11 0
10 0
1 9
1 1
6 3
0 5
6 5
0 8
5 15
7 10
12 1
3 13
2 0
2 6
12 6
3 9
4 14
14 6
1 7
14 9
7 1
11 2
12 10
5 5
6 13
14 12
12 8
13 5
4 9
13 12
9 13
8 6
4 6
7 2
7 7
6 7
14 13
12 9
10 15
8 1

4 13
34
3 1
0 6
2 10
1 3
2 6
1 12
2 11
3 3
1 9
3 4
1 10
0 10
2 3
3 5
2 12
2 1
0 8
3 10
0 1
2 7
0 9
0 4
1 11
0 3
1 1
3 2
1 6
3 9
0 7
0 12
3 12
2 0
3 6
1 4
7 5

35 27
61
33 19
20 15
6 5
19 5
9 4
3 13
25 2
6 6
29 1
24 17
10 0
19 10
2 7
34 24
10 2
30 19
0 7
18 5
32 0
0 15
19 23
7 17
33 16
31 13
8 25
6 8
23 6
5 14
26 9
10 20
33 23
1 9
30 12
23 10
20 22
7 22
32 2
19 14
17 11
20 20
25 22
31 12
21 10
26 7
18 6
33 9
9 14
28 23
15 21
26 1
20 2
23 11
33 3
34 21
32 12
26 17
33 25
27 19
34 12
24 13
16 15
6 1

11 24
56
0 21
1 19
0 14
4 3
1 6
1 9
6 5
9 3
2 11
9 22
10 22
10 0
0 10
1 21
2 18
10 4
2 19
10 19
10 2
7 19
3 10
6 16
8 3
4 22
0 3
10 15
10 17
6 12
3 13
2 6
3 9
6 20
0 0
10 7
8 19
0 22
5 16
4 12
5 9
9 11
0 5
2 9
4 14
3 6
10 20
1 8
7 17
1 2
5 20
8 9
10 10
8 14
7 16
7 21
6 9
3 23
7 2

16 3
25
1 2
4 0
5 0
14 0
11 1
9 0
15 0
13 0
2 1
12 1
4 1
2 2
5 1
5 2
0 2
6 0
4 2
7 2
9 1
8 1
3 2
14 1
15 2
11 2
6 2
7 1

33 28
45
18 5
3 21
4 17
9 27
6 8
14 21
4 6
27 2
12 23
25 14
2 3
24 14
13 2
24 15
32 2
29 24
1 0
4 2
28 2
6 24
12 9
29 2
18 10
8 24
15 3
30 26
12 18
12 20
7 21
26 14
17 5
20 2
14 9
26 18
30 1
19 17
10 2
21 24
3 9
22 5
17 11
6 13
32 7
28 8
18 12
4 3

23 18
52
10 16
7 14
9 5
20 2
4 12
9 8
11 1
21 13
5 7
10 3
8 9
6 16
12 15
13 11
5 12
11 2
15 5
6 13
15 7
12 3
20 10
17 9
6 2
1 1
17 15
16 2
16 11
10 6
9 11
18 17
17 4
8 8
5 15
18 11
5 0
2 8
6 6
7 3
20 11
14 13
6 1
16 13
10 9
1 3
3 13
4 13
2 13
22 2
11 7
18 2
15 16
15 17
8 2

29 12
78
25 2
13 8
25 0
4 4
20 8
9 3
20 9
11 6
19 10
2 5
12 4
28 8
3 2
16 5
26 3
2 6
27 11
15 5
10 0
22 1
10 1
26 1
24 4
8 1
21 10
1 11
7 0
5 8
5 2
8 9
10 4
10 7
14 7
24 0
18 6
22 8
19 11
24 7
27 0
22 2
9 9
2 10
28 9
2 0
21 4
20 3
7 5
28 11
18 8
0 10
11 11
0 2
8 10
17 5
21 5
1 10
2 9
11 10
17 9
4 3
0 1
16 6
9 4
14 2
21 6
3 4
5 0
19 7
0 9
24 6
1 1
3 11
12 11
9 1
1 4
0 3
8 7
25 5
5 5

12 31
54
4 2
4 5
3 23
11 10
10 4
11 25
3 25
2 18
8 27
5 30
7 8
8 9
8 17
1 8
6 5
7 2
0 18
8 4
6 25
6 11
6 9
1 30
4 0
6 30
8 30
3 19
7 18
0 12
6 8
1 25
8 8
5 5
11 19
11 17
1 21
10 1
8 23
8 5
0 20
8 25
5 15
3 9
9 27
8 15
2 4
7 6
2 21
7 0
1 3
0 26
3 24
5 27
6 21
7 23
12 2

29 13
93
22 4
19 0
16 2
11 6
24 11
16 4
9 8
24 3
7 11
18 11
24 1
13 11
25 12
2 4
19 5
20 3
25 2
5 1
7 9
6 12
10 0
27 0
17 8
15 7
5 8
23 11
7 10
4 2
6 3
13 6
12 7
27 11
18 0
21 4
24 9
25 3
1 8
21 8
14 6
18 5
5 9
6 11
5 6
4 6
11 0
17 5
23 1
27 6
6 2
21 2
5 4
23 3
25 8
25 0
10 9
19 1
21 7
22 1
12 2
9 10
21 11
2 10
12 1
28 4
26 12
15 10
17 4
22 2
4 7
1 0
16 3
16 1
20 12
8 10
8 8
3 10
23 7
20 7
1 7
16 12
15 4
2 6
11 8
8 11
5 0
27 1
26 4
21 9
14 4
0 10
3 1
13 3
28 6
9 1

7 24
41
1 7
3 16
6 1
3 15
0 4
0 0
5 23
6 12
6 20
2 17
4 8
3 5
0 18
1 19
6 5
5 1
3 13
6 13
6 16
6 21
2 23
0 3
2 5
3 3
0 11
6 2
6 10
1 20
3 21
0 13
0 15
1 6
5 7
1 5
4 18
0 10
3 22
5 19
4 17
0 12
1 9
5 2

17 15
28
13 13
13 4
1 9
15 7
4 4
1 11
8 3
1 3
7 6
16 12
3 9
14 14
12 4
11 8
5 4
13 5
4 6
5 7
5 6
16 9
11 10
10 1
7 5
9 11
0 13
14 13
5 14
13 1
6 2

5 4
12
3 2
3 0
1 2
1 3
4 2
2 2
1 1
2 1
2 3
2 0
0 0
0 1
12 4

9 8
39
3 6
5 0
3 4
1 7
8 6
1 6
4 0
2 5
1 5
0 2
0 4
4 3
6 2
3 1
2 3
0 0
3 2
6 0
5 5
8 3
6 4
2 7
7 7
0 5
7 4
7 2
6 7
3 5
2 0
6 1
1 0
1 4
1 2
8 2
5 4
8 4
0 3
8 1
2 2
7 2

31 8
72
18 7
8 1
14 3
4 2
13 0
25 1
11 0
24 3
28 2
24 7
16 1
27 7
17 2
23 2
0 7
22 4
21 1
30 0
16 4
9 6
28 5
16 6
21 5
25 3
11 7
20 1
28 7
7 1
4 0
2 1
26 6
8 5
18 0
26 5
17 3
4 3
7 7
3 3
10 4
11 3
18 5
17 1
30 6
7 2
13 2
2 6
4 7
8 3
9 0
27 6
1 5
6 0
6 5
1 0
21 2
21 4
24 2
20 0
15 2
10 1
13 6
21 7
30 7
15 4
17 0
29 5
8 7
16 7
25 7
12 7
30 4
14 1
6 5

23 3
41
0 2
1 1
19 0
16 0
2 0
14 0
1 0
20 0
9 1
21 0
2 2
16 1
17 0
22 2
20 2
18 2
21 1
13 2
7 0
6 2
15 2
15 1
5 2
1 2
4 1
15 0
22 0
5 0
19 1
3 0
9 0
18 0
22 1
18 1
11 2
21 2
2 1
7 1
0 0
8 1
4 2
7 2

7 18
27
0 5
0 1
6 8
5 2
0 8
3 5
3 13
5 17
0 12
2 3
2 17
2 2
1 0
4 2
5 8
5 3
4 4
3 2
1 2
6 10
3 15
2 11
4 16
1 7
0 15
3 12
2 13
12 2

24 4
79
18 1
21 3
21 2
19 3
12 1
12 2
18 3
5 3
14 1
16 3
16 2
15 3
7 2
4 1
16 0
10 1
9 0
6 3
14 2
22 0
13 0
0 0
21 1
11 0
22 2
19 1
10 2
8 2
17 3
18 0
3 1
16 1
1 3
23 1
20 2
5 0
1 1
1 2
21 0
15 2
2 1
2 0
19 2
8 1
2 2
1 0
13 3
10 0
10 3
19 0
4 0
23 3
20 1
4 3
18 2
6 2
5 1
9 1
7 1
22 1
17 1
8 3
23 0
22 3
0 1
11 2
6 1
11 1
7 0
9 3
20 3
13 1
17 0
0 2
6 0
15 1
14 3
23 2
17 2
12 5

21 10
77
17 1
0 9
7 1
13 2
9 5
5 8
18 7
7 0
2 3
9 9
13 3
4 3
13 6
10 3
1 7
6 0
10 8
12 0
5 6
18 8
9 6
18 1
16 7
5 9
5 3
19 4
19 5
20 6
19 2
4 7
3 2
13 1
7 5
13 4
18 4
7 8
11 9
12 6
12 4
8 9
15 6
14 6
3 1
17 2
2 4
20 2
15 3
11 4
19 0
10 6
16 2
4 9
8 6
15 8
16 8
14 1
17 0
0 5
1 6
6 4
10 4
10 7
3 4
4 8
16 1
3 0
18 0
6 6
11 8
10 1
6 7
17 7
20 7
2 9
8 5
1 0
11 1
4 5

31 10
83
7 1
10 9
0 0
3 4
1 2
2 8
16 3
21 7
28 9
30 4
5 0
10 2
17 7
29 9
20 8
30 8
25 2
8 7
6 0
24 0
5 4
6 6
12 2
24 2
22 1
26 6
22 4
7 0
27 6
2 2
23 6
20 5
1 4
4 2
8 6
11 7
15 7
11 1
18 1
21 9
12 9
9 4
14 3
11 8
29 7
26 4
26 8
20 1
14 7
6 8
16 1
0 4
2 9
5 9
2 5
28 4
18 6
28 3
25 9
8 8
30 0
23 0
26 3
24 3
18 9
16 8
16 5
18 3
11 6
10 4
12 7
19 8
28 2
23 4
30 7
1 5
29 8
25 1
23 1
0 7
28 8
14 2
1 7
4 2

