25

29 10
29
9 7
26 0
28 2
22 2
17 1
27 6
14 2
18 1
24 3
5 2
19 8
17 9
18 3
3 5
0 8
8 7
10 9
14 4
15 6
22 9
14 0
4 6
28 3
10 0
5 7
6 0
9 5
25 7
12 6
7 4

31 2
27
15 1
25 0
9 0
22 1
30 0
19 1
15 0
1 1
17 0
25 1
27 0
16 0
3 1
9 1
30 1
29 1
10 1
14 0
7 0
19 0
17 1
21 0
0 1
21 1
7 1
29 0
23 1
10 2

27 31
61
9 6
14 27
12 28
12 24
1 18
8 18
23 6
24 22
4 9
24 30
18 25
2 6
8 13
22 9
24 1
17 29
12 5
7 15
20 9
23 8
1 24
5 11
15 23
11 3
18 17
10 20
11 11
5 29
11 28
17 2
5 0
14 5
20 22
14 8
2 7
11 29
3 12
0 10
13 23
0 3
4 8
0 30
1 20
9 23
10 10
10 22
7 3
9 28
16 1
17 16
20 14
13 16
25 30
0 23
7 2
24 3
13 20
3 0
2 27
13 24
19 17
11 3

6 10
41
4 4
2 8
0 2
3 5
2 0
1 3
5 0
0 8
3 2
3 7
0 7
0 1
0 3
2 2
4 7
2 3
4 9
0 5
1 9
2 6
3 4
1 0
2 4
3 6
0 4
0 9
5 1
1 8
0 0
4 5
5 5
3 9
4 0
4 1
1 7
1 2
5 7
5 6
4 2
1 5
4 8
10 5

33 4
50
28 0
9 1
26 1
2 2
18 0
25 2
0 3
22 3
15 2
31 0
29 0
27 0
1 3
11 0
15 3
10 0
18 3
8 1
30 2
7 2
17 3
11 3
16 3
4 1
23 3
30 0
19 1
0 1
32 0
30 3
21 1
10 2
15 1
16 0
31 3
9 2
27 1
17 1
20 2
4 2
27 3
32 1
1 2
6 3
28 3
29 3
12 1
8 0
17 2
3 0
8 4

30 24
46
23 15
26 13
16 8
10 15
29 23
8 5
19 16
6 23
7 13
22 8
15 21
22 4
7 14
24 14
9 7
4 12
14 9
1 11
11 8
28 0
15 10
20 8
5 16
19 3
2 7
3 0
20 11
11 4
15 7
2 1
29 6
21 14
11 3
4 21
4 6
7 23
8 20
6 12
4 1
1 14
27 14
27 20
6 15
16 17
16 5
28 3
7 5

24 28
85
15 4
10 23
6 9
21 8
11 13
23 16
18 25
4 10
16 16
13 12
8 18
20 12
2 14
11 27
15 18
5 0
2 12
10 4
4 14
17 16
12 13
22 21
5 12
14 24
7 3
16 11
12 5
5 25
4 6
12 10
5 7
3 14
21 24
20 24
4 27
4 3
10 11
9 16
5 27
19 17
7 11
18 8
18 1
18 20
14 5
4 23
2 18
16 27
22 18
7 6
1 9
7 21
7 19
14 15
15 21
10 5
13 4
19 22
20 8
21 19
1 24
23 18
17 26
19 21
22 19
8 20
16 14
2 4
12 18
0 23
17 20
20 20
5 26
9 10
7 0
11 6
0 20
13 1
15 2
4 16
21 12
6 25
8 15
13 23
15 11
9 1

21 24
80
12 7
18 8
18 2
16 8
16 6
4 4
9 12
17 19
20 19
12 8
2 23
1 10
9 9
12 4
16 12
14 11
2 4
6 16
3 7
1 23
5 6
6 12
19 8
11 18
2 20
2 14
11 0
5 18
17 7
0 0
11 21
3 18
16 16
18 14
4 17
7 3
19 18
19 13
0 10
8 23
12 0
15 14
5 1
3 20
20 13
0 5
15 0
4 3
17 8
16 3
16 0
15 10
19 22
7 0
11 17
13 0
17 2
8 7
5 0
7 14
8 19
2 1
13 17
5 9
17 21
16 1
8 12
11 23
19 2
4 9
18 10
20 7
13 19
6 14
1 15
6 2
6 11
11 2
19 3
8 6
11 3

22 17
33
11 16
6 10
0 12
15 14
20 9
15 4
21 12
20 13
20 7
7 11
11 9
16 14
9 2
9 4
13 5
4 10
13 16
8 2
0 7
7 0
12 0
18 0
18 1
18 13
12 4
9 3
10 12
21 16
5 14
7 7
0 0
7 12
3 16
11 3

16 5
36
5 4
0 3
11 0
0 2
8 2
4 1
3 4
5 1
15 4
15 1
3 0
9 0
6 0
1 1
15 3
6 1
11 4
1 0
4 0
4 3
14 4
1 2
2 1
1 3
5 0
7 1
4 4
11 3
10 4
2 3
12 0
13 2
3 1
12 2
5 2
2 0
5 4

9 34
58
1 2
2 22
6 21
6 15
2 30
0 14
7 20
0 11
3 26
4 29
0 25
5 33
2 7
8 17
5 7
2 23
7 0
3 15
8 24
7 33
0 16
3 1
4 16
4 6
6 26
7 18
4 5
3 6
8 12
3 7
1 25
6 32
3 29
7 29
7 26
8 6
4 26
4 14
4 18
1 26
2 21
6 20
8 4
4 8
1 8
4 22
1 12
7 25
3 17
6 10
7 5
0 2
5 9
0 18
8 25
2 33
2 13
6 2
9 2

8 5
6
4 0
3 3
5 0
5 4
4 2
7 2
8 3

5 6
18
4 0
1 3
4 2
4 3
0 3
2 3
3 4
0 5
1 4
3 5
2 2
3 1
1 5
3 2
2 4
1 0
1 2
2 5
4 5

29 3
29
3 2
8 0
15 0
28 2
25 1
5 2
3 0
1 2
22 0
19 2
24 2
27 0
20 0
15 1
28 0
11 0
17 0
21 1
26 1
10 0
1 0
9 2
13 2
0 0
17 2
7 2
14 0
22 1
24 0
7 4

21 33
72
14 29
6 14
18 0
13 5
13 24
20 30
14 5
14 24
13 1
11 17
8 24
5 5
20 28
2 10
12 17
4 15
2 0
8 14
3 15
13 0
10 27
3 12
17 32
2 28
17 28
20 20
4 12
13 15
3 23
14 16
10 2
17 25
12 26
14 23
17 10
13 20
19 3
0 21
3 14
14 17
16 13
13 21
14 12
8 20
2 11
8 21
5 25
4 28
17 17
0 6
15 18
2 5
8 7
16 23
13 4
12 11
14 20
11 20
8 9
20 8
8 31
2 19
19 17
8 11
2 15
3 9
7 18
2 25
4 6
9 3
18 1
17 12
5 5

14 10
26
12 6
12 9
13 6
12 3
13 8
10 9
3 3
2 9
4 8
0 3
6 1
10 4
1 3
10 2
4 7
13 2
4 3
2 2
11 6
10 8
3 5
7 5
6 8
9 4
4 4
13 1
12 2

2 28
17
0 21
0 5
1 10
0 6
0 1
0 23
0 0
0 12
1 12
1 18
1 0
0 14
1 7
0 2
0 10
1 25
0 26
9 3

34 10
31
0 2
23 8
18 4
11 0
22 4
32 5
16 8
27 8
22 2
14 4
29 1
12 3
24 9
21 5
22 7
21 6
21 7
19 3
5 0
13 4
12 4
0 3
12 6
4 0
5 7
0 7
5 8
29 2
27 6
2 9
16 9
6 1

17 35
89
7 12
9 18
12 29
14 32
1 31
8 0
0 27
9 17
6 8
16 15
12 9
3 3
1 6
9 27
3 28
7 6
4 31
0 18
8 20
13 19
6 30
9 2
2 15
11 3
13 29
15 19
7 26
11 0
1 33
5 26
16 8
4 34
15 1
13 18
3 23
3 8
14 0
10 22
7 10
7 32
4 24
8 31
11 34
14 25
9 7
10 3
12 4
5 19
6 6
14 30
10 15
11 2
16 24
9 31
2 3
1 7
16 31
0 3
10 9
11 28
6 24
6 23
14 27
12 22
10 13
14 26
16 25
11 10
12 26
2 5
7 15
8 18
12 18
1 1
1 17
4 8
9 28
15 33
12 14
5 29
0 19
6 11
5 9
14 13
9 23
0 24
1 10
13 15
2 22
8 1

10 11
45
1 5
4 8
8 7
1 3
2 6
5 1
9 4
2 1
0 5
1 0
5 10
6 7
8 10
4 9
1 6
5 7
9 3
9 0
7 6
9 1
4 2
6 0
1 9
4 0
7 3
0 2
6 2
4 7
8 3
0 10
4 6
5 6
1 2
6 9
6 10
4 5
7 4
7 1
8 5
8 1
0 1
2 4
5 9
3 8
0 3
4 4

8 19
56
1 16
2 4
7 12
3 2
5 2
4 15
0 1
1 3
5 11
4 5
4 6
2 9
5 4
3 12
6 6
3 16
3 17
0 15
5 8
3 18
7 8
5 5
1 1
7 11
0 4
6 9
2 17
2 0
0 10
4 12
1 17
4 8
6 17
5 12
1 10
6 11
7 17
3 11
5 16
0 8
2 5
4 17
6 8
6 5
6 12
3 14
6 7
7 10
5 10
0 13
0 5
6 10
3 7
3 8
4 14
0 2
4 1

31 30
90
1 18
3 28
23 16
8 24
18 29
13 12
18 19
10 5
27 7
26 15
8 3
28 27
27 5
27 2
5 25
26 14
21 16
13 18
8 11
1 2
17 24
7 3
5 2
17 0
11 11
22 18
12 17
23 10
17 6
8 5
4 13
14 9
12 3
18 28
19 29
24 24
9 0
21 10
7 6
18 25
22 26
27 8
2 23
2 4
28 3
20 26
30 26
26 20
21 7
19 21
3 10
20 22
28 29
20 3
7 26
26 24
10 4
29 24
2 6
24 23
6 15
23 19
9 20
25 22
15 11
25 10
30 0
8 17
17 3
30 5
6 21
4 29
6 20
23 13
14 22
19 16
4 19
12 19
2 20
30 10
6 24
9 28
6 29
6 14
27 13
6 10
25 24
12 2
23 22
20 0
10 1

16 28
37
5 24
3 26
2 15
12 2
15 22
6 4
7 16
4 22
5 8
2 19
9 13
4 8
4 20
6 10
7 19
10 12
14 7
1 25
6 21
4 23
6 8
0 23
11 24
15 19
8 23
8 7
15 2
13 23
11 15
15 6
8 18
3 16
5 19
14 1
11 13
14 2
10 24
9 5

11 14
31
7 0
7 13
7 7
4 9
5 1
6 6
4 10
6 2
2 0
10 8
9 7
3 3
9 1
0 11
8 8
3 11
9 4
7 3
5 8
10 12
5 3
7 10
4 5
5 12
4 4
10 9
1 12
3 0
6 7
10 1
2 9
6 2

1 17
11
0 16
0 4
0 14
0 0
0 11
0 5
0 15
0 1
0 6
0 9
0 3
7 4

