100

4 14
18
3 9
0 12
3 12
3 6
0 13
1 12
2 3
2 9
1 10
3 7
2 0
2 12
1 2
0 11
0 0
3 12
0 8
1 6
95 2

8 14
19
4 0
2 6
3 3
7 7
4 3
6 11
3 6
6 9
7 2
7 7
7 8
4 6
7 2
6 4
2 6
6 7
3 4
4 0
1 10
35 3

10 11
5
3 2
5 9
8 4
7 8
4 2
67 1

4 12
18
0 4
1 0
0 9
0 1
2 0
3 5
2 1
2 4
2 1
2 7
0 4
0 8
3 0
0 6
1 5
1 0
3 5
2 6
88 9

5 15
1
0 5
83 10

6 3
1
5 2
43 9

2 13
10
0 2
0 5
0 1
0 8
0 3
1 2
1 6
0 3
1 1
0 1
43 9

4 4
3
0 0
0 0
1 0
27 6

3 14
5
0 3
1 12
0 9
1 8
2 8
52 2

10 14
69
5 1
9 6
1 10
6 10
8 7
2 3
7 0
6 2
9 8
3 1
3 6
3 6
8 5
4 6
9 7
8 5
3 13
5 10
7 5
0 4
2 6
2 6
2 13
8 4
1 8
6 12
6 1
7 10
1 1
1 1
4 11
7 13
6 10
1 2
3 12
6 11
0 13
4 4
9 13
7 5
8 11
5 9
8 4
5 5
7 5
5 3
2 7
4 4
7 8
1 5
8 2
7 5
5 3
7 10
4 3
8 5
1 13
9 8
8 6
0 1
6 12
5 10
8 10
5 1
6 8
3 10
5 0
0 1
8 2
18 8

8 5
1
7 1
94 10

2 2
1
0 0
81 7

11 7
30
5 5
6 6
10 2
9 0
10 6
1 3
0 4
1 1
8 2
10 2
8 0
1 0
9 2
0 5
3 3
5 2
2 0
0 4
0 5
0 3
7 0
0 5
4 2
10 1
9 0
8 4
8 5
8 0
3 4
5 1
80 6

2 11
10
1 9
0 7
1 9
0 1
0 0
0 0
1 10
1 5
1 1
1 4
93 5

15 4
26
2 1
7 0
7 3
12 1
10 2
5 1
2 2
5 3
4 0
4 2
2 1
3 2
11 3
11 0
9 0
13 1
7 1
10 3
0 1
5 3
1 3
5 0
14 2
12 0
9 0
12 2
26 2

6 3
6
4 2
3 1
5 1
1 1
3 2
5 1
42 5

8 11
29
0 0
5 4
7 6
6 3
3 9
4 3
5 0
1 2
0 10
4 5
5 8
3 8
2 8
6 0
1 4
2 8
3 10
4 8
3 4
1 9
7 2
4 2
5 8
4 2
2 2
5 8
0 6
0 8
7 8
32 5

2 5
2
0 2
0 1
98 6

11 15
47
4 1
6 14
0 0
2 1
5 6
3 12
0 4
7 3
5 4
4 2
8 3
4 2
10 5
7 8
0 4
5 14
1 6
4 1
9 2
8 3
5 7
7 2
0 0
9 13
10 1
4 9
4 10
3 6
5 10
2 1
6 7
1 2
7 12
10 7
5 8
8 14
3 13
4 5
7 1
4 0
7 8
10 2
6 10
5 4
6 2
3 3
5 5
25 1

7 6
10
2 3
1 5
0 3
1 1
3 3
0 3
5 5
4 3
2 5
0 5
94 7

2 10
9
1 3
0 7
1 8
0 9
1 5
1 6
0 6
1 2
0 1
98 8

5 4
2
1 1
0 1
17 3

4 11
6
2 3
3 7
0 4
0 3
3 9
3 1
57 6

13 10
12
12 6
3 4
11 8
6 3
12 3
5 8
5 3
1 2
10 8
7 6
1 0
10 3
80 7

10 7
22
9 0
7 5
3 5
0 4
7 6
7 1
5 3
3 0
2 0
1 5
7 4
8 1
9 5
4 4
7 4
8 6
4 6
5 6
1 6
3 3
3 1
6 6
4 5

8 7
6
4 0
4 2
3 5
2 0
4 4
3 5
72 6

5 9
11
4 3
1 0
2 2
1 4
3 4
3 8
1 5
2 3
2 1
0 8
2 8
15 3

12 12
24
9 3
0 3
3 11
10 1
3 4
0 9
10 4
6 11
5 11
10 9
3 10
8 4
0 6
5 5
6 8
7 8
0 4
0 9
3 9
7 9
5 1
5 11
8 8
2 0
38 10

10 6
28
0 2
6 1
7 2
6 4
4 1
2 3
0 0
7 0
0 0
4 0
6 2
7 3
4 5
4 5
4 5
6 5
8 3
6 2
3 5
6 2
0 1
5 5
2 3
7 1
0 0
3 4
9 1
7 4
54 2

10 4
13
4 1
8 1
0 2
6 1
0 1
6 2
9 0
8 1
5 3
1 3
0 0
2 0
5 3
38 3

10 15
40
6 4
4 1
5 5
6 6
8 1
1 7
3 3
7 0
4 5
2 10
2 10
5 12
2 9
5 0
7 5
4 10
0 9
4 8
5 11
5 5
2 12
7 12
9 8
8 10
4 12
5 5
6 0
8 7
8 13
4 7
2 4
7 8
6 8
6 13
9 14
7 4
2 4
1 1
3 6
8 11
96 10

5 4
2
1 0
3 1
16 3

3 14
7
0 6
0 12
2 1
0 2
2 13
1 13
1 8
28 6

13 8
31
4 6
1 6
1 2
6 1
8 7
0 7
2 7
10 7
8 0
3 5
11 0
1 5
8 2
4 5
0 1
0 1
6 3
9 5
12 2
11 3
8 2
10 3
12 4
10 4
7 0
5 6
10 6
6 6
10 1
0 0
11 3
49 4

10 7
22
0 2
5 5
0 6
2 0
4 4
4 6
4 5
1 5
0 6
8 4
4 2
9 3
4 2
4 4
2 5
7 0
7 2
6 2
9 5
5 4
2 6
2 4
39 3

8 3
8
1 2
0 0
4 1
6 1
7 0
2 0
1 2
6 0
26 4

2 13
7
1 7
0 3
1 4
1 10
1 3
0 9
1 8
68 2

4 7
8
0 2
1 5
3 0
3 1
2 0
2 0
0 4
0 1
52 1

10 10
50
0 7
2 1
8 0
6 7
3 1
6 9
1 9
2 5
1 3
8 6
6 1
2 1
6 7
6 8
6 3
2 6
7 5
2 6
5 6
2 5
7 5
0 4
9 5
1 6
7 3
5 0
6 9
3 2
3 4
6 0
0 5
9 8
6 1
9 0
7 2
8 2
2 7
9 4
4 2
1 5
7 8
2 2
0 4
9 4
2 9
6 1
3 3
1 4
4 0
7 1
24 8

9 8
30
6 7
1 5
3 1
4 6
7 0
7 7
2 7
8 4
5 6
1 1
8 7
8 5
6 4
6 3
4 5
5 0
4 5
8 6
8 1
2 6
4 3
1 5
7 3
7 6
1 7
2 1
0 3
7 7
0 6
0 4
80 5

2 12
7
1 1
0 8
1 3
0 4
1 4
0 4
0 8
37 3

10 14
52
7 9
2 6
4 8
0 9
7 12
0 8
2 6
9 13
7 2
3 4
7 3
4 7
9 2
2 6
5 11
0 2
8 5
9 11
8 13
3 13
5 3
8 8
7 4
0 2
5 5
1 4
9 2
2 4
5 9
9 0
2 13
4 13
9 13
8 4
0 12
0 9
9 5
3 12
6 11
5 2
7 10
2 7
7 4
6 13
7 9
8 1
2 13
5 3
8 12
1 12
6 7
1 9
58 6

12 5
30
8 0
7 4
11 0
8 1
10 3
7 3
11 4
11 2
8 1
10 2
4 0
9 4
0 0
10 4
5 3
10 1
0 0
1 4
9 3
8 2
11 2
10 1
9 3
6 1
7 0
8 2
6 3
11 3
10 3
7 4
100 5

14 12
46
5 5
0 7
1 11
2 4
3 4
9 4
10 1
11 5
6 3
12 7
1 5
0 11
9 10
12 0
0 11
7 0
12 1
3 3
1 6
6 4
9 5
9 10
2 8
5 4
8 11
7 8
10 2
0 1
10 4
12 0
2 5
11 9
8 1
11 2
5 11
0 1
0 5
13 1
12 9
5 2
6 9
3 1
2 8
4 7
3 11
6 6
26 8

8 5
17
2 3
4 4
0 3
5 0
2 2
3 1
1 1
7 0
6 0
4 2
5 4
7 1
0 4
2 3
0 2
6 0
5 4
28 5

4 9
13
2 6
2 2
2 7
2 0
0 8
3 0
2 5
3 4
0 2
1 3
2 2
1 4
2 2
57 8

15 14
33
11 6
14 2
0 9
4 12
8 11
12 12
6 7
8 5
5 6
12 4
2 1
4 10
11 4
12 9
3 2
1 13
11 1
4 3
5 7
3 3
1 6
2 1
13 8
4 11
1 2
6 10
4 9
13 4
9 12
1 1
13 0
9 5
9 4
25 9

13 14
51
12 3
2 8
10 6
12 0
5 1
11 4
7 12
12 3
9 10
0 9
6 9
11 1
1 9
10 12
10 1
9 10
2 8
12 5
7 8
12 12
5 10
3 1
11 10
5 7
12 3
12 9
0 11
5 8
2 9
0 6
1 7
6 13
0 6
7 5
12 11
10 11
2 7
10 1
6 1
12 2
3 8
2 9
8 11
4 13
0 11
1 11
2 0
0 2
7 1
5 11
9 0
66 4

13 11
29
4 3
7 7
0 1
8 9
12 3
3 4
3 3
11 3
10 0
2 0
1 3
4 7
1 9
10 10
5 4
9 0
6 4
0 0
0 1
1 5
12 9
10 5
4 0
11 1
0 9
0 0
5 4
0 9
3 0
41 5

12 15
81
7 4
11 5
8 8
5 5
5 10
8 1
10 7
8 14
1 2
0 6
8 10
6 7
7 1
6 2
7 6
3 4
1 11
5 9
2 3
2 2
5 11
11 4
7 4
7 5
3 14
2 14
5 5
0 5
11 14
0 0
2 0
9 13
3 6
7 0
6 0
3 10
11 6
8 2
5 7
11 5
0 5
1 6
3 6
8 8
2 13
3 4
4 1
9 4
0 14
4 5
9 5
7 6
3 2
2 4
11 6
5 7
6 1
10 3
3 2
8 12
8 9
2 10
4 12
4 1
0 6
11 14
2 5
4 12
6 2
6 2
7 12
10 1
1 4
5 2
6 4
3 0
4 11
1 6
10 9
0 10
10 5
92 7

3 11
3
2 2
2 7
2 4
30 9

5 5
9
1 1
3 1
3 1
4 4
0 1
2 2
4 1
0 4
0 4
50 2

2 4
2
0 2
1 0
84 4

5 2
1
3 1
77 4

15 11
42
2 4
6 5
11 4
11 4
3 10
14 2
11 1
14 3
3 0
10 8
2 8
2 3
10 5
5 2
3 10
13 1
2 5
1 6
9 6
8 9
3 9
6 8
13 3
7 1
9 9
1 4
14 5
10 7
9 0
10 6
3 5
8 6
1 2
14 1
3 2
13 7
8 5
3 10
0 6
9 1
13 7
0 2
5 1

13 7
43
2 6
12 2
9 2
4 2
10 2
2 6
0 2
12 6
9 5
2 1
4 1
2 2
10 2
6 6
11 0
11 0
10 5
9 4
8 4
10 4
10 3
2 1
7 3
5 2
9 5
9 2
4 6
3 6
5 0
7 5
12 5
4 1
7 3
4 0
1 5
8 2
11 3
12 6
0 3
12 2
9 0
9 5
2 5
68 2

6 5
14
2 2
5 1
2 3
0 1
0 0
4 0
3 0
0 0
5 3
5 1
5 1
4 4
1 2
4 2
18 2

11 7
6
3 6
7 0
5 3
6 6
7 0
8 1
42 3

2 15
10
1 9
1 12
1 6
1 12
1 9
0 3
1 0
0 0
0 6
0 14
100 4

5 8
12
3 1
2 1
0 1
1 4
1 4
1 1
0 2
3 6
2 1
1 3
2 4
4 1
48 6

6 14
24
5 1
0 12
2 8
2 4
1 2
1 7
1 12
1 0
1 10
2 11
0 12
2 2
4 3
2 1
0 10
1 0
3 4
2 8
2 1
5 8
5 3
4 2
1 4
0 12
75 7

9 15
28
5 1
8 7
2 4
0 0
2 8
2 7
8 8
0 8
4 3
8 2
4 10
8 7
5 10
7 6
7 14
2 11
0 12
0 2
4 13
3 5
2 5
8 2
3 9
1 12
5 5
4 13
2 9
2 10
57 8

4 6
6
3 2
3 3
1 3
3 0
3 1
0 5
12 1

5 7
13
2 5
2 0
3 6
2 1
0 4
4 1
4 5
0 1
0 4
1 3
0 1
3 0
4 1
17 8

6 13
21
0 0
3 11
2 9
4 12
0 2
0 6
3 12
3 5
5 2
5 4
1 6
3 11
1 9
1 11
5 1
5 0
2 9
0 8
2 4
0 9
0 2
44 2

3 10
2
2 4
1 1
7 3

13 2
11
11 1
10 1
1 0
4 1
6 0
5 1
11 0
11 1
12 1
10 0
11 1
19 8

13 12
20
11 2
4 3
7 8
9 10
0 5
6 5
5 0
7 0
6 5
12 8
7 3
10 9
0 1
4 11
6 6
7 11
6 5
8 11
5 1
0 8
51 9

2 2
1
0 1
56 7

11 8
2
5 1
2 4
37 10

14 13
35
11 2
10 7
0 5
5 4
5 1
7 1
5 7
6 9
3 7
8 0
2 10
11 3
6 6
13 5
3 4
10 2
1 4
9 11
9 5
12 4
13 8
11 7
8 1
9 0
0 7
12 12
12 12
5 7
9 11
10 4
0 4
10 4
10 1
2 5
2 6
85 1

4 7
10
3 6
0 2
3 1
2 6
0 0
0 6
1 3
3 0
1 4
3 4
15 8

10 12
54
3 7
0 4
1 3
5 9
0 4
8 2
1 10
7 2
0 1
0 9
0 5
5 9
9 1
3 9
7 10
0 4
8 3
3 11
9 10
4 10
6 9
0 0
4 11
5 3
7 2
4 2
5 5
8 10
6 8
2 4
9 9
5 1
3 3
9 9
6 3
4 10
8 1
2 9
0 4
8 0
7 1
6 9
2 11
9 8
3 3
6 11
5 11
7 11
1 8
2 1
3 4
3 2
5 4
2 4
52 10

12 5
1
2 3
85 9

11 8
16
1 2
5 4
8 4
6 4
7 0
6 4
1 2
4 3
6 4
7 5
4 5
7 7
2 1
8 5
5 2
6 4
25 5

3 4
4
1 0
0 3
0 2
2 2
10 8

9 6
24
3 0
1 2
5 3
7 1
0 2
2 3
1 5
3 2
4 2
8 1
0 3
5 4
8 1
1 1
5 5
5 3
1 2
6 4
1 5
7 4
5 5
5 5
2 1
4 3
42 9

3 8
3
1 4
2 3
0 7
27 9

8 14
53
0 2
5 1
6 12
0 1
4 12
6 9
0 13
4 13
2 8
7 0
2 8
5 11
2 8
1 11
0 7
6 2
5 13
1 1
0 2
2 4
4 6
1 11
2 13
6 2
3 7
3 0
4 2
0 4
0 4
2 8
4 5
6 1
3 7
7 11
7 6
0 5
5 5
0 9
3 10
4 0
4 10
3 6
6 12
5 0
6 1
3 0
3 1
4 13
3 2
0 4
5 9
2 7
0 13
26 1

4 3
1
3 0
96 1

8 5
15
5 0
6 2
4 4
1 4
0 1
2 2
5 1
0 1
2 0
1 2
6 0
6 0
7 0
0 0
3 0
83 7

4 6
7
0 4
3 0
1 2
3 0
0 1
0 5
2 0
16 2

11 14
22
4 9
0 0
7 11
4 10
7 11
2 7
3 13
10 4
7 7
9 8
6 4
2 13
3 8
4 4
0 0
7 9
6 1
9 11
7 3
0 3
6 4
10 7
55 4

3 12
15
1 11
2 0
2 4
1 8
2 8
2 10
1 0
2 8
2 6
1 1
0 10
0 7
0 11
1 1
1 9
90 10

4 2
2
2 1
1 0
62 5

6 3
7
2 2
1 0
4 1
5 0
3 2
0 2
2 0
15 6

7 4
3
0 3
0 1
3 1
37 5

11 5
17
5 2
3 4
8 2
9 2
4 2
8 1
7 3
6 4
1 3
3 2
1 0
5 3
10 2
9 2
6 4
0 2
8 0
96 3

5 11
13
0 1
2 8
2 4
2 5
4 9
0 0
0 0
4 0
4 2
4 8
1 3
3 9
4 2
47 5

11 9
6
9 6
10 0
10 4
2 6
4 1
2 2
72 2

11 2
1
8 0
100 8

8 12
29
4 0
5 1
1 6
4 1
2 10
2 7
0 0
2 7
7 1
1 9
4 0
1 9
2 10
1 11
6 9
1 7
2 3
5 3
5 4
4 5
3 5
1 9
7 3
2 8
4 5
2 9
3 5
1 1
6 10
36 5

11 6
30
1 5
10 4
0 5
1 1
0 2
4 4
10 2
3 1
10 0
2 2
3 0
5 1
2 1
4 4
3 0
3 4
6 2
7 1
1 2
10 1
10 4
7 5
8 0
9 4
3 2
1 3
1 3
4 5
8 1
9 5
98 1

11 10
4
9 4
1 8
6 3
4 3
78 8

3 5
2
1 4
0 0
98 10

12 7
7
3 3
10 1
4 0
7 3
3 1
7 4
3 3
83 6

7 14
24
3 10
2 4
4 5
1 6
0 2
5 12
6 5
5 6
6 10
4 13
0 3
1 7
4 8
3 8
0 7
6 8
1 6
5 2
3 7
6 1
3 3
5 5
0 9
4 9
83 5

2 5
3
1 2
0 3
0 1
61 4

6 11
14
5 3
5 4
4 6
0 1
4 6
4 4
1 5
5 5
2 4
5 5
1 4
5 2
5 7
0 7
61 2

10 11
29
1 1
8 1
0 2
8 6
5 1
3 6
7 10
4 7
2 4
5 4
0 5
5 1
0 9
1 3
0 1
9 5
1 8
5 5
8 8
9 6
9 7
2 8
3 0
7 3
4 10
9 6
3 9
1 4
4 7
80 1
