20

44 50
13
3 35
21 27
20 24
17 29
24 48
21 2
14 13
18 18
28 21
1 5
23 33
25 21
33 31
1434 1739


57 33
15
27 20
27 15
20 31
34 1
47 1
6 20
25 32
35 28
9 17
28 0
25 2
21 6
55 6
18 20
4 0
1716 2823


33 53
29
21 24
30 8
18 4
15 1
14 13
27 37
21 6
23 45
19 33
8 5
16 39
4 42
10 30
19 7
0 11
15 4
30 19
29 48
23 25
7 14
19 28
3 30
18 28
18 50
17 27
25 10
30 21
2 0
1 52
1681 2875


46 54
11
45 33
25 36
15 25
29 41
18 27
12 50
41 48
41 29
21 45
8 15
3 5
1564 1606


58 54
10
30 12
51 31
4 7
40 22
27 16
29 44
52 38
17 26
18 11
38 5
1610 2433


46 32
26
16 16
30 3
16 28
35 4
10 8
21 27
32 14
24 27
21 8
5 22
30 19
26 7
24 10
8 25
19 28
27 24
2 20
34 23
21 4
22 11
17 13
27 9
14 25
27 12
23 23
11 3
1293 2666


56 41
25
16 16
42 16
49 33
17 20
4 12
9 37
46 8
5 8
38 6
16 22
13 7
9 36
0 4
13 20
28 6
7 27
26 0
11 0
7 5
3 19
17 27
20 2
43 26
1 8
49 13
888 2023


28 52
26
24 30
16 16
9 8
4 27
18 26
10 21
26 49
5 1
24 22
22 2
19 36
7 19
10 9
9 20
13 39
5 21
11 50
17 40
8 34
13 27
15 28
0 31
2 25
18 11
6 16
4 32
1980 1841


33 32
28
15 27
30 26
1 26
3 0
10 6
21 2
19 22
3 17
20 17
27 29
29 18
16 10
17 28
16 29
9 28
10 19
29 2
22 11
4 11
5 10
16 31
12 19
31 27
25 13
2 0
13 18
4 3
22 30
197 3410


31 44
13
9 1
28 11
26 32
29 41
14 7
15 0
29 32
11 29
26 28
16 21
11 20
27 8
20 15
1095 3188


32 38
11
6 19
25 17
6 11
25 19
0 24
23 23
11 32
3 18
3 19
0 34
7 2
713 860


54 30
23
25 5
35 1
26 11
30 18
27 29
25 4
32 20
53 28
19 14
41 4
1 1
32 28
18 13
29 11
50 16
19 2
33 10
9 6
37 11
49 10
41 3
44 18
3 29
1039 3997


31 27
13
12 14
21 0
16 3
5 7
28 23
8 21
28 3
2 3
25 1
13 8
5 23
19 20
3 14
683 3068


46 25
25
44 15
4 8
14 13
42 20
21 16
12 16
43 15
30 4
19 11
43 16
10 7
17 11
36 12
16 18
32 21
36 19
22 15
39 19
10 1
38 22
27 22
29 10
35 19
18 18
34 14
745 3098


30 51
29
22 13
5 44
28 22
20 43
6 24
13 41
21 13
14 22
12 44
25 39
3 31
9 24
5 4
22 46
25 45
11 21
25 21
18 21
5 3
22 35
13 1
2 50
0 46
24 16
11 3
23 23
7 48
15 40
14 21
1898 811


59 49
24
18 22
33 22
16 2
51 27
0 43
27 11
55 18
58 14
48 2
40 14
23 10
3 13
21 33
36 23
4 25
42 27
24 11
39 23
40 15
27 0
12 0
8 43
30 17
26 10
5 523


41 48
11
36 42
14 17
21 15
4 38
12 26
7 6
7 25
24 35
10 46
29 14
35 26
568 1739


60 51
28
15 44
51 40
48 8
28 34
18 19
51 32
33 33
2 26
33 17
0 11
46 26
16 18
47 26
58 25
26 21
23 43
50 5
24 24
54 43
10 41
18 14
44 25
49 43
38 0
48 0
48 26
59 31
42 28
1560 308


58 60
11
11 7
50 45
10 10
45 48
13 51
22 9
31 2
42 55
26 7
57 41
43 24
364 2594


50 27
15
27 0
4 1
15 2
13 14
9 21
10 6
19 4
26 3
12 24
12 18
49 22
46 0
41 17
36 20
18 11
34 2697
