20

48 40
60
43 7
7 21
43 17
39 26
36 15
7 38
9 22
41 9
24 37
11 35
11 28
47 28
35 18
1 6
15 8
28 38
14 22
41 32
2 38
11 5
24 27
37 39
19 36
33 17
15 0
35 21
7 19
42 21
5 0
27 5
7 28
31 35
33 11
27 28
41 25
14 34
19 21
27 32
9 32
45 34
43 31
40 29
47 18
35 6
14 20
4 20
6 5
26 18
44 32
4 15
36 36
43 0
1 38
9 30
31 2
1 7
31 20
37 28
36 20
4 32
1713 3409


32 59
82
21 14
17 8
27 46
20 3
17 29
9 8
10 6
26 35
11 28
15 1
22 19
7 51
4 55
30 22
4 56
11 24
27 37
5 8
17 15
5 30
6 36
15 54
7 46
17 6
30 0
8 55
7 15
0 57
15 35
23 54
0 24
15 0
25 57
12 13
4 48
12 37
19 47
31 22
28 0
14 1
12 48
19 32
18 31
22 10
20 49
30 24
21 45
22 21
2 39
22 52
14 34
20 31
20 1
14 39
18 17
15 10
1 40
28 47
22 39
3 55
28 32
23 57
31 28
6 19
31 36
12 46
10 36
23 42
3 1
16 8
16 27
29 55
28 33
14 32
20 51
25 33
21 36
30 36
12 23
15 16
12 54
21 24
1687 104


56 51
33
49 18
12 1
23 8
47 28
45 49
33 18
18 19
34 46
52 16
37 9
15 23
39 25
0 37
13 40
52 36
25 22
53 13
52 26
47 30
29 21
2 10
24 2
24 44
12 29
51 6
42 42
41 34
37 17
39 38
19 1
42 1
35 48
53 39
141 641


50 57
139
39 46
17 7
38 1
37 7
40 41
25 54
33 3
25 43
31 5
5 18
4 46
19 14
45 48
2 42
1 28
23 44
41 18
48 17
17 41
14 24
4 16
39 48
25 21
49 48
47 37
0 1
31 51
13 38
20 42
26 43
39 42
24 21
20 16
11 16
45 54
17 29
49 0
46 7
33 18
8 28
32 9
12 2
15 0
43 47
37 19
17 24
38 41
12 7
8 42
16 23
30 43
29 33
12 18
43 1
47 18
9 2
46 50
1 47
16 1
39 51
12 23
40 36
10 37
1 48
7 56
49 30
32 13
20 17
39 3
16 36
27 25
4 13
44 42
34 5
9 24
40 5
46 40
6 15
20 27
37 18
12 25
41 42
26 4
43 27
32 4
14 35
44 28
10 54
14 29
38 46
39 34
21 10
24 54
39 22
3 4
26 48
45 10
25 55
18 44
0 47
6 6
3 42
45 36
28 55
10 21
30 37
20 8
43 15
16 24
14 55
11 38
10 34
43 16
16 43
12 33
42 39
23 11
5 12
10 27
20 18
45 52
19 10
38 29
26 0
32 24
14 39
10 50
43 32
8 30
43 53
13 1
45 19
41 20
45 6
48 26
37 32
19 45
9 5
33 0
1195 536


29 29
25
14 4
6 28
8 0
24 26
18 26
12 5
20 7
24 13
19 0
26 6
10 8
9 15
28 2
26 7
27 23
7 1
24 6
8 21
4 14
20 5
0 8
21 18
12 22
6 27
14 8
1071 3004


55 57
103
52 28
27 2
20 48
29 27
46 48
46 39
25 26
38 2
18 9
32 41
13 20
50 1
6 51
35 16
52 37
46 23
54 32
6 41
45 2
37 44
10 51
2 54
16 13
41 6
45 54
7 21
39 13
17 34
7 51
37 47
53 7
36 4
14 6
49 19
46 50
24 25
48 54
7 17
31 20
34 38
42 43
4 8
33 27
12 51
1 37
42 53
26 39
21 39
24 47
4 13
2 56
42 54
0 40
46 40
28 56
27 32
46 31
36 19
18 2
17 10
24 6
38 25
1 9
40 15
21 51
16 8
47 29
31 45
8 49
34 17
12 47
40 12
24 26
16 2
40 31
42 14
53 38
42 29
6 50
44 27
35 11
51 35
30 19
37 1
52 36
42 3
7 23
32 34
29 38
27 23
43 10
40 53
54 16
19 46
22 15
9 10
29 2
5 41
2 21
10 45
36 56
35 48
13 42
1491 117


52 47
72
11 16
28 18
5 9
6 39
0 20
0 14
22 44
34 14
13 26
1 17
43 3
13 17
28 1
27 11
19 22
9 18
28 26
40 27
26 16
21 27
37 6
36 8
45 4
26 29
49 27
12 6
39 36
24 1
28 39
35 36
11 13
41 46
33 25
11 30
37 38
17 32
21 23
50 27
2 43
13 15
2 10
13 6
38 25
9 38
14 15
29 2
11 21
22 11
18 28
7 22
29 15
26 13
0 34
27 22
49 5
41 45
16 31
9 2
14 36
50 37
9 35
0 13
33 4
25 13
37 21
35 19
22 8
27 8
7 43
46 2
24 21
41 44
296 1112


49 40
23
39 26
44 37
11 23
27 29
43 16
40 13
29 31
1 28
40 28
32 3
42 8
7 14
22 24
39 39
32 25
47 3
39 18
43 26
24 3
46 15
18 18
40 17
9 5
842 1823


58 53
53
38 19
23 51
1 21
38 50
9 1
41 40
26 35
36 46
21 35
17 34
49 21
48 1
36 3
18 41
57 2
18 30
20 17
4 42
39 32
26 20
18 12
15 30
4 46
35 7
23 6
40 48
38 29
18 2
10 39
45 47
56 5
3 30
43 1
6 23
26 4
55 33
25 34
31 3
17 49
46 28
4 39
34 6
15 24
30 35
41 34
11 8
55 14
4 44
23 0
25 33
17 12
31 45
43 52
1215 3885


33 33
109
7 12
14 4
15 1
0 10
13 30
5 5
4 19
24 27
0 4
8 15
4 10
32 15
5 11
28 10
6 0
19 24
15 29
14 2
12 22
17 18
28 17
28 28
30 30
22 23
29 23
9 4
29 4
9 25
15 26
19 18
11 10
13 3
29 7
9 20
24 28
19 17
25 14
22 0
28 24
11 20
7 17
15 9
20 15
2 29
3 0
32 13
3 21
28 8
9 18
1 20
25 4
21 1
22 14
9 11
5 0
10 0
1 32
10 31
31 29
6 18
11 30
1 23
16 30
4 2
27 9
31 10
4 29
20 24
11 8
19 16
17 0
15 6
21 10
27 30
18 18
32 30
6 6
14 30
31 26
10 21
14 0
31 23
25 8
15 5
31 32
21 13
28 19
9 15
3 20
9 17
16 15
13 11
27 23
1 24
22 15
30 10
3 19
9 31
8 17
14 20
31 3
19 20
15 17
14 11
31 28
0 13
1 8
8 27
11 6
1657 3735


32 30
68
28 18
25 16
21 21
3 0
30 3
13 26
1 17
0 7
12 5
14 26
16 21
29 4
26 6
16 24
23 7
15 26
8 5
7 20
8 14
7 29
20 12
7 15
6 29
10 7
3 10
24 5
27 16
3 4
12 28
17 14
4 1
4 10
17 19
21 26
14 10
23 10
21 0
7 27
15 3
27 19
14 6
11 0
22 11
3 26
29 15
16 19
8 26
17 27
30 6
26 18
11 17
9 27
6 8
1 22
11 8
2 21
15 21
18 14
28 28
11 29
1 8
26 5
28 15
5 20
25 20
10 29
28 25
21 24
1880 2421


43 50
112
20 25
11 11
13 4
22 19
18 19
7 42
23 26
11 47
23 7
8 24
25 26
41 29
7 19
11 27
36 22
37 41
27 1
23 10
18 46
22 12
37 44
5 14
39 42
40 7
16 13
14 8
19 8
1 21
18 0
15 13
39 30
9 4
30 4
7 2
37 9
10 30
25 30
23 40
27 16
0 11
13 29
18 31
22 10
27 44
10 19
37 25
19 2
33 43
13 34
5 7
19 27
15 28
6 20
4 44
27 43
10 20
26 19
23 18
38 19
7 47
15 32
38 32
30 8
3 38
19 22
37 2
26 20
7 33
3 10
2 13
18 38
1 32
8 16
40 24
30 49
29 25
27 9
25 41
19 31
16 5
8 43
24 16
7 30
32 43
25 2
33 31
15 44
23 4
31 9
38 43
20 34
36 15
34 11
22 37
35 37
4 9
13 49
36 12
20 18
23 39
6 40
17 32
2 10
0 41
15 17
22 35
5 38
25 6
28 21
2 0
36 45
30 7
1266 2181


52 58
36
24 41
6 39
7 12
23 22
26 35
47 16
51 19
2 9
6 29
24 5
6 32
30 5
22 10
29 47
45 21
10 9
18 42
44 20
0 0
45 3
9 53
1 4
36 23
27 4
20 19
33 28
48 25
29 25
29 46
15 14
27 35
3 47
15 52
42 48
11 20
15 51
392 3574


27 28
86
16 9
15 20
20 20
0 7
26 11
0 10
3 7
11 5
9 21
14 18
5 18
17 2
24 14
11 27
26 17
17 23
19 3
25 15
22 3
8 2
5 11
10 24
7 5
5 21
20 19
24 11
6 26
13 10
12 22
21 15
19 23
21 24
18 0
3 11
17 6
19 7
25 19
22 16
13 16
20 0
12 24
26 8
17 24
3 6
26 7
23 6
25 25
14 6
19 2
2 24
26 13
2 7
4 6
4 17
9 23
12 4
15 9
11 25
25 9
9 18
12 9
19 11
24 9
15 12
9 11
3 16
24 19
14 10
21 23
23 20
6 8
14 16
17 26
5 19
25 27
16 21
21 16
20 8
0 3
9 15
11 18
13 11
1 24
23 16
7 9
25 17
426 1125


56 40
56
9 1
35 22
47 35
34 21
23 22
24 26
17 20
5 19
22 9
8 19
8 28
36 30
26 15
18 23
38 9
14 31
18 12
9 15
38 33
10 2
43 28
10 38
18 27
28 23
47 38
50 19
35 28
55 26
26 7
41 18
36 0
30 1
25 11
29 7
8 21
44 24
38 3
54 36
43 1
41 11
7 31
47 4
52 18
35 27
52 27
19 31
18 32
55 37
48 11
2 28
39 27
18 14
2 11
34 10
38 12
31 33
1075 1030


28 37
68
14 17
25 16
15 20
21 28
10 6
22 9
17 3
12 31
17 25
16 21
20 8
24 22
22 31
6 36
10 8
15 23
17 28
9 21
11 34
15 9
18 27
12 6
19 14
14 18
1 5
24 34
7 10
11 27
1 28
9 24
10 35
17 14
27 23
1 24
27 1
13 2
10 4
26 26
0 25
12 7
19 17
20 10
23 14
26 30
2 3
18 28
19 35
23 1
9 31
5 28
16 20
27 9
13 1
22 25
19 9
18 32
1 12
8 31
15 33
11 32
27 7
19 5
22 8
0 31
5 27
23 13
21 24
4 32
753 3235


33 58
105
15 27
17 7
5 57
26 11
17 25
27 2
13 45
29 8
11 5
24 27
21 34
5 18
28 35
30 23
9 36
21 40
23 53
7 22
2 11
21 43
24 21
21 24
22 23
5 37
13 13
21 21
18 26
16 7
32 55
18 16
5 53
21 52
29 7
5 4
31 4
27 44
24 15
16 23
20 10
0 5
29 16
26 56
18 32
7 53
8 3
20 54
26 34
32 49
7 4
27 43
2 44
26 19
32 26
31 50
1 48
1 37
1 42
28 38
13 12
12 20
2 19
0 15
23 2
31 49
27 10
8 29
0 37
11 56
18 53
7 14
3 54
32 46
14 57
1 4
8 52
21 51
16 5
23 48
24 16
30 40
11 29
9 42
29 45
19 52
16 49
13 33
22 54
28 55
27 57
32 50
4 45
3 48
9 15
9 17
22 38
15 56
7 32
17 32
13 39
9 31
25 34
10 28
23 42
9 35
22 8
988 486


39 37
139
10 17
25 31
24 17
13 4
0 7
25 12
21 9
13 17
17 25
38 27
23 7
4 0
28 5
0 32
9 21
30 23
14 1
6 25
31 22
36 22
17 23
4 10
30 14
3 23
34 30
6 0
5 24
30 29
2 32
7 5
15 29
12 11
11 21
14 2
27 22
10 36
28 28
2 11
30 11
25 33
14 21
30 30
8 18
36 2
0 27
38 8
20 3
27 21
18 15
0 14
28 22
2 12
0 36
15 26
14 22
3 34
31 18
14 5
26 8
2 2
27 5
29 26
5 4
9 20
6 11
14 19
18 6
13 19
28 11
9 2
34 31
20 33
36 14
5 20
12 4
35 19
0 31
23 33
16 20
38 12
14 3
18 11
34 21
33 8
4 22
36 3
20 17
20 12
18 12
28 23
35 33
18 27
24 34
5 0
4 24
3 16
33 11
25 29
31 29
38 7
20 22
1 23
20 1
34 33
22 4
30 6
36 10
16 5
20 24
38 0
11 29
17 26
27 3
37 36
8 23
35 1
24 26
35 18
23 32
0 3
17 16
27 14
9 15
30 9
13 36
25 22
24 10
26 21
1 13
32 24
33 5
34 2
25 28
6 19
15 2
17 35
33 19
0 35
32 8
457 2929


42 56
71
13 13
7 47
32 50
14 13
36 46
11 52
16 47
39 17
36 21
5 54
29 4
36 52
17 16
15 47
37 35
3 24
30 27
34 29
25 30
30 9
22 16
31 47
27 45
10 47
32 38
2 13
33 40
9 50
37 34
29 26
4 43
6 51
33 53
35 47
40 14
6 18
33 25
29 30
31 46
6 33
25 38
0 45
15 53
3 33
35 10
28 47
41 11
31 24
32 4
21 11
6 12
29 25
15 41
12 35
19 31
28 36
26 27
11 36
15 2
15 24
8 34
23 28
4 17
25 44
15 33
2 54
26 43
19 30
20 51
2 25
7 34
713 1210


44 26
109
41 13
7 3
40 3
15 20
7 12
41 23
15 1
7 25
43 20
39 11
35 10
19 24
16 0
20 19
37 0
28 17
29 1
34 3
31 2
16 13
21 24
11 16
43 7
7 21
38 8
43 8
0 14
23 22
33 7
3 17
10 3
7 2
17 6
15 23
41 22
39 7
24 5
23 6
35 14
40 14
31 11
16 4
14 6
17 22
39 10
9 13
19 12
35 19
15 9
19 1
11 25
17 17
2 8
32 13
30 8
11 14
20 17
20 12
0 15
3 10
11 13
19 21
42 8
41 0
38 7
37 5
42 7
0 25
2 20
32 17
32 4
33 1
40 2
5 16
19 16
40 21
12 19
22 18
2 25
18 18
42 23
26 10
21 7
32 1
3 25
33 12
10 6
34 11
19 0
25 8
13 21
21 13
4 4
10 12
14 14
39 2
2 16
25 11
32 21
28 16
1 13
2 10
33 5
40 6
30 25
12 15
13 14
27 8
36 11
1712 1840
