20

39 40
21
29 35
2 5
24 9
26 20
18 34
33 17
32 3
12 3
8 15
18 6
29 2
15 29
28 7
25 28
9 27
2 33
28 33
27 34
33 0
15 16
14 8
1141 1223


58 36
87
11 11
46 25
7 25
38 20
13 17
21 6
26 6
36 8
15 30
31 5
11 27
1 28
50 1
23 25
34 19
13 35
53 1
31 15
5 24
56 32
26 18
32 22
23 19
54 17
28 15
19 34
36 29
18 0
13 13
9 34
21 2
28 22
26 2
33 18
23 12
37 6
32 16
27 5
40 20
19 2
51 10
53 19
14 25
4 17
54 33
2 29
3 0
27 15
57 6
25 32
18 1
7 20
7 33
49 7
13 25
47 20
52 20
26 3
3 31
24 34
6 18
20 22
8 33
24 6
16 30
52 9
14 29
40 2
26 31
34 34
45 10
28 4
0 3
33 21
15 35
0 29
56 31
18 13
44 13
9 10
33 5
19 20
36 28
49 1
46 6
9 5
8 27
271 3957


26 50
109
21 47
5 31
16 9
1 6
25 1
1 11
15 47
12 40
15 11
20 4
12 28
14 43
24 32
25 38
15 29
6 26
21 18
14 49
7 44
14 36
4 15
3 1
1 49
8 18
11 15
24 21
5 40
4 32
7 21
16 16
6 39
0 14
13 26
21 2
11 35
8 28
5 1
1 33
17 6
13 3
0 24
21 5
11 4
0 18
23 34
15 7
10 32
14 25
4 17
15 28
4 44
7 17
22 43
5 33
12 23
18 11
9 38
6 46
21 14
2 29
20 43
1 37
10 26
0 28
7 20
21 20
13 25
10 38
12 48
6 15
8 46
14 10
25 18
12 25
17 31
19 31
23 48
5 16
2 40
11 29
18 7
10 33
24 41
11 49
0 47
6 6
20 34
11 2
17 3
8 40
21 16
20 8
15 5
24 23
12 10
0 29
21 19
12 21
1 24
16 40
7 45
12 38
9 10
5 15
20 41
4 39
0 26
24 7
23 13
593 1286


39 53
127
2 41
0 20
5 44
12 12
18 30
37 13
35 21
32 38
31 22
3 51
37 23
27 28
15 34
13 35
4 5
10 13
24 24
19 13
24 11
26 18
38 18
7 44
37 44
4 26
19 34
1 38
26 43
13 51
2 37
15 16
13 0
1 21
24 8
20 3
29 40
26 23
11 35
19 44
26 49
23 12
30 4
15 36
28 12
10 3
7 2
16 7
5 30
36 7
24 18
20 21
12 13
17 11
24 5
16 29
13 16
13 29
21 5
22 52
13 44
11 4
31 4
36 4
17 1
30 43
36 23
33 38
16 26
12 35
29 16
2 7
25 48
0 46
31 14
4 17
26 34
5 20
22 43
13 9
28 44
34 38
10 48
17 43
15 32
16 14
24 22
22 20
38 28
26 3
2 13
28 13
12 3
16 11
31 46
30 49
34 27
13 43
11 7
28 40
13 18
18 18
22 1
14 41
23 4
20 34
7 16
22 31
3 14
8 14
8 20
35 28
4 34
36 31
35 47
7 32
27 24
33 16
16 40
0 38
10 1
9 31
21 44
37 4
26 22
16 34
4 3
28 0
34 24
1365 1494


60 30
129
7 3
11 11
42 20
57 20
21 6
44 23
53 14
59 26
7 6
12 17
42 26
27 28
58 3
40 10
6 0
36 13
46 23
12 22
2 17
56 19
23 9
4 21
29 14
38 5
12 8
0 27
48 5
46 16
44 0
44 19
57 13
29 23
45 18
27 11
52 6
57 2
10 3
31 18
17 11
0 24
51 15
32 16
53 16
44 16
29 26
35 14
9 7
11 4
59 14
14 19
11 9
36 4
12 18
28 24
29 29
6 1
55 29
59 13
24 25
15 28
7 4
41 10
20 15
0 2
56 20
53 22
2 8
55 23
35 8
16 14
40 27
48 9
13 25
3 10
44 12
26 3
58 11
54 6
53 6
59 2
9 24
8 16
36 19
15 3
43 22
56 14
39 19
23 1
53 12
8 26
29 6
36 5
25 24
24 16
42 13
18 7
22 18
26 10
48 19
47 14
4 7
28 4
8 23
31 9
19 26
24 26
16 2
30 22
21 16
26 16
15 5
32 27
28 9
9 28
29 12
6 22
42 3
47 26
46 22
12 21
49 6
47 23
28 14
37 4
25 17
41 20
42 19
39 18
35 5
1267 2292


41 32
76
32 1
40 3
23 31
24 17
0 14
36 15
30 3
9 22
34 21
3 21
22 19
11 23
37 20
8 19
24 13
4 22
16 21
15 16
19 0
32 30
16 24
2 26
26 15
7 20
24 9
8 24
24 18
11 5
38 6
9 15
24 27
39 7
32 7
38 21
3 31
24 14
0 11
38 24
18 31
12 10
9 24
35 17
0 29
8 16
23 25
38 14
6 4
5 4
17 19
27 1
1 24
21 0
8 11
25 25
40 20
15 7
11 21
12 29
0 30
25 21
36 1
8 26
15 17
35 2
36 28
4 15
13 5
30 11
40 30
1 8
20 28
32 5
5 20
31 20
11 15
16 13
462 2611


43 56
131
5 31
29 50
31 19
4 36
9 41
22 19
31 44
21 9
13 32
1 45
29 53
6 44
21 12
42 41
12 34
18 35
30 14
28 10
34 30
40 10
13 48
3 40
40 29
30 16
17 13
7 22
39 14
13 23
3 12
35 35
18 25
17 39
29 1
30 30
20 16
6 39
11 35
34 42
17 34
8 9
19 44
36 52
10 3
31 1
30 27
35 25
15 23
16 10
20 21
34 53
34 32
3 27
40 14
40 1
30 20
35 20
16 23
36 23
3 50
32 42
12 29
17 27
28 24
27 0
24 40
23 5
28 11
4 44
7 34
6 46
13 22
39 9
19 48
30 8
5 13
0 43
36 3
2 34
26 39
9 18
16 17
12 20
22 27
40 52
3 16
30 24
8 46
20 22
22 17
4 49
1 4
30 49
34 27
41 14
3 53
28 25
25 55
28 4
35 12
18 44
14 30
4 18
41 9
29 54
3 48
11 24
16 24
8 14
2 9
23 11
34 1
9 28
26 41
41 4
37 1
15 15
30 38
29 38
42 30
11 37
29 21
1 50
10 1
41 7
17 9
5 38
9 35
39 18
21 3
2 0
42 46
200 1942


45 28
78
1 21
27 26
14 17
33 22
27 21
14 4
3 11
14 13
10 15
36 26
32 6
2 12
0 10
0 3
15 5
31 1
9 0
31 8
24 18
22 27
28 23
17 11
39 7
1 5
42 21
23 15
11 27
37 1
19 10
38 17
17 17
18 20
33 20
19 21
8 25
6 4
11 13
35 3
28 16
0 25
42 7
32 24
14 24
40 20
27 13
36 13
38 25
17 13
7 22
8 26
44 3
18 10
2 7
21 25
15 17
23 5
34 6
20 14
5 3
17 18
24 20
39 27
20 2
5 7
0 13
13 5
18 14
9 9
18 7
30 17
10 14
10 20
42 1
14 3
21 7
24 21
0 2
39 9
1519 510


36 25
12
28 5
24 8
1 23
2 18
25 18
0 13
18 17
1 8
7 16
16 24
11 15
1 11
1141 1629


58 26
145
19 19
0 20
46 25
19 4
1 17
41 23
48 1
15 1
22 19
51 12
0 10
56 12
4 19
6 10
11 22
19 14
24 14
38 2
20 9
25 15
41 18
56 22
16 25
39 20
4 10
23 10
10 13
19 13
13 10
21 18
2 17
25 10
28 17
44 14
45 2
53 23
33 4
3 18
29 14
54 11
49 0
44 19
50 7
32 6
4 12
9 4
34 25
16 7
7 2
20 21
19 7
18 5
7 24
53 16
44 16
45 8
43 24
23 6
9 7
6 4
6 11
55 11
14 19
5 17
15 10
13 6
24 2
13 19
3 5
45 24
6 1
7 4
5 20
52 5
31 20
11 25
13 22
18 22
27 15
11 14
16 14
26 25
16 17
15 12
26 20
25 4
0 15
13 25
39 25
17 5
40 24
37 5
12 14
42 7
44 6
28 20
53 12
2 14
11 7
36 10
14 16
36 5
16 8
41 3
13 18
52 19
51 13
0 9
21 7
3 4
31 9
54 12
9 22
41 9
14 13
6 21
36 21
11 24
19 0
50 0
27 14
50 15
9 17
16 15
6 22
1 24
51 18
47 23
13 24
46 5
50 5
4 14
27 13
12 15
45 19
18 3
25 17
21 22
38 11
44 18
47 7
28 0
2 15
57 3
10 2
1042 1738


27 41
69
23 4
7 3
20 25
20 3
11 40
17 29
10 6
15 32
17 25
8 5
24 9
5 36
0 21
1 25
14 31
10 7
19 7
9 40
13 25
3 10
7 24
21 8
14 1
4 24
1 32
19 10
25 35
15 15
8 15
23 25
15 22
16 11
19 28
22 24
24 39
24 28
26 26
22 34
12 7
13 5
0 12
3 19
1 39
23 1
25 3
20 14
6 5
18 32
22 25
24 29
17 9
20 24
12 39
26 22
6 31
11 3
12 19
23 9
5 14
18 7
21 3
6 34
21 10
10 20
17 12
10 33
21 7
16 13
4 30
1375 3550


48 28
99
41 13
15 20
46 25
20 20
18 4
0 7
46 3
29 27
4 0
31 8
9 21
35 21
31 22
37 26
20 9
0 4
47 12
3 2
44 20
35 10
17 13
15 14
7 22
43 13
3 12
26 1
39 27
34 20
32 12
19 23
27 21
25 5
0 14
23 22
15 26
12 2
42 11
16 10
38 6
17 11
37 19
18 16
43 24
40 14
5 4
9 20
35 13
31 27
19 12
10 20
35 19
47 17
3 0
19 22
11 19
30 5
35 7
37 8
41 0
40 24
0 25
46 1
8 26
5 3
34 6
14 16
19 16
12 19
19 5
26 10
0 9
32 1
9 1
24 26
5 19
46 8
28 19
32 27
27 14
34 18
33 15
16 15
16 18
41 25
38 14
1 24
17 19
0 0
21 0
33 16
45 16
34 23
5 15
14 20
19 9
7 26
37 17
0 13
36 11
1804 2950


54 43
135
14 17
35 22
26 28
42 25
15 1
0 10
39 17
13 30
18 30
23 7
5 8
12 40
31 8
24 27
17 2
15 4
16 25
21 12
8 15
45 25
6 0
2 32
9 16
34 13
24 24
36 24
26 18
6 41
52 22
23 28
48 30
2 11
34 20
5 14
50 28
14 21
5 40
26 24
7 21
48 8
22 26
27 6
33 0
9 4
18 41
4 37
28 42
38 21
35 40
27 5
51 0
14 34
12 41
7 1
18 6
40 39
14 40
48 18
42 37
17 40
28 11
8 22
30 2
24 25
6 27
5 33
21 17
11 25
51 20
39 9
47 17
3 15
17 38
14 37
28 29
27 15
42 38
4 27
33 8
5 26
27 37
51 32
12 9
20 17
39 3
12 20
43 11
16 36
23 17
32 7
24 34
28 13
35 7
19 32
51 42
31 0
31 29
37 5
1 4
0 12
41 42
25 7
50 9
4 40
15 21
10 33
46 2
48 36
20 34
36 15
35 1
8 40
23 32
20 8
36 21
50 0
23 30
32 27
50 15
9 28
39 36
1 41
48 7
9 32
17 19
26 21
45 29
0 41
46 41
16 31
18 14
51 17
52 5
25 40
24 32
83 638


49 51
88
21 47
35 22
42 10
25 31
12 12
14 46
27 2
37 35
44 45
10 18
8 41
23 35
40 38
26 12
12 34
9 3
10 24
40 29
42 0
16 19
23 19
39 14
13 23
18 25
44 25
9 9
15 33
44 36
45 41
46 29
46 16
27 21
16 35
7 38
44 41
36 7
38 6
24 5
21 8
22 7
38 24
36 35
5 17
37 22
17 40
5 10
35 19
3 49
10 37
43 17
34 49
8 36
23 36
9 33
27 25
21 48
29 3
19 6
42 33
23 1
27 9
45 33
10 5
30 40
15 6
14 41
45 23
22 37
22 40
26 15
32 27
45 13
44 38
44 49
39 49
5 22
37 1
0 29
12 21
10 40
17 19
45 42
11 12
36 28
26 22
36 45
28 0
23 13
47 2463


52 59
101
37 10
29 50
43 20
38 40
4 19
50 39
47 38
24 1
2 27
17 41
26 54
51 49
48 34
30 29
6 23
21 37
29 56
50 55
2 28
51 6
12 39
11 41
47 50
3 39
45 41
48 50
16 35
44 19
25 58
49 21
21 49
8 45
49 3
8 6
25 53
20 49
48 38
39 44
33 49
14 6
3 50
1 0
37 50
12 57
11 20
16 20
7 47
27 15
17 43
38 55
0 28
23 36
46 17
17 54
33 11
46 40
15 3
16 30
27 19
50 9
23 1
37 33
11 7
31 7
21 32
44 58
2 25
23 27
22 1
45 10
4 7
8 23
12 5
19 15
11 23
35 37
47 13
12 33
44 27
2 52
19 25
15 18
19 10
41 25
22 21
30 38
2 16
17 19
5 48
39 24
27 13
5 15
4 39
45 19
1 22
5 38
36 45
48 26
11 53
25 40
38 47
116 686


54 60
30
36 42
0 47
36 15
2 1
9 29
38 58
20 17
38 16
16 7
1 55
8 10
16 22
1 43
33 20
44 53
11 4
3 33
25 45
50 16
7 5
41 7
1 22
0 19
51 59
43 35
12 4
32 5
30 30
31 20
5 55
1448 1296


30 42
144
25 31
14 4
21 28
1 17
25 12
7 25
25 1
3 7
26 6
23 7
13 32
9 0
8 24
0 32
10 7
20 30
10 18
16 22
6 25
16 25
1 1
28 31
9 14
15 34
23 10
4 5
6 23
4 35
23 38
12 22
2 17
6 41
12 39
28 28
3 1
8 31
24 36
3 18
5 27
4 32
28 37
7 21
16 35
28 22
23 3
29 23
9 4
16 7
15 26
2 38
20 0
18 16
25 0
6 4
9 20
5 17
3 33
24 15
20 10
25 14
22 29
21 11
27 0
25 37
14 25
11 20
0 31
16 20
1 30
10 37
3 21
25 32
6 17
14 9
1 20
17 15
22 20
20 12
27 25
8 10
14 38
13 40
5 0
1 32
19 21
11 13
7 14
18 2
25 18
16 30
15 3
20 1
7 36
23 20
8 7
9 6
29 6
16 5
7 0
3 32
25 13
19 30
1 7
22 1
19 41
6 6
16 2
17 3
7 16
25 27
8 40
16 24
24 0
12 33
2 9
8 1
1 36
25 39
6 3
19 25
14 14
20 18
5 35
26 21
9 32
23 16
21 0
27 24
4 14
28 3
29 21
28 14
25 34
4 20
16 12
21 25
4 39
20 23
17 9
15 2
16 31
17 35
4 3
11 6
401 3379


26 41
62
11 39
2 29
24 8
3 15
19 19
17 29
18 4
0 7
5 19
22 19
15 31
2 12
9 4
5 1
25 8
1 33
1 20
20 26
5 5
7 15
16 36
1 25
7 24
16 29
19 14
0 17
7 37
0 37
23 21
13 40
12 10
9 24
8 15
4 10
10 39
3 23
24 6
10 19
3 30
13 6
13 28
18 28
12 11
21 37
12 23
3 26
10 28
1 31
17 18
1 35
5 10
1 22
19 38
14 25
16 8
0 13
6 1
14 12
21 36
22 8
8 27
22 30
1300 455


56 54
48
31 50
21 2
41 9
48 1
25 32
0 16
23 32
14 46
13 30
55 13
7 29
20 12
1 25
5 43
55 8
12 6
30 7
10 18
4 13
3 31
11 1
50 19
29 34
21 38
53 44
40 48
20 27
11 37
1 13
50 52
28 10
25 7
55 15
37 0
52 51
4 35
1 0
51 21
25 48
14 49
49 38
35 13
50 24
31 27
20 6
44 11
53 18
29 5
1277 591


52 39
145
49 37
24 30
17 7
13 4
12 12
36 17
11 28
2 22
38 27
5 8
45 35
37 13
20 30
42 15
7 28
41 18
24 1
20 4
1 1
49 15
9 14
19 24
7 5
14 15
16 0
11 36
43 30
4 15
3 1
49 31
4 26
25 33
33 9
8 18
14 21
35 26
51 31
18 0
47 24
21 2
38 31
33 18
48 27
9 4
49 26
32 9
45 31
35 25
25 30
46 13
26 8
36 35
2 2
43 24
45 8
48 24
40 14
11 4
31 4
48 15
28 11
9 2
40 11
26 34
16 1
24 25
19 12
32 36
41 31
13 22
14 37
12 32
27 15
18 37
5 23
20 17
0 28
42 17
2 30
44 12
1 32
33 11
24 19
16 11
26 26
8 33
16 30
0 25
21 23
47 30
7 36
21 4
51 3
45 20
2 14
5 3
6 8
35 23
15 21
46 24
26 31
25 13
15 6
16 27
21 10
34 34
0 9
48 19
13 31
8 4
35 1
22 37
46 38
20 29
50 38
42 14
18 34
35 11
6 3
19 25
16 15
41 4
35 17
21 19
37 30
9 32
46 5
38 29
51 7
43 31
4 14
3 30
44 24
28 3
45 16
4 25
34 2
27 35
15 2
22 22
38 11
25 6
11 32
28 0
5 2
1994 1049
