14

10 10
5
2 9
6 9
7 9
1 4
5 0
5 1

30 30
100
19 25
8 23
27 26
24 8
28 20
25 12
6 21
9 11
8 5
19 26
22 16
18 29
12 23
7 5
22 4
0 23
17 3
29 8
9 6
26 15
28 7
20 22
25 26
24 22
18 25
11 5
4 11
26 22
27 9
13 3
18 11
15 5
6 27
4 6
14 15
14 0
14 4
0 4
26 9
5 16
21 7
10 8
0 18
27 6
1 19
1 2
8 19
9 16
14 6
21 13
5 28
2 27
1 12
13 25
11 20
19 18
19 25
13 29
5 11
1 10
4 28
17 24
2 12
18 18
1 16
15 1
20 29
11 17
4 22
4 24
5 16
11 23
22 16
19 16
18 19
17 12
6 22
5 26
15 8
25 15
9 8
29 2
11 29
13 2
27 16
24 9
24 24
2 27
13 8
27 21
4 1
23 6
3 10
11 20
28 10
10 28
0 7
28 10
12 3
11 4
4 2

50 50
200
21 9
7 25
23 21
45 12
28 19
46 14
13 35
26 0
18 26
15 4
22 10
28 11
32 18
48 11
10 9
20 27
5 31
4 29
41 28
49 2
16 19
6 45
48 29
5 33
39 18
28 22
33 13
33 9
20 15
24 32
11 32
14 46
25 16
47 20
22 16
36 46
44 40
20 44
27 44
12 27
0 19
32 42
1 35
1 18
0 23
6 27
26 13
32 22
42 1
20 29
27 17
7 8
2 23
17 29
9 32
1 31
24 11
46 35
3 27
1 49
29 5
21 9
33 5
6 3
32 27
44 26
34 11
35 2
33 39
21 2
34 42
3 22
9 10
37 0
49 13
20 40
49 30
35 41
44 34
12 44
22 28
40 6
10 7
48 27
29 44
36 19
41 15
27 40
42 2
15 15
7 43
24 38
29 9
43 11
5 24
4 5
14 28
37 46
23 24
20 35
4 5
20 9
1 47
49 48
15 43
38 17
5 24
33 12
24 34
10 29
36 31
9 17
13 0
27 46
31 39
44 49
8 35
34 16
16 9
2 34
3 31
8 43
7 8
44 41
22 33
15 7
26 9
11 24
21 39
30 40
40 4
40 24
41 48
8 26
10 7
41 12
7 15
25 49
42 15
48 20
29 15
26 13
40 5
46 37
28 11
15 27
3 20
18 7
34 44
4 28
43 46
12 45
46 2
17 37
9 38
5 18
31 40
47 31
21 21
34 46
25 1
21 2
9 28
25 41
22 45
42 29
26 17
19 6
45 22
12 37
5 7
47 20
3 38
12 47
43 24
27 46
48 18
48 48
42 10
5 23
2 14
33 47
5 30
2 2
39 1
8 17
37 46
37 7
4 40
17 49
45 49
17 44
45 46
6 16
39 37
3 11
11 44
24 36
40 18
19 29
3 1

10 10
100
3 0
9 0
6 1
1 6
8 4
3 7
6 8
0 0
1 9
0 1
8 5
4 3
5 5
7 3
2 8
0 9
1 7
8 9
7 0
4 1
8 7
8 9
1 6
8 8
2 2
9 0
3 0
8 3
8 8
8 5
6 0
8 8
9 0
2 8
0 9
6 6
5 0
7 4
5 8
2 7
7 9
9 1
4 2
2 9
6 3
5 0
0 5
7 3
2 1
0 9
5 4
4 9
5 2
0 3
2 2
1 2
5 9
1 3
2 9
4 5
7 1
6 2
5 7
9 3
2 9
5 1
2 9
3 0
5 8
0 3
7 8
9 4
7 2
3 3
8 9
2 0
2 6
5 8
3 9
1 6
8 5
6 6
8 2
0 9
4 6
4 3
7 3
7 5
8 4
5 1
3 7
5 8
8 7
8 0
7 2
9 1
8 7
9 8
7 8
4 0
3 1

10 10
200
9 0
4 7
9 0
0 2
7 2
4 1
4 4
8 9
0 0
1 3
3 9
3 9
4 8
3 7
5 0
2 4
1 6
7 6
8 2
4 7
8 7
2 1
0 2
5 2
5 0
1 6
5 0
8 5
2 2
2 2
8 9
6 4
0 2
4 3
2 0
7 9
2 0
4 1
3 2
3 1
8 8
1 4
1 5
7 1
5 4
5 1
5 4
8 1
6 7
9 2
3 0
2 9
0 5
8 7
0 4
4 3
9 8
6 5
9 1
7 5
7 4
0 2
6 4
2 8
3 4
5 3
2 6
2 7
6 3
9 2
7 7
7 3
9 6
7 5
1 0
4 6
1 0
4 7
5 7
3 8
4 8
7 0
0 6
1 1
3 8
7 0
4 0
6 5
2 5
7 6
4 5
5 1
0 5
4 2
2 6
6 8
0 6
5 5
6 0
9 6
9 9
1 6
3 5
2 0
6 6
3 9
2 2
8 1
3 3
1 4
2 7
6 9
5 5
5 1
9 1
1 6
3 0
5 2
4 6
4 7
6 2
5 8
1 9
4 3
7 4
3 5
4 2
9 9
2 9
1 4
1 2
2 4
8 6
4 0
7 3
5 9
9 6
7 0
5 0
6 1
6 5
9 1
1 0
2 8
4 3
7 3
9 7
3 0
2 7
2 8
9 9
7 8
0 8
0 4
5 8
5 8
9 3
6 4
4 2
6 0
5 0
8 5
7 4
3 1
1 9
9 6
6 0
0 6
3 6
6 0
0 0
6 1
7 0
4 2
2 1
4 0
8 7
3 2
5 5
5 6
2 7
7 4
2 0
7 8
0 7
0 5
7 1
3 6
8 4
8 7
0 2
1 2
6 8
3 4
2 1
8 8
4 7
7 8
6 9
8 4
3 1

5 5
100
1 1
1 2
0 2
0 1
1 3
4 1
1 2
3 3
1 2
0 4
3 3
3 3
4 3
4 4
3 3
1 3
2 4
3 0
1 4
3 3
1 3
0 4
2 2
1 0
4 0
3 3
3 4
3 3
4 3
3 2
2 2
3 0
0 2
1 1
1 3
1 1
1 3
2 3
3 0
3 4
4 0
4 1
2 3
3 4
2 1
1 1
1 1
3 4
1 3
2 2
3 4
2 0
4 1
4 0
1 4
4 2
0 2
0 1
0 2
1 3
2 4
1 4
3 0
4 1
3 1
1 3
3 4
2 0
0 4
1 1
3 3
1 2
3 4
3 3
4 1
0 1
0 1
1 3
0 4
2 2
0 0
1 0
1 1
2 4
0 1
2 3
1 1
0 3
3 1
2 0
2 2
0 0
3 2
3 2
1 3
1 1
1 2
0 2
1 2
1 2
5 1

200 200
10
51 91
139 2
187 142
100 126
191 183
97 131
74 144
173 39
184 188
111 125
3 1

30 30
200
3 13
15 1
4 8
6 20
1 12
22 26
8 1
29 26
27 13
23 8
2 27
27 0
24 17
1 16
16 13
18 17
10 12
12 4
16 14
19 19
7 18
19 11
7 15
21 10
10 26
24 14
7 12
22 13
22 23
6 23
3 0
12 24
20 5
20 25
6 7
25 1
4 13
29 6
16 4
0 20
26 26
1 16
0 25
18 23
16 22
22 16
3 11
17 5
22 23
0 29
22 28
11 17
23 26
22 2
14 1
28 23
9 3
28 29
22 9
23 17
3 0
4 16
13 6
22 21
12 5
25 14
2 4
22 28
1 17
19 15
8 15
18 9
8 9
11 9
26 22
14 4
12 21
20 18
1 17
22 12
26 13
9 9
8 20
0 2
17 9
16 19
20 17
18 27
6 28
12 29
4 24
15 26
7 8
26 5
17 8
14 10
20 6
26 23
17 28
29 26
7 4
13 7
4 27
17 2
1 2
26 21
18 27
28 12
9 25
25 24
4 19
25 9
25 16
14 13
2 12
9 5
13 1
21 22
16 9
12 8
0 10
7 0
4 10
27 5
21 14
3 22
24 26
12 20
3 19
1 19
16 27
29 10
3 29
9 20
20 11
21 13
13 12
22 21
18 18
24 11
4 10
28 19
9 28
17 2
21 4
2 18
21 8
29 1
21 16
27 0
5 3
16 19
10 11
29 8
20 28
0 15
4 16
6 28
1 5
9 23
3 14
14 3
26 24
10 6
28 9
13 0
19 4
15 29
29 29
19 6
21 11
27 20
10 25
22 3
18 3
10 1
27 14
8 24
22 23
3 11
11 21
25 16
15 22
13 10
16 14
18 2
14 29
16 15
11 25
28 8
1 29
13 8
25 28
22 14
17 17
0 25
3 20
12 25
27 10
16 25
25 10

50 50
200
7 7
5 39
26 1
22 29
9 1
30 26
35 31
0 37
5 32
22 13
2 16
45 2
48 3
32 1
18 17
24 15
4 25
26 32
13 33
34 0
26 22
6 17
4 13
45 8
21 12
28 20
24 25
31 25
27 23
42 13
29 45
20 18
0 35
18 48
0 14
38 5
22 27
40 44
4 28
40 38
10 27
3 21
46 34
9 34
49 23
20 1
20 30
18 42
42 22
38 38
45 43
20 27
23 19
48 12
2 28
5 40
11 12
49 10
46 10
35 10
12 48
30 6
48 34
6 48
39 43
36 47
24 34
4 8
22 49
29 4
46 25
39 37
47 10
20 40
1 46
44 5
13 15
49 24
25 14
7 7
4 14
0 45
3 30
30 4
10 27
2 11
48 9
19 44
34 46
44 41
46 35
2 38
14 12
26 3
13 41
5 35
30 19
0 6
12 35
12 32
43 25
34 15
11 42
40 5
46 45
33 34
24 44
6 35
41 40
32 34
19 4
23 39
47 49
34 25
7 12
39 47
14 3
47 23
30 25
22 39
25 26
22 5
43 49
41 31
15 34
38 25
17 35
34 13
39 14
28 21
20 48
1 17
42 34
11 0
39 22
0 33
39 14
15 23
4 34
18 7
34 19
4 8
21 1
18 41
14 12
11 46
14 34
18 12
15 8
31 31
14 4
19 31
4 5
39 36
45 10
30 9
17 30
33 36
29 41
3 1
0 43
27 14
29 14
24 47
28 44
0 5
37 45
0 21
8 43
4 42
1 3
35 36
22 21
12 19
20 4
47 17
32 22
38 27
26 13
9 13
18 7
4 9
31 7
1 4
48 39
44 7
43 0
23 30
49 17
21 35
2 21
44 21
0 36
1 32
47 28
35 10
20 16
23 41
46 3
42 26
25 10

90 90
200
19 5
66 45
31 34
32 44
42 65
59 28
25 36
43 36
41 37
73 21
34 51
32 18
6 70
38 60
40 23
80 16
23 21
55 57
63 55
82 88
78 16
14 13
49 13
12 57
40 0
14 85
13 74
16 8
30 72
57 54
33 70
54 47
66 56
73 19
69 40
18 27
41 58
33 32
89 52
15 8
3 39
75 81
89 69
51 2
18 29
62 18
27 51
70 78
7 56
58 53
81 39
59 76
70 84
8 2
62 31
70 23
14 66
7 17
71 65
57 20
38 0
13 81
69 27
83 83
47 38
77 13
89 0
84 46
11 31
62 2
78 73
11 4
22 54
30 70
0 3
55 87
40 0
28 69
62 19
57 73
87 71
71 7
53 48
80 27
82 26
62 14
19 70
86 73
54 3
58 26
75 54
17 24
3 25
44 45
80 27
9 64
71 77
88 42
70 86
23 40
54 24
56 85
30 35
38 52
41 84
11 59
83 26
52 28
35 48
75 58
84 25
65 46
89 65
62 63
65 31
17 47
42 29
27 73
87 72
29 27
86 38
65 2
82 41
89 79
9 79
14 37
83 4
31 41
14 44
37 55
12 41
33 16
51 16
51 60
87 49
87 80
44 46
87 24
65 88
77 49
86 37
3 1
43 41
48 34
52 19
61 47
64 64
43 4
26 77
36 4
46 75
83 86
72 0
88 81
2 10
47 37
38 88
1 50
46 43
25 11
59 8
35 48
14 85
72 78
44 2
77 71
67 0
0 71
24 11
21 50
87 26
76 68
80 87
3 39
51 89
59 80
0 20
67 4
44 14
68 11
82 88
88 55
88 59
33 50
62 74
10 54
85 21
71 48
88 75
74 36
26 49
31 6
62 26
2 60
71 17
67 70
87 64
85 28
40 86
70 28
3 1

40 40
199
29 20
37 10
26 27
26 12
32 7
8 18
2 8
18 27
31 27
20 1
27 19
37 11
17 2
0 7
21 12
33 34
4 3
30 30
2 30
29 16
26 26
34 37
25 28
7 12
6 8
27 27
38 25
27 24
32 15
20 19
5 5
8 13
3 10
32 38
6 37
23 22
11 33
13 9
14 28
36 21
8 12
37 24
0 39
6 16
28 32
38 26
39 33
35 38
29 34
31 20
2 35
20 6
8 5
26 26
7 22
26 22
38 7
6 23
39 39
23 13
31 19
13 13
12 23
17 0
20 1
28 1
39 14
20 1
27 7
21 6
20 26
33 7
22 19
10 32
37 14
33 33
39 28
11 38
39 11
4 21
22 19
34 24
17 13
13 6
4 4
22 34
34 24
35 8
0 16
30 5
31 37
25 16
14 22
25 29
10 13
33 29
5 24
37 19
25 23
19 2
37 29
5 2
10 23
39 1
38 2
39 22
38 21
3 16
37 12
26 28
9 7
23 11
30 7
30 13
15 7
28 1
3 12
27 33
26 5
7 27
9 17
38 38
15 39
11 34
14 12
12 29
32 16
23 35
8 14
21 5
6 24
28 1
35 2
7 16
35 21
38 7
5 36
35 29
15 12
17 38
20 29
37 29
16 12
27 20
17 25
1 0
2 24
26 21
29 29
10 25
32 16
12 1
22 30
2 39
38 37
18 19
0 18
22 8
20 17
34 9
2 38
14 27
8 4
25 32
17 30
38 35
28 2
32 11
2 2
31 34
6 0
10 2
10 6
23 33
34 30
28 17
4 28
24 2
34 5
27 9
37 4
6 25
28 25
20 38
24 31
23 11
13 30
37 34
19 23
14 12
30 5
34 34
29 26
31 18
20 23
19 18
36 17
34 25
15 24
3 1

30 30
198
19 4
23 0
2 5
4 16
19 2
11 15
4 24
7 20
12 17
7 9
17 20
20 25
22 29
10 18
9 4
1 9
1 20
25 24
2 26
20 22
29 22
8 1
13 4
21 15
24 17
7 21
16 11
2 27
7 0
4 13
14 16
29 5
22 16
4 16
8 24
8 24
17 0
4 16
1 22
10 17
8 25
28 9
7 16
16 23
6 6
15 13
10 20
28 14
0 24
19 2
18 1
1 27
6 27
20 27
14 7
25 22
1 15
1 15
8 0
7 10
15 6
27 14
20 17
12 17
20 20
13 1
20 0
28 6
3 26
26 18
10 10
17 13
28 3
4 10
12 29
5 3
17 27
15 24
12 7
19 19
12 24
24 25
1 2
21 14
24 27
29 9
22 26
0 8
18 20
11 4
29 1
20 17
3 8
7 27
16 15
9 26
13 28
23 26
10 7
26 14
23 5
1 25
25 15
27 23
19 13
6 9
18 18
26 27
24 21
29 3
22 3
1 0
26 5
12 24
0 29
26 0
25 15
22 19
13 20
26 20
21 2
13 2
21 1
14 1
5 16
11 13
14 19
16 12
29 2
23 21
21 29
15 19
9 9
21 7
19 14
16 17
12 2
25 21
23 3
11 10
15 20
9 22
27 21
24 17
8 26
17 9
29 0
1 24
24 0
14 22
2 13
8 22
14 14
9 3
13 7
19 21
5 29
12 20
7 24
20 28
8 8
0 0
24 7
7 1
23 18
24 21
13 25
1 2
5 19
18 11
24 11
2 7
27 21
16 14
13 27
5 28
28 21
20 5
6 23
11 27
10 21
9 27
29 15
5 10
13 27
8 23
23 29
13 2
16 20
9 29
19 21
4 14
11 18
3 24
13 9
1 6
4 15
1 2
2 1

20 20
197
11 12
10 10
2 14
13 4
15 13
0 8
18 3
10 19
11 16
7 9
14 9
0 19
15 3
17 5
8 0
4 11
1 11
5 14
18 16
9 10
10 6
9 2
1 0
16 11
12 5
14 16
7 6
9 14
12 14
14 18
9 12
3 18
5 2
18 0
11 15
1 0
14 13
14 2
13 15
0 2
18 17
3 6
13 17
12 12
2 17
9 6
17 11
14 4
4 14
9 4
4 7
1 11
5 18
6 7
9 11
8 18
17 0
17 12
16 10
7 9
8 19
2 16
0 17
11 8
5 16
4 0
3 1
12 17
4 1
12 18
8 5
5 0
4 5
15 15
16 13
12 14
2 16
13 6
7 14
11 4
17 12
13 7
4 12
13 5
15 0
5 5
18 4
1 3
10 2
15 9
3 6
3 19
18 18
12 8
5 5
9 3
2 2
14 2
0 6
18 8
5 15
11 16
11 3
18 5
14 1
19 5
5 9
7 14
3 15
0 0
15 8
2 9
3 18
16 16
16 3
19 7
3 14
9 2
7 14
7 7
13 1
3 6
1 10
5 10
2 4
4 17
6 10
0 6
14 1
5 8
15 3
17 16
18 10
16 18
6 6
19 3
2 11
1 2
5 3
19 18
15 19
9 3
1 13
14 1
2 15
10 19
15 9
0 19
18 6
12 16
12 4
15 11
6 14
9 8
6 11
10 8
3 1
6 12
5 4
11 0
12 7
17 2
1 19
5 9
17 19
15 17
1 9
15 2
2 7
18 4
4 8
1 0
4 7
3 19
0 2
9 15
9 12
11 18
7 2
2 17
6 5
6 9
4 7
6 2
18 6
7 16
9 3
2 0
0 13
15 18
13 12
16 17
15 14
16 7
16 3
8 10
0 15
3 1

10 10
150
7 3
2 2
9 2
6 2
5 6
8 4
9 3
4 6
4 0
7 8
1 1
0 3
0 3
5 5
2 3
6 4
6 9
3 1
3 8
4 2
6 0
5 2
0 5
8 0
0 5
6 5
8 3
6 9
6 0
5 4
8 8
9 2
3 6
4 3
5 8
0 8
3 3
0 5
7 3
0 8
5 9
2 9
8 6
8 1
5 4
2 4
6 5
1 3
6 1
9 6
6 3
6 9
6 9
5 9
7 6
5 5
4 5
3 8
1 4
8 1
5 6
1 2
6 1
4 2
0 4
0 3
4 7
8 8
7 3
9 3
9 7
2 4
4 5
0 5
8 5
1 0
5 4
5 4
9 3
9 2
7 1
8 9
8 2
5 9
2 5
2 6
0 3
9 6
3 5
2 1
3 2
6 6
0 8
1 3
5 9
3 3
2 3
7 1
2 0
6 4
0 5
0 0
9 2
9 9
2 2
6 2
8 6
4 4
8 0
2 8
1 5
0 5
8 5
6 7
3 1
8 4
4 5
8 8
0 3
8 7
1 2
0 4
9 9
2 5
5 9
4 4
9 8
3 7
6 7
0 1
5 0
5 8
7 0
5 5
5 7
1 3
0 6
8 2
9 1
0 0
6 6
6 6
3 5
4 9
3 0
2 5
5 8
0 9
5 2
1 6
3 1
