100

8 45
7
1 6
6 1
3 6
5 4
0 4
2 3
2 1
13 1

46 38
10
25 37
12 2
31 27
26 31
31 31
25 29
19 29
30 19
20 34
9 7
8 3

37 48
57
22 5
23 16
35 5
35 34
24 11
12 8
30 21
30 7
4 23
20 21
0 23
8 3
5 36
6 31
20 11
23 20
10 34
12 20
6 8
7 20
36 6
2 14
4 3
32 35
6 25
35 8
28 34
6 0
36 36
1 6
35 26
33 6
28 26
17 11
7 32
23 33
25 8
21 15
34 33
27 4
24 17
6 8
30 24
21 15
7 9
31 11
29 28
18 33
17 21
5 5
9 28
0 10
33 10
9 25
19 6
15 30
30 33
20 1

47 26
93
25 6
5 17
1 1
3 1
10 2
14 15
19 11
23 19
13 1
2 1
8 22
10 23
16 1
14 2
2 7
16 9
8 16
11 22
23 16
12 23
10 22
0 19
20 8
2 15
11 19
16 18
9 17
1 3
18 11
22 14
0 3
24 24
2 5
19 24
17 14
11 6
1 6
12 9
5 15
5 25
14 8
22 9
23 7
18 10
2 19
22 23
15 7
6 3
6 1
6 5
23 9
5 19
12 23
17 16
9 15
0 10
4 11
2 8
21 18
9 12
18 5
20 9
1 14
9 10
3 15
18 20
23 1
23 0
4 2
5 7
1 0
5 12
10 21
6 18
6 11
9 11
9 6
21 17
25 14
9 24
4 12
23 25
8 15
2 14
7 15
14 17
5 23
22 23
5 8
12 25
9 20
3 23
21 17
15 4

38 46
61
9 35
1 12
37 23
37 22
1 12
4 14
28 7
16 19
17 5
23 9
14 27
30 20
10 4
32 21
21 35
17 2
29 11
11 22
14 2
23 1
34 17
6 1
3 29
21 8
20 20
25 13
16 28
10 25
27 12
23 22
3 26
3 24
27 7
26 26
10 20
14 18
4 34
2 23
22 18
37 21
34 33
28 5
11 8
30 13
11 9
10 28
25 17
23 22
1 31
30 25
9 8
15 7
33 29
32 30
16 34
15 18
13 3
13 30
5 30
9 14
34 19
11 3

3 13
44
1 2
0 0
2 0
2 1
0 0
2 2
2 0
2 1
2 1
0 2
2 1
2 0
0 0
2 2
2 0
1 1
1 2
2 2
2 1
1 2
1 1
1 0
2 2
2 2
1 2
1 1
0 2
0 1
2 2
2 2
1 1
0 0
1 0
0 1
1 2
0 2
0 2
2 0
0 1
2 0
0 2
2 2
2 2
0 0
19 4

47 35
92
28 2
6 30
16 4
24 23
21 23
18 9
19 16
2 29
24 25
21 16
19 16
9 11
32 8
0 30
9 18
30 33
28 25
22 10
1 32
3 3
30 29
14 13
31 6
23 17
0 8
6 28
9 33
7 33
29 21
31 16
24 3
18 12
19 15
4 15
25 20
4 22
7 19
32 5
34 3
14 2
10 23
0 6
28 27
27 26
13 34
10 4
34 21
5 8
27 33
6 29
19 23
12 21
18 9
22 5
33 10
6 28
24 21
5 14
31 24
25 9
25 18
12 8
30 23
31 27
13 8
32 33
34 32
10 7
27 19
20 12
9 0
32 7
14 31
18 1
6 23
30 18
22 34
9 3
10 8
13 24
0 14
24 6
14 3
28 17
3 2
23 4
22 24
31 20
32 10
15 1
31 19
14 20
11 5

11 50
40
0 8
9 1
9 2
5 8
6 10
6 2
5 7
1 8
10 5
3 8
9 10
7 0
7 7
9 6
10 6
2 6
8 8
7 0
2 3
10 0
3 6
10 7
0 7
10 3
0 0
6 5
3 3
0 4
6 0
2 9
8 0
1 4
9 10
0 1
0 8
7 1
6 7
4 10
3 3
3 3
24 3

3 36
87
2 0
2 1
2 0
1 2
1 0
0 2
1 2
1 0
2 0
1 0
1 2
2 0
1 1
0 2
2 1
1 1
1 0
0 0
2 2
1 1
0 1
2 1
0 2
1 2
2 2
2 2
1 0
0 2
1 2
1 2
1 1
1 1
2 1
1 0
1 0
0 0
1 2
1 0
1 0
1 2
0 2
2 0
2 0
1 2
1 1
0 0
1 1
1 2
2 1
0 1
2 0
0 0
0 1
0 0
0 1
1 2
1 1
1 2
0 0
1 0
1 1
1 2
0 0
0 1
0 0
2 0
1 0
0 0
0 0
2 0
2 1
2 1
1 2
2 2
2 2
2 0
0 2
2 0
2 0
2 1
2 1
0 0
0 1
1 1
2 0
2 1
1 1
20 4

17 21
19
10 8
8 15
5 3
9 2
0 10
16 13
1 15
0 4
5 2
12 8
16 4
10 16
2 15
4 4
11 8
3 6
12 9
14 0
14 14
7 5

22 17
80
8 13
7 6
2 15
2 8
3 4
10 2
3 7
0 13
10 14
9 11
15 11
4 6
8 9
2 1
6 7
6 12
6 15
9 2
12 11
7 6
4 12
1 6
13 2
12 11
4 0
7 5
5 4
5 16
2 4
15 14
8 3
8 13
14 9
3 8
13 9
15 1
15 9
8 1
6 7
8 0
4 5
15 7
7 4
3 10
9 0
2 5
7 6
8 10
12 6
1 5
7 13
2 7
6 13
1 10
14 9
15 14
7 7
5 8
8 0
8 14
9 13
9 14
7 15
7 11
16 1
13 6
15 12
3 6
4 1
16 0
1 14
7 15
12 15
11 7
9 16
4 8
12 4
3 15
16 10
11 1
11 2

38 5
13
1 2
4 3
2 2
1 2
4 2
0 4
2 1
1 1
3 4
2 2
2 0
0 0
2 2
4 5

22 5
29
4 4
2 4
0 4
2 2
1 1
2 1
3 2
1 4
3 2
1 1
1 3
1 2
3 0
3 1
0 2
3 0
0 0
0 1
4 1
0 2
3 3
3 0
0 2
2 1
2 0
1 2
3 1
3 0
4 1
5 3

17 22
32
0 3
7 7
15 9
14 11
10 10
10 15
12 9
0 16
15 7
6 1
16 9
2 0
8 4
2 15
9 5
3 8
0 7
10 11
3 2
8 6
3 0
14 10
0 14
7 6
3 5
13 10
14 5
14 1
1 14
14 6
8 6
5 9
12 4

46 9
69
4 1
5 5
2 2
2 7
5 4
8 2
0 6
4 0
7 2
0 6
7 1
4 6
2 7
1 1
8 5
6 5
2 6
5 2
3 5
3 5
8 1
6 5
8 4
4 5
2 7
4 7
6 6
2 2
1 7
2 7
7 1
2 7
8 1
8 6
7 8
0 6
0 4
4 0
6 5
7 3
1 6
0 7
4 0
3 6
5 3
8 7
2 8
2 4
5 3
3 6
0 2
1 7
8 8
0 0
7 7
6 1
4 6
1 5
1 2
1 6
4 2
5 2
6 8
5 5
8 7
8 8
0 1
6 3
6 4
3 1

4 24
58
3 3
1 0
0 2
0 0
1 3
3 1
2 0
1 3
3 2
3 0
3 0
1 1
0 0
3 2
2 2
3 0
0 1
3 0
0 1
3 2
2 2
3 2
3 1
1 3
1 2
3 3
3 0
0 1
2 0
0 2
2 1
0 1
1 3
1 3
0 3
0 2
3 0
3 2
1 1
3 2
3 1
1 0
1 1
0 0
2 1
2 0
2 2
2 3
3 2
3 0
3 1
1 3
1 2
2 0
3 0
3 0
3 0
1 3
8 5

30 48
61
1 9
2 10
17 15
25 20
22 29
7 22
5 3
1 28
12 28
5 6
15 25
22 1
23 6
24 11
22 4
6 22
24 13
4 18
25 24
25 23
6 3
10 2
13 18
11 9
22 0
11 16
1 20
25 1
12 29
28 20
27 26
23 8
27 20
17 8
10 11
14 10
8 22
3 2
20 17
12 16
4 10
14 16
4 11
9 22
12 22
9 4
17 19
29 5
24 20
8 22
0 17
22 24
12 19
4 3
8 3
18 7
12 20
4 17
1 15
20 8
10 10
12 3

46 43
90
13 12
23 26
8 1
36 35
0 15
10 40
23 40
0 4
7 39
41 33
7 26
5 41
39 3
31 12
22 11
25 37
32 11
27 7
9 39
26 35
4 30
40 38
28 31
42 21
3 30
3 34
12 5
33 9
35 14
3 38
12 6
28 22
31 6
24 17
19 5
27 32
5 33
33 17
7 8
24 36
19 21
7 27
33 4
42 0
35 24
9 11
30 24
2 31
3 35
36 18
33 36
31 40
17 15
22 4
4 40
33 5
8 36
29 36
33 38
36 15
0 12
4 20
15 36
23 9
21 13
18 1
18 40
34 40
40 32
8 26
24 28
29 37
7 31
42 27
23 42
21 26
39 3
7 27
28 39
17 28
24 13
33 42
16 34
8 6
29 20
19 36
22 41
3 42
41 25
21 24
10 3

14 13
98
0 12
8 12
2 5
10 5
9 12
6 0
11 0
8 12
7 11
1 9
0 7
11 12
11 11
1 4
10 7
5 11
2 3
11 4
11 10
3 0
7 5
5 11
4 1
0 10
7 10
9 3
3 2
0 4
9 4
5 4
6 10
10 2
6 4
1 8
7 3
8 3
12 9
10 1
12 1
2 10
8 5
1 1
10 10
12 1
1 0
4 8
11 3
12 8
12 11
0 7
5 6
11 10
0 6
6 8
10 5
12 6
10 9
3 1
1 5
11 4
8 2
4 3
1 7
5 3
5 2
1 10
12 9
10 0
8 2
10 0
12 0
10 6
11 5
0 4
12 4
9 0
3 7
7 11
1 7
7 8
3 11
3 1
10 1
12 6
9 0
11 9
3 5
12 6
11 0
6 1
3 1
9 1
4 8
3 6
3 3
1 0
0 8
3 10
16 5

40 37
7
33 26
12 17
10 18
14 18
34 2
33 3
6 2
16 3

41 4
5
0 2
2 3
0 2
3 0
1 1
21 2

18 38
8
3 10
1 1
6 11
12 16
6 17
17 7
0 6
12 17
21 2

7 1
10
0 0
0 0
0 0
0 0
0 0
0 0
0 0
0 0
0 0
0 0
6 4

38 2
60
0 1
0 0
0 1
1 1
1 0
1 0
1 0
1 0
1 1
1 1
1 0
0 1
0 0
1 0
0 1
0 1
0 1
1 1
0 1
1 0
1 1
0 0
1 0
1 1
0 1
0 1
0 0
1 0
0 1
1 1
0 0
1 0
1 0
1 1
0 0
0 1
1 0
1 0
0 0
0 1
0 0
0 0
1 0
0 1
0 1
1 0
1 1
1 1
0 0
1 0
1 1
1 0
0 0
0 1
1 1
0 0
0 1
0 1
1 1
1 0
20 5

48 38
59
21 10
2 36
9 7
19 31
18 15
2 23
35 12
16 23
0 11
25 10
33 31
24 25
19 16
31 31
19 2
8 22
23 19
6 6
20 17
18 24
19 4
25 11
30 10
4 23
28 6
9 13
15 31
25 16
36 4
17 25
36 9
19 32
11 11
8 28
12 13
23 35
14 14
15 6
32 15
24 37
10 30
11 35
14 24
14 29
29 26
11 23
28 11
29 32
12 16
22 10
2 11
12 28
36 35
14 3
32 6
34 15
18 17
34 26
15 7
3 5

38 22
95
8 0
11 0
15 5
9 12
16 18
3 12
14 16
14 7
16 21
8 11
12 11
17 5
19 12
18 11
14 20
9 6
19 1
6 12
11 7
12 5
21 19
18 7
7 17
15 14
14 17
7 10
21 18
0 14
15 3
0 12
6 5
16 13
12 10
21 5
7 13
10 20
9 11
3 3
21 6
20 7
0 12
14 15
21 1
2 11
16 5
17 13
15 12
8 9
15 19
17 18
8 10
9 17
20 9
8 8
21 18
3 20
6 17
7 7
12 7
19 12
16 19
19 7
6 0
9 3
14 15
17 16
11 21
11 15
8 12
17 7
12 19
6 14
10 12
5 2
3 15
10 20
16 18
9 11
13 1
18 8
17 17
13 4
1 2
15 4
7 4
0 5
17 2
16 19
20 14
18 18
21 7
5 19
4 15
20 21
5 6
6 3

10 32
30
3 1
1 7
3 0
3 7
0 6
6 6
8 1
0 9
7 5
2 1
5 6
4 4
4 3
4 9
3 0
9 2
1 1
7 8
5 8
2 3
4 1
6 8
7 4
9 5
2 4
4 5
0 8
4 0
8 1
6 7
4 4

39 8
64
0 4
2 2
5 6
5 7
7 3
1 1
1 6
5 6
7 7
1 5
0 4
2 5
0 4
1 1
4 3
0 3
3 4
4 7
3 1
7 3
3 1
7 6
0 3
5 0
2 0
1 4
4 3
6 4
1 5
3 6
3 5
4 2
7 0
5 5
0 6
4 4
7 1
2 3
4 0
0 5
7 6
6 5
7 7
6 7
7 6
6 2
7 3
6 4
2 2
4 4
6 0
3 0
4 7
3 7
5 7
7 4
2 6
6 7
3 2
6 7
0 7
6 2
4 1
0 5
11 4

42 46
44
23 27
17 41
35 40
30 6
41 7
31 26
26 26
17 26
30 4
10 14
17 8
5 31
22 19
11 24
19 38
21 36
10 26
34 3
20 36
5 31
21 36
13 14
11 10
24 40
28 41
31 36
33 5
5 11
27 40
12 21
33 18
11 36
18 14
40 23
12 34
8 7
40 18
10 0
20 35
17 14
40 16
34 8
38 14
18 10
7 1

50 10
12
8 1
9 2
5 3
6 3
9 3
1 5
4 7
5 7
5 1
0 8
0 3
2 0
9 1

4 5
42
0 2
2 3
3 2
1 2
3 3
1 3
2 0
3 2
0 1
3 1
2 1
3 3
0 0
3 0
3 3
1 3
2 0
2 3
0 2
2 0
2 3
3 0
3 0
0 1
0 0
2 2
2 1
3 3
1 2
0 0
0 1
2 1
3 0
0 0
3 2
0 2
0 0
2 1
2 3
1 2
2 3
2 1
22 2

2 9
91
1 0
0 0
0 1
0 0
1 1
1 1
0 0
0 1
1 0
0 1
1 1
0 1
1 0
0 0
0 0
0 1
1 0
1 1
1 1
0 0
0 0
1 1
0 0
1 1
1 0
1 0
0 0
0 1
1 0
1 1
0 1
0 1
0 1
0 0
0 1
1 0
0 0
0 1
0 1
0 1
0 1
1 1
1 0
0 1
0 1
1 1
1 0
0 1
1 1
0 1
1 0
0 0
0 0
1 1
0 0
0 0
0 0
1 0
1 1
0 0
1 1
1 1
1 1
1 0
0 0
1 0
0 1
1 0
0 0
1 1
1 1
0 1
0 1
1 1
0 1
1 0
0 0
1 0
0 0
0 1
1 1
1 0
1 1
1 0
0 1
0 0
0 0
0 1
1 0
0 0
0 0
21 2

23 8
54
5 0
0 0
4 6
2 2
2 0
3 1
1 6
0 4
3 0
5 1
6 3
5 3
0 2
2 7
1 1
2 7
4 1
7 3
4 7
7 3
4 2
4 1
6 6
1 7
0 7
6 4
5 1
1 1
5 2
0 2
4 2
5 5
5 5
3 1
4 0
2 2
0 5
6 1
0 7
3 0
6 1
6 3
2 5
7 0
7 6
3 6
3 6
2 5
2 7
3 6
4 4
0 3
4 6
7 3
23 4

47 28
100
4 16
11 9
5 18
24 21
4 7
2 21
21 18
20 17
16 19
19 6
1 11
11 11
14 1
15 0
1 16
8 18
19 19
7 25
16 7
6 8
21 11
18 6
5 22
15 22
7 3
25 14
4 21
26 2
21 23
0 15
25 22
22 15
27 6
7 6
26 19
4 19
16 9
8 27
13 19
22 0
13 1
9 7
14 18
3 6
5 4
17 24
14 23
3 2
23 13
1 7
15 12
9 22
21 15
8 4
1 18
21 5
25 21
1 4
0 16
5 11
8 24
1 14
14 16
10 11
0 10
0 11
3 21
18 7
16 21
10 1
25 1
4 23
4 10
11 15
27 20
25 2
11 10
9 26
20 19
3 27
10 16
11 25
27 10
26 24
8 16
10 2
9 2
16 26
6 5
13 26
8 27
7 10
9 3
22 12
12 6
3 13
13 13
11 22
21 27
13 20
6 5

3 7
15
2 1
2 1
1 2
2 0
0 0
1 2
2 1
2 2
1 2
1 2
2 1
1 0
2 1
2 2
1 2
8 1

27 18
71
1 6
11 8
9 0
11 4
17 16
2 3
13 0
5 9
7 9
0 0
9 6
1 12
3 1
10 3
4 2
7 9
4 11
11 12
16 0
10 11
12 6
11 10
7 6
17 2
5 1
8 16
7 17
16 10
13 16
14 15
11 12
6 2
8 0
3 10
10 17
17 16
7 9
16 16
12 8
8 0
13 15
13 14
1 15
12 8
16 2
1 16
13 14
7 15
14 9
13 13
7 13
10 5
11 9
3 7
4 9
1 6
8 6
12 16
11 10
11 4
12 2
13 11
0 6
13 6
7 3
10 17
11 2
15 11
2 9
0 10
14 5
14 5

18 29
93
2 17
14 5
14 13
5 9
11 15
14 1
2 15
1 9
9 13
0 6
12 11
0 16
6 11
9 0
0 10
16 10
8 11
3 1
14 5
0 17
1 10
14 11
0 6
16 7
3 11
9 17
3 0
6 10
0 1
1 5
13 15
14 5
12 4
5 17
16 3
2 9
10 12
14 16
8 6
2 7
17 0
4 4
12 1
7 5
10 10
1 0
14 4
13 6
4 14
12 9
2 8
6 11
5 8
16 5
15 13
15 4
5 16
0 9
10 12
10 1
13 17
17 8
0 6
8 1
2 5
14 15
11 11
15 1
14 15
10 2
14 8
12 0
7 2
5 16
9 12
9 16
3 2
5 4
1 9
8 5
3 7
17 2
2 10
8 15
9 2
2 2
0 13
3 3
12 12
13 3
14 16
3 1
10 4
9 1

12 4
11
2 2
2 1
1 3
3 1
1 2
2 1
0 1
1 0
1 1
3 1
0 1
17 3

36 20
29
8 12
14 8
5 12
0 17
18 5
5 16
3 1
6 2
13 4
17 16
2 5
7 7
4 8
13 0
11 4
7 7
8 4
14 14
15 4
6 17
10 14
8 6
2 6
13 19
3 8
6 6
6 9
8 7
19 5
16 3

37 11
19
5 6
8 8
7 3
2 9
3 4
1 9
9 1
0 9
9 10
2 4
1 6
3 5
0 1
5 2
6 3
2 4
7 9
5 7
6 2
15 3

42 7
7
5 6
3 1
2 2
1 1
3 5
3 3
1 3
2 4

25 22
68
19 1
13 0
6 14
8 11
19 1
6 8
21 7
6 16
5 12
16 13
11 12
9 8
4 2
4 3
13 20
15 6
18 6
10 11
2 3
12 16
9 4
19 14
6 16
19 11
9 8
11 13
1 9
18 14
8 8
19 17
8 16
8 19
5 18
13 17
1 9
18 4
0 0
0 1
0 8
8 1
21 21
16 5
2 19
16 21
11 17
18 8
15 3
2 15
17 14
12 17
19 18
18 13
9 10
7 0
12 3
11 6
12 11
0 16
2 17
11 10
8 6
15 1
17 15
3 8
9 3
17 20
0 15
8 7
20 5

22 25
2
1 8
11 17
22 1

2 11
2
1 0
0 1
5 4

18 43
1
3 0
20 5

43 13
98
12 2
4 11
4 5
3 5
2 1
3 7
8 3
9 4
4 10
1 9
10 3
0 9
12 0
8 2
12 10
9 9
4 6
1 11
4 5
0 11
12 7
11 0
0 1
4 1
11 0
5 3
4 1
3 11
2 2
9 3
5 3
1 12
6 0
5 8
1 10
5 6
5 2
8 3
6 8
3 8
9 8
2 11
2 1
3 5
6 10
7 8
7 9
0 12
11 9
7 0
6 8
0 1
7 7
1 6
9 8
11 7
3 9
4 10
6 3
2 12
3 4
4 1
4 12
12 12
0 10
9 9
8 7
0 10
0 6
0 12
6 7
7 4
9 6
5 4
2 7
3 3
2 10
1 9
10 6
12 12
2 8
5 6
12 2
11 3
4 1
1 5
0 12
0 10
6 5
7 7
0 4
12 1
8 10
9 8
5 6
9 2
6 3
8 9
18 3

13 16
2
7 7
7 12
11 2

9 36
15
6 4
0 6
3 2
4 1
3 5
4 5
5 5
2 5
5 8
7 4
3 8
5 8
1 2
4 4
4 2
14 2

38 15
99
12 11
13 0
0 0
14 9
10 9
4 14
8 0
6 5
4 4
5 11
8 5
14 7
12 0
4 8
7 4
11 2
1 13
2 4
12 1
12 1
1 10
3 13
6 5
11 4
8 11
4 6
8 3
0 13
3 11
10 2
8 12
12 13
1 12
0 12
13 13
11 11
6 13
13 1
14 5
13 13
4 4
7 7
4 0
13 11
7 7
4 2
9 9
8 5
0 3
13 7
5 6
9 4
4 10
10 6
13 14
12 5
5 10
2 11
10 12
2 12
1 7
7 10
9 14
5 0
2 13
6 10
4 2
6 14
14 7
12 11
14 2
11 13
13 11
2 0
8 12
9 5
2 2
11 2
10 4
8 10
7 1
8 0
0 1
8 4
9 9
12 9
10 13
12 0
14 4
11 8
11 1
5 10
6 9
9 6
1 1
14 12
0 2
0 11
5 14
13 3

23 38
4
15 20
15 11
19 0
10 13
12 5

14 26
78
7 12
4 4
6 10
3 4
10 12
1 8
4 5
0 3
13 3
7 2
4 0
13 2
3 11
12 4
1 6
6 11
1 1
8 8
10 9
0 5
2 6
5 13
0 3
5 12
4 12
11 13
0 11
0 13
3 1
13 13
1 3
6 1
2 8
2 11
9 7
8 5
7 9
3 2
3 4
5 2
9 5
3 3
8 9
7 10
8 0
4 9
10 13
5 13
13 8
7 7
9 2
9 13
10 2
9 1
0 10
10 6
3 1
12 10
6 12
3 6
1 4
2 5
7 11
7 2
10 5
8 10
3 12
2 10
11 0
10 6
10 13
0 3
0 13
1 6
4 0
10 3
13 0
13 5
25 3

10 26
1
6 4
8 2

18 5
51
2 0
1 1
3 2
2 0
3 1
2 1
2 2
0 2
3 2
3 3
3 3
0 1
0 4
2 4
0 4
0 0
3 0
1 0
0 0
0 0
0 1
0 0
1 2
4 2
4 3
3 2
1 0
0 0
0 2
3 2
2 3
3 4
1 1
1 2
0 1
2 2
0 0
0 3
2 0
0 2
0 0
3 1
0 1
1 2
1 2
1 1
4 4
1 1
1 3
2 1
0 4
11 3

8 36
38
7 3
7 7
3 3
2 1
2 7
2 3
3 4
1 7
4 0
4 5
3 5
5 4
7 7
5 2
1 2
1 5
5 7
7 5
5 6
6 4
1 6
0 1
6 4
6 5
4 6
7 4
2 0
5 0
5 2
2 1
5 7
2 5
6 1
4 1
7 1
7 0
3 4
1 3
8 3

4 16
9
3 3
0 0
0 3
2 2
2 1
0 1
1 0
3 0
2 3
3 4

9 2
6
1 1
0 0
1 1
0 0
1 1
1 0
16 2

15 27
79
12 4
13 5
4 14
3 6
0 13
6 9
8 4
9 13
14 6
7 14
9 12
7 1
4 3
7 4
7 1
6 12
7 9
5 13
4 4
2 3
2 13
2 10
0 14
12 6
6 4
8 7
3 10
4 0
4 7
10 2
14 1
10 5
7 5
10 7
14 14
1 9
11 9
2 5
10 8
3 6
11 1
0 12
14 2
7 9
8 0
8 14
5 0
4 3
1 4
3 9
12 13
7 0
5 9
9 1
12 6
0 6
1 1
4 10
4 12
10 7
2 2
14 3
3 0
6 7
10 1
13 9
13 10
13 14
12 12
8 5
11 2
1 1
1 6
12 8
9 14
9 3
13 5
2 2
1 2
15 4

44 16
94
13 8
15 14
1 15
6 4
13 12
4 1
4 15
2 8
1 12
8 0
12 3
8 8
11 0
13 15
3 6
6 1
1 15
15 2
15 12
2 14
6 4
1 14
1 9
2 11
8 9
10 6
4 10
8 8
1 8
6 11
13 15
3 2
15 0
2 12
11 8
4 0
1 4
3 1
5 4
11 15
4 14
9 6
4 4
13 0
9 6
3 15
11 10
15 13
10 9
4 13
10 8
3 14
3 6
1 9
15 10
8 11
7 10
8 4
4 14
8 11
10 2
7 6
7 11
10 1
0 9
15 7
14 8
11 7
4 15
3 1
3 13
8 15
15 9
11 1
0 11
11 11
11 5
3 1
12 12
12 2
1 14
14 6
12 9
4 12
7 11
13 12
14 11
10 7
12 8
7 12
2 7
5 2
1 13
15 11
6 2

44 32
30
11 11
21 24
0 8
7 20
4 17
14 12
4 4
26 24
1 29
6 2
10 12
8 11
13 25
4 14
6 7
17 13
11 8
20 0
12 9
9 16
15 23
18 17
11 8
24 5
12 15
26 20
6 16
6 17
11 22
30 17
5 3

17 13
51
9 5
10 7
12 11
9 4
2 4
6 5
4 3
7 3
5 1
6 4
8 9
3 8
3 11
9 9
4 9
4 7
5 5
12 6
7 12
2 10
9 11
12 7
5 5
10 1
6 4
2 2
3 5
8 11
4 2
3 12
11 1
11 12
12 1
5 2
2 3
12 3
5 10
2 8
2 12
9 3
7 11
12 11
1 8
4 6
2 1
8 5
3 6
5 4
9 1
1 6
12 9
23 4

14 27
85
13 5
8 8
13 2
0 12
3 7
4 10
9 0
13 2
1 2
0 4
11 2
8 6
11 10
9 13
4 5
4 13
8 6
12 13
12 1
0 10
6 11
1 7
8 11
5 13
4 5
10 10
13 8
1 6
6 5
8 8
1 12
2 11
2 12
8 6
7 6
3 10
8 6
2 3
2 8
0 5
8 3
5 6
9 13
13 1
13 0
5 7
13 13
12 0
9 3
8 0
3 11
4 2
8 8
2 10
8 10
3 3
1 0
4 5
0 3
9 9
5 7
1 6
3 3
6 3
7 3
9 9
8 12
5 10
3 4
13 12
2 9
0 12
13 12
12 9
0 10
2 5
4 1
7 1
7 7
5 1
7 11
11 3
1 7
8 11
6 10
1 2

45 6
45
4 1
5 5
1 1
1 2
5 3
4 3
2 0
4 2
4 3
2 5
5 3
3 0
5 5
2 5
2 1
1 1
3 0
2 1
1 1
2 5
5 1
3 5
1 0
2 5
2 3
1 2
4 2
1 5
2 3
5 4
1 2
3 3
2 1
5 2
2 3
0 5
4 4
3 1
5 5
1 5
5 3
2 5
1 0
0 3
5 5
13 2

40 11
25
7 6
4 3
10 3
10 1
7 9
1 6
1 7
2 8
7 1
4 0
5 7
1 5
6 6
10 3
0 6
1 3
7 8
4 6
9 8
4 2
1 6
7 1
4 8
6 1
7 9
6 4

21 17
20
16 11
15 4
14 4
5 2
3 4
16 9
9 4
2 0
2 3
14 12
11 5
11 8
12 14
8 7
0 13
6 1
9 12
7 3
1 10
2 10
20 5

15 34
51
6 12
3 7
6 1
1 4
8 13
4 8
9 2
6 13
11 2
10 0
8 5
3 14
14 13
4 1
10 8
5 1
5 2
5 14
0 8
13 10
11 10
14 11
2 12
11 5
12 3
3 7
4 6
6 12
12 10
5 4
11 4
1 10
10 2
9 9
3 11
0 1
13 11
7 14
12 12
14 0
12 13
13 14
10 1
6 12
9 8
14 1
0 3
1 10
3 4
1 4
7 12
17 3

37 28
37
13 25
13 3
23 2
15 10
6 27
21 22
5 27
0 7
16 0
12 22
16 24
24 9
6 8
26 15
13 14
24 26
11 9
5 23
21 19
6 5
11 15
8 27
27 0
18 12
2 19
4 9
13 17
4 22
17 25
6 5
2 13
16 8
7 23
27 26
26 5
8 26
4 10
12 1

45 8
54
7 6
7 4
0 6
5 0
2 4
0 4
7 5
2 3
0 2
7 5
3 7
1 2
5 7
3 6
2 3
5 2
0 7
0 0
4 1
1 4
5 2
5 4
0 0
2 2
0 6
4 5
7 5
6 3
6 3
2 2
2 1
4 0
6 0
6 3
2 4
2 3
3 6
5 5
6 4
5 6
7 5
7 6
4 2
6 2
4 3
2 4
2 0
5 0
4 4
0 0
4 1
4 4
3 6
0 1
12 4

36 32
87
28 9
12 12
25 8
17 12
22 30
30 22
15 31
24 19
5 20
8 19
4 19
11 1
13 9
18 16
27 15
19 1
17 27
14 22
23 7
5 4
25 7
8 13
30 17
21 22
7 22
20 16
0 23
25 19
29 15
11 16
27 18
16 2
19 1
3 0
12 21
20 9
8 23
24 23
25 23
10 6
20 5
2 13
5 5
7 22
26 17
5 26
31 6
31 18
1 4
23 14
18 15
15 5
28 23
8 18
3 21
11 18
1 2
26 25
12 1
4 26
26 19
2 13
14 1
12 1
10 13
6 28
3 2
4 13
1 4
4 11
0 1
22 27
25 5
12 23
13 9
26 2
20 0
3 28
18 5
30 9
14 0
28 26
29 12
4 11
11 17
8 15
0 11
25 2

40 43
32
35 30
10 39
1 15
22 11
23 39
16 36
18 30
27 16
18 39
23 38
2 19
16 31
10 10
17 3
22 8
38 37
15 11
15 5
23 36
24 16
34 17
13 13
32 14
11 38
30 4
2 33
12 15
14 18
10 23
13 8
36 35
3 1
18 1

9 8
9
4 0
7 0
3 3
3 2
1 3
3 6
3 4
4 0
4 0
6 2

29 4
88
0 0
1 2
1 1
0 2
0 1
3 3
3 0
0 0
1 3
1 0
3 1
0 3
0 1
1 0
1 2
3 1
0 1
0 3
2 1
2 1
2 3
1 0
1 1
0 1
2 3
0 3
0 2
0 1
2 3
3 1
2 1
2 1
2 3
1 0
3 3
0 1
2 3
2 1
1 2
2 0
3 1
1 1
2 2
2 1
2 1
1 1
3 1
2 1
1 2
1 0
3 1
1 3
1 0
0 3
2 0
1 3
0 3
1 3
0 3
1 0
3 0
2 3
2 3
0 2
3 3
1 3
2 1
3 2
3 1
2 0
1 0
1 3
2 3
1 2
2 3
3 2
3 0
2 0
1 1
2 0
0 1
0 2
3 0
3 0
2 0
1 1
1 2
0 1
18 3

32 46
17
24 9
23 27
7 31
7 16
3 14
29 8
6 20
22 29
18 31
4 15
19 16
18 8
1 14
1 2
5 30
31 24
22 29
6 1

4 34
16
2 1
0 2
0 0
0 3
0 1
0 0
3 3
2 1
2 1
0 3
0 2
3 0
3 2
1 3
0 1
3 3
18 2

9 34
14
8 2
0 4
6 7
5 2
6 3
8 8
0 3
5 1
5 6
0 2
0 2
0 5
3 6
3 1
14 3

37 39
39
8 27
15 8
13 0
31 24
7 19
31 12
10 27
0 24
26 8
34 34
4 10
4 14
2 27
25 13
2 26
15 25
26 0
31 35
12 17
9 18
5 19
15 30
33 31
6 18
21 16
8 21
7 36
28 10
13 17
13 30
1 25
21 30
2 17
10 20
16 5
7 19
9 0
16 36
31 33
10 5

37 30
51
4 28
22 19
5 4
7 26
2 22
21 19
12 20
14 27
7 9
3 28
15 7
10 0
17 22
24 5
15 4
12 16
27 2
25 10
0 4
15 9
14 27
3 15
22 13
28 26
14 29
14 3
16 4
8 29
1 15
15 21
3 15
23 27
22 10
11 1
22 6
24 7
22 10
8 12
22 27
5 7
16 26
20 27
27 3
18 18
13 7
23 25
28 0
24 21
8 24
10 5
28 21
3 5

29 38
62
16 0
0 21
1 24
14 28
18 16
24 23
26 22
18 14
17 21
1 1
24 24
5 27
18 23
17 19
28 0
22 25
2 9
20 1
8 28
21 20
18 26
7 19
3 14
9 12
6 25
20 6
24 18
21 15
2 16
18 23
9 22
18 4
9 16
26 6
22 17
6 4
0 23
23 1
18 8
4 24
16 0
23 16
4 5
18 3
3 5
1 5
3 2
5 12
2 20
25 23
0 25
3 14
20 8
12 20
26 15
0 23
4 2
26 19
21 28
12 28
1 9
9 10
16 2

8 37
16
3 6
7 3
3 2
6 2
3 7
2 4
3 0
6 3
6 7
0 7
0 2
0 5
3 1
0 0
3 7
0 5
9 1

39 27
38
24 11
19 18
12 2
12 23
24 15
19 3
7 4
14 12
13 17
3 8
24 6
14 0
6 4
22 20
14 20
3 21
4 7
17 2
15 16
7 20
5 20
18 12
7 20
19 20
10 2
18 16
12 5
23 19
1 11
7 26
16 24
9 10
25 9
6 24
9 23
15 20
19 3
14 21
22 3

6 12
83
2 0
1 5
5 2
1 5
3 4
0 0
2 3
5 2
1 5
4 3
1 0
1 4
4 4
5 5
2 2
2 2
1 0
3 1
5 3
1 0
5 0
3 5
1 3
0 5
4 5
3 5
2 1
2 2
5 3
0 0
3 4
0 5
4 0
3 1
4 0
3 5
5 1
0 2
3 3
2 0
0 5
0 4
5 3
2 5
1 1
5 1
3 3
4 5
2 5
4 3
5 1
2 2
2 1
3 1
0 3
2 5
1 4
1 4
3 0
5 2
5 0
4 2
3 0
4 5
5 4
3 2
4 3
4 0
0 4
3 4
3 4
3 4
3 4
1 4
0 3
0 0
2 1
0 2
1 5
0 2
0 5
3 0
1 2
22 3

22 12
10
2 0
3 11
9 5
2 9
0 1
0 1
3 11
1 8
11 8
7 3
3 4

29 36
8
16 9
19 14
3 23
20 25
27 13
1 27
0 2
20 24
12 3

47 33
39
1 18
3 20
16 30
31 31
6 7
6 27
11 15
16 5
28 1
1 30
21 23
18 9
3 23
29 26
16 31
5 32
22 6
26 5
30 22
14 7
14 7
30 2
19 22
10 6
17 27
0 5
0 9
3 0
4 21
11 21
7 0
29 9
12 28
10 27
20 6
25 27
1 7
23 4
2 3
22 3

6 36
38
2 0
5 4
4 1
1 4
0 3
2 3
2 4
0 2
2 5
4 4
4 5
4 3
4 1
2 0
3 5
4 0
5 3
2 1
3 4
2 0
1 0
3 4
5 5
5 1
1 2
0 5
5 1
2 3
2 3
4 2
4 3
3 5
4 0
3 2
2 2
4 1
3 2
4 0
23 5

4 7
14
1 2
1 2
1 0
0 0
3 0
2 3
1 0
0 3
1 1
0 1
3 3
2 3
1 2
2 3
15 5

29 9
15
8 0
3 8
1 6
0 1
2 0
5 6
3 3
1 1
4 8
2 1
7 1
3 2
8 2
8 4
6 0
18 1

28 4
83
0 1
1 1
0 0
0 2
1 3
1 1
2 0
3 0
0 0
2 2
0 0
1 2
1 1
1 2
1 0
1 0
1 1
1 0
0 1
1 0
3 1
2 2
3 1
3 3
2 2
3 3
1 3
0 2
2 3
3 0
3 0
1 1
0 1
0 3
1 2
2 2
0 2
2 1
1 3
2 3
1 2
1 3
2 0
0 3
3 2
3 3
1 0
3 0
0 0
2 2
0 2
2 1
0 0
1 0
1 3
3 2
1 3
2 1
3 2
1 3
3 0
1 3
1 3
2 1
0 1
2 0
0 3
3 3
0 3
2 0
2 2
2 2
1 3
1 1
2 2
3 3
0 1
0 3
3 0
3 1
2 3
2 2
2 3
7 2

40 6
82
0 0
5 4
3 2
5 3
0 0
4 2
5 4
0 4
1 2
1 3
5 4
5 4
3 1
3 2
0 1
3 0
0 5
0 3
3 5
4 4
1 4
2 2
1 3
3 4
2 0
4 2
1 2
3 4
4 0
4 2
2 4
4 5
4 2
2 1
3 0
2 4
4 1
0 2
3 4
0 1
5 3
3 4
3 1
5 5
0 5
5 4
3 2
5 2
5 5
5 3
1 3
0 2
5 5
0 2
1 3
0 5
3 0
5 0
2 4
0 0
0 4
1 4
1 5
2 0
5 5
0 1
3 5
2 4
3 0
3 3
0 0
0 1
5 5
4 2
2 3
2 1
1 0
4 1
4 0
3 5
5 0
0 5
10 2

4 33
42
2 1
3 0
0 0
3 3
2 3
2 0
3 2
0 2
2 2
3 3
2 2
2 3
2 3
0 3
1 1
1 1
2 3
1 1
0 2
1 3
1 1
0 2
2 1
1 0
0 3
0 2
3 2
1 1
2 1
0 3
1 3
1 1
3 0
2 1
0 1
2 0
3 1
2 0
1 2
3 2
2 2
0 1
8 4

13 39
14
0 0
10 5
11 9
11 8
3 2
8 1
7 8
11 6
3 10
4 6
9 0
2 2
5 5
1 6
11 3

6 16
23
1 1
0 2
5 2
5 1
2 1
3 1
2 2
3 2
1 1
3 3
1 1
2 1
1 2
1 1
4 1
2 3
2 2
4 3
5 4
0 1
2 1
0 4
5 1
12 4

26 8
18
1 5
5 5
7 2
1 4
6 0
0 6
5 7
7 2
2 0
5 7
4 5
4 7
0 3
4 0
2 7
0 0
6 0
3 4
2 3

31 41
76
22 12
28 23
16 22
30 5
13 0
17 26
13 0
19 0
15 25
27 3
14 20
3 25
25 8
21 18
2 2
21 3
18 3
14 23
8 26
4 10
23 13
14 19
28 14
20 10
8 28
23 20
15 29
27 27
17 15
18 29
23 0
3 14
25 5
0 15
21 10
14 10
26 28
7 22
21 12
1 10
4 18
26 6
22 6
20 25
15 19
12 30
26 28
18 14
14 10
5 12
2 20
28 27
22 0
28 3
11 18
6 28
1 2
23 1
8 6
7 13
17 18
5 2
13 20
20 22
11 8
3 26
5 21
16 6
21 30
28 1
21 24
23 21
16 13
21 7
29 15
23 7
8 3

11 1
53
0 0
0 0
0 0
0 0
0 0
0 0
0 0
0 0
0 0
0 0
0 0
0 0
0 0
0 0
0 0
0 0
0 0
0 0
0 0
0 0
0 0
0 0
0 0
0 0
0 0
0 0
0 0
0 0
0 0
0 0
0 0
0 0
0 0
0 0
0 0
0 0
0 0
0 0
0 0
0 0
0 0
0 0
0 0
0 0
0 0
0 0
0 0
0 0
0 0
0 0
0 0
0 0
0 0
6 4

18 32
89
15 16
4 13
7 9
7 7
3 2
7 14
12 7
9 11
7 12
11 6
10 14
13 7
0 7
17 16
11 14
11 11
9 16
9 1
0 17
3 11
0 8
16 13
7 6
7 4
4 3
0 14
1 3
15 10
10 17
2 1
16 16
0 5
13 10
9 6
12 14
7 5
8 17
17 10
9 4
11 17
0 15
6 16
6 9
7 17
8 2
8 6
0 2
15 0
13 11
4 3
10 13
8 3
9 0
2 14
5 12
4 1
5 17
5 3
1 9
14 2
8 11
3 4
2 2
15 9
13 5
16 8
10 5
14 4
2 11
16 14
3 6
4 8
12 3
5 17
7 2
9 8
6 15
0 0
12 15
9 13
0 0
0 4
8 16
14 2
0 12
17 14
17 16
14 1
5 15
2 5

3 41
55
0 1
1 0
2 2
1 2
1 0
2 2
0 2
1 0
2 1
1 1
1 0
2 0
0 0
0 0
2 1
0 1
2 2
2 0
0 2
2 1
0 2
0 2
0 2
0 0
0 1
2 0
2 1
0 0
0 0
1 0
2 1
0 0
0 1
2 1
0 1
2 1
1 2
1 2
1 0
0 2
1 0
1 0
0 2
1 2
0 0
0 2
2 2
1 0
1 2
0 0
0 2
2 1
2 1
2 1
2 1
1 3

34 42
97
25 2
14 1
5 1
12 1
3 2
31 5
1 18
23 32
23 8
8 29
7 7
1 27
28 19
28 32
3 13
20 31
16 18
14 21
21 10
1 8
12 8
0 30
2 23
27 3
6 28
0 0
22 33
10 32
13 13
21 22
2 16
16 30
14 32
0 24
31 32
31 14
28 5
17 16
13 12
26 21
2 12
15 8
23 23
1 21
18 29
12 3
6 4
31 12
14 8
5 32
7 17
27 4
29 26
17 12
20 20
14 22
32 12
23 18
1 17
27 28
27 6
15 26
33 31
25 33
16 20
26 23
19 29
15 32
31 17
7 29
8 7
17 24
10 32
28 22
7 22
29 8
11 11
28 10
3 9
6 1
9 7
1 26
12 22
19 32
18 9
21 11
14 17
12 7
12 6
5 6
13 22
0 25
10 9
4 18
1 4
33 30
17 1
6 3

36 15
7
2 1
7 1
2 14
13 1
0 11
5 10
14 2
1 4

39 45
53
2 33
24 8
5 1
13 21
4 23
26 7
4 38
12 26
32 27
34 0
38 5
16 36
18 22
10 2
16 21
9 22
13 4
38 29
10 14
33 30
33 20
1 26
27 27
29 20
37 19
15 35
2 2
7 38
38 2
10 23
36 27
4 24
17 37
4 18
3 38
28 9
17 37
19 33
11 38
0 28
12 19
22 20
32 36
8 0
9 35
26 36
35 26
15 18
16 33
21 38
2 12
13 37
16 22
6 1

2 35
49
0 0
1 1
0 0
0 0
0 1
0 0
0 1
0 0
0 0
1 0
0 1
1 1
0 0
0 1
1 0
1 0
1 0
1 0
0 0
0 0
0 0
1 0
0 0
0 1
1 0
0 0
1 0
0 1
1 1
1 1
0 1
0 0
1 1
0 1
0 0
1 1
0 1
1 0
0 0
0 0
0 1
0 1
0 0
0 1
1 0
1 0
0 0
0 1
0 0
3 1
