100

44 22
32
1 16
17 20
7 5
0 16
13 14
9 3
1 19
21 14
5 7
0 15
2 20
5 4
20 21
2 6
14 17
18 16
16 17
0 1
21 11
5 6
18 12
0 18
14 18
20 11
19 12
14 16
5 9
18 5
4 13
15 15
19 8
2 2
21 5

1 28
26
0 0
0 0
0 0
0 0
0 0
0 0
0 0
0 0
0 0
0 0
0 0
0 0
0 0
0 0
0 0
0 0
0 0
0 0
0 0
0 0
0 0
0 0
0 0
0 0
0 0
0 0
22 2

32 33
79
17 29
28 13
31 14
1 12
19 18
22 3
9 15
19 29
16 27
1 31
20 19
15 31
5 7
22 25
14 11
14 19
7 24
11 4
20 1
2 7
1 7
11 25
11 10
6 18
26 6
6 15
4 22
28 30
6 22
4 13
31 29
1 31
12 15
25 1
0 26
31 28
30 27
10 24
25 0
22 13
30 18
14 15
29 3
23 1
8 10
1 3
26 11
30 20
4 7
16 9
10 28
13 28
21 16
11 26
25 29
0 18
17 6
20 29
18 24
13 17
19 21
8 2
18 17
29 5
6 6
21 9
8 12
5 15
12 8
4 30
6 17
3 2
26 18
0 19
11 29
5 23
9 0
11 31
9 0
19 3

6 44
13
1 4
2 5
5 4
4 5
5 0
5 5
5 4
2 4
5 2
4 0
0 2
2 5
1 5
2 5

18 6
43
4 4
0 0
4 0
4 3
2 1
0 2
1 4
1 3
1 5
0 5
2 4
5 4
3 5
3 1
1 0
2 4
4 4
0 0
5 2
5 5
0 0
0 1
0 4
5 0
3 4
4 1
1 4
2 2
0 3
1 4
1 0
0 4
5 0
4 5
4 0
2 2
4 2
2 0
3 1
1 1
2 5
0 0
3 3
21 2

36 46
40
19 14
21 12
26 17
3 19
13 10
3 22
10 9
24 35
1 3
23 20
27 7
33 2
1 26
28 28
17 25
8 22
12 26
34 23
19 21
31 5
27 6
22 4
31 9
15 6
4 22
7 30
1 35
33 7
30 19
12 16
20 4
24 10
19 13
11 14
18 35
0 21
8 26
14 10
4 28
23 0
6 4

49 6
17
5 4
4 3
3 1
0 1
1 0
4 5
4 0
0 1
5 5
2 3
2 4
1 5
2 1
4 1
4 5
3 5
3 2
19 3

44 42
71
5 5
32 1
35 39
2 38
36 28
22 38
9 11
18 27
0 29
13 20
11 17
35 31
24 12
0 11
36 35
19 33
27 17
5 24
29 31
35 10
12 22
29 4
13 0
25 24
25 24
4 13
29 25
23 23
22 29
9 38
27 17
15 25
7 28
14 37
28 9
14 34
3 9
36 13
38 0
17 29
37 38
9 23
38 37
19 8
26 25
38 33
7 18
27 7
16 37
40 34
22 35
26 6
5 13
4 11
2 17
14 35
29 23
35 3
2 37
0 32
14 14
3 7
4 34
16 25
14 0
23 40
23 23
1 19
33 36
18 16
32 37
23 5

30 23
59
6 17
6 9
14 0
1 19
5 3
15 22
18 0
1 7
10 20
15 15
0 7
1 6
11 12
9 22
20 4
18 17
3 12
22 15
6 4
2 21
12 9
9 12
22 9
6 8
16 9
0 18
16 22
9 8
14 17
22 3
8 7
3 18
3 11
22 7
15 13
14 20
17 12
18 14
9 9
20 11
19 16
13 12
16 5
22 8
8 4
14 2
19 20
1 11
2 7
13 15
0 16
22 7
16 20
22 8
5 10
1 20
17 3
16 19
12 13
1 5

23 21
95
11 20
7 6
13 13
5 9
17 14
1 1
19 1
1 5
15 20
10 1
14 0
4 13
17 10
7 20
14 19
7 5
13 20
5 7
9 5
6 9
13 12
10 1
18 16
10 12
7 18
17 1
5 2
12 1
3 9
17 3
13 8
20 3
16 9
12 1
10 13
4 15
20 8
8 7
2 7
9 9
16 7
19 15
17 0
5 13
3 3
17 1
2 9
5 11
20 14
6 9
0 10
14 18
6 19
10 7
12 18
11 1
10 16
10 12
5 20
9 14
11 9
0 17
10 5
7 12
18 10
16 20
11 14
19 17
1 8
4 12
15 11
5 10
7 12
2 10
17 8
9 3
1 19
3 14
0 11
17 3
3 16
13 18
16 5
15 10
1 6
19 1
2 10
2 15
11 3
10 19
16 8
17 5
14 13
12 20
18 4
21 4

24 24
9
7 17
16 4
16 18
10 6
2 2
21 9
3 8
9 22
22 23
23 5

38 41
59
16 4
28 10
2 14
13 12
33 35
15 34
12 10
10 10
34 31
26 13
3 11
32 29
12 37
24 1
25 21
19 34
13 7
6 26
30 29
30 35
0 19
5 34
33 32
11 24
15 10
28 10
27 0
23 9
32 33
20 13
26 15
6 19
2 5
29 16
4 0
29 37
10 30
0 32
2 25
23 12
16 37
30 29
23 3
29 28
26 36
13 35
4 5
11 27
3 9
22 31
9 28
23 12
6 11
22 16
10 19
29 11
27 26
2 14
1 11
17 5

1 36
20
0 0
0 0
0 0
0 0
0 0
0 0
0 0
0 0
0 0
0 0
0 0
0 0
0 0
0 0
0 0
0 0
0 0
0 0
0 0
0 0
7 1

18 38
50
11 1
11 3
13 17
16 10
15 5
8 9
17 17
14 1
5 9
17 11
3 1
12 14
2 14
14 11
12 1
8 17
10 14
1 17
6 2
14 16
17 8
14 0
2 15
2 12
0 6
4 17
7 0
17 2
13 9
12 16
17 7
10 10
3 2
6 1
17 9
17 3
1 10
4 0
12 0
5 8
13 11
15 7
16 7
12 16
0 15
4 4
8 2
8 15
10 7
2 3
25 1

13 13
18
9 6
1 9
4 6
3 6
12 5
6 11
3 3
3 5
1 9
12 5
11 12
7 1
7 10
10 0
12 4
0 9
4 1
3 7
11 4

6 48
28
4 0
3 0
2 3
0 5
5 4
0 2
5 5
0 2
2 4
3 1
3 4
0 5
2 2
4 1
2 0
3 2
3 0
5 2
0 5
4 4
2 4
4 0
2 4
0 0
2 4
3 0
1 5
4 5
14 2

44 35
69
8 4
6 22
7 4
34 14
24 30
30 9
13 8
10 10
28 11
23 9
4 30
13 6
31 1
31 22
18 23
27 13
14 32
15 26
31 0
4 19
4 29
31 27
19 19
20 9
11 18
26 5
17 2
3 18
17 13
23 33
23 20
26 29
5 18
28 6
17 9
21 11
16 0
29 25
14 3
24 6
1 23
9 21
24 9
6 33
31 9
16 19
19 20
34 30
8 5
15 0
6 15
15 13
26 16
22 15
33 7
32 8
33 30
22 18
9 28
7 21
13 18
33 32
20 29
2 25
29 32
13 11
19 11
6 0
25 21
17 2

45 50
44
22 1
24 7
24 43
9 20
11 35
24 34
34 12
37 13
23 7
20 1
37 21
8 44
4 29
30 32
25 39
21 36
24 22
9 38
4 12
38 38
35 21
25 25
1 35
13 44
39 22
36 41
5 18
36 4
28 14
3 3
7 10
39 29
19 18
40 33
42 29
10 15
11 1
0 34
35 28
37 20
39 42
43 23
14 22
2 29
19 3

33 17
69
1 10
4 11
16 7
5 13
16 3
6 7
8 6
1 1
7 11
4 2
11 16
2 15
9 2
4 0
3 0
9 13
6 12
9 15
1 4
9 15
6 11
3 11
14 7
0 1
12 2
12 0
14 8
13 0
13 9
16 5
11 16
2 0
7 3
5 16
0 2
7 10
9 10
13 6
15 10
5 1
11 9
1 4
13 1
9 12
2 15
12 6
11 3
3 1
14 12
3 11
12 3
5 2
4 7
12 1
10 8
7 7
4 6
8 15
9 15
1 16
1 7
3 5
6 10
14 16
6 10
6 2
5 0
15 2
3 11
20 3

35 5
67
0 1
4 4
3 0
0 4
2 0
4 1
1 4
0 3
1 3
3 3
4 1
4 3
2 0
2 4
3 3
3 1
0 4
0 0
2 2
1 0
1 2
0 4
1 2
1 0
2 2
4 0
2 2
3 0
2 4
0 1
1 0
0 0
3 2
0 3
4 0
2 1
1 4
1 2
0 0
1 3
4 4
4 4
0 4
1 2
2 0
3 2
0 4
2 2
0 3
1 0
2 2
3 1
3 3
0 3
1 2
2 1
1 0
4 3
3 1
3 1
3 4
0 1
4 1
0 1
1 3
1 1
1 3
22 4

29 33
7
4 20
1 22
19 8
3 11
26 6
4 1
0 25
5 5

10 23
86
0 5
7 6
3 8
1 1
6 6
9 5
2 2
3 3
7 7
9 9
1 6
3 6
7 3
1 3
0 0
2 7
1 1
8 1
0 1
9 1
9 3
0 8
9 5
8 6
5 8
6 9
1 4
2 2
2 3
4 0
2 0
2 8
7 4
9 1
4 2
8 3
7 5
9 8
9 3
0 5
5 0
0 8
3 0
2 1
6 5
7 9
8 0
0 3
2 4
8 0
5 4
2 5
1 3
4 3
9 5
4 9
4 8
3 4
2 0
8 6
8 9
2 6
2 3
5 5
2 5
3 6
6 4
6 2
1 3
5 9
4 0
1 6
0 1
5 5
2 5
6 4
8 7
0 7
3 3
8 1
8 1
8 2
0 4
1 0
9 1
4 0
22 4

4 29
80
1 2
0 1
1 0
2 0
3 2
3 1
3 0
3 0
3 1
2 2
3 3
3 2
0 2
0 0
2 3
0 1
3 0
3 3
2 3
2 1
0 1
0 1
3 3
1 2
3 1
1 0
1 1
0 1
2 0
3 3
1 3
0 3
3 2
1 2
0 3
3 2
3 1
2 3
2 0
0 1
0 2
2 2
3 2
3 1
0 2
3 1
2 1
0 2
0 0
0 3
2 1
3 0
0 3
2 0
0 3
2 0
3 0
3 1
0 3
3 2
3 3
0 2
2 1
3 2
2 2
0 3
2 3
0 3
0 2
2 1
1 3
0 2
0 3
1 2
2 0
2 2
3 2
3 1
2 2
3 3
7 4

42 38
69
3 10
6 9
21 37
9 21
29 4
3 19
18 19
5 33
19 11
31 15
12 3
27 12
12 36
12 4
23 35
34 25
9 3
20 26
21 32
22 18
5 13
9 12
6 9
21 23
14 2
16 2
4 23
31 5
0 7
19 16
18 2
8 34
8 16
29 0
8 16
34 30
27 6
0 0
25 16
25 29
3 1
29 36
6 33
1 14
10 21
26 17
24 29
27 11
27 6
33 5
24 22
35 23
14 22
11 21
19 7
5 24
1 37
18 24
28 27
6 30
25 36
27 29
29 37
8 7
5 25
14 29
11 24
16 30
36 32
12 5

28 50
48
25 17
21 8
3 27
5 24
4 15
20 0
24 9
0 8
14 12
17 14
25 25
12 5
20 4
22 6
11 17
27 17
2 1
10 13
0 4
15 1
13 5
24 20
1 5
5 8
0 5
18 18
23 12
19 14
9 6
9 17
20 10
12 25
22 10
9 26
5 8
1 18
26 15
11 23
22 4
7 16
27 7
24 0
10 14
14 4
16 16
13 6
18 24
25 19
18 2

2 33
79
1 0
0 0
0 0
1 1
1 0
1 1
0 0
1 0
0 1
0 1
0 0
0 0
0 0
0 1
0 1
0 1
0 1
0 1
0 1
0 0
0 0
1 1
1 0
0 1
1 1
1 1
0 0
1 0
1 0
1 1
0 1
1 1
1 1
1 1
0 0
1 0
0 0
1 1
0 1
0 1
1 0
1 1
1 0
0 0
1 1
1 1
0 1
0 1
1 1
0 0
0 1
0 0
1 0
1 0
0 0
0 1
0 0
0 1
0 0
0 1
0 1
1 1
0 0
0 0
0 0
1 1
0 1
0 0
0 1
1 0
1 1
0 1
1 0
1 1
1 0
1 0
1 0
1 1
0 0
17 1

46 17
20
7 15
7 15
9 7
3 15
5 16
7 5
16 4
7 9
11 10
15 10
2 5
6 8
13 4
11 3
3 6
8 7
10 11
16 6
8 12
0 12
22 1

45 19
46
7 1
13 7
1 9
17 11
10 0
5 2
5 17
4 13
5 16
1 15
4 1
6 8
18 7
15 11
4 5
4 3
18 9
16 15
15 7
5 8
2 10
9 1
14 0
7 7
10 1
12 0
13 5
7 4
5 18
13 9
6 11
18 0
5 9
4 3
8 15
10 11
5 14
17 9
17 11
3 17
15 13
11 7
13 9
15 14
17 4
14 9
18 3

6 13
74
1 3
3 1
5 0
3 4
0 3
2 0
1 3
2 4
4 5
1 1
3 0
2 2
5 2
0 3
0 3
1 3
5 1
0 1
0 2
2 4
5 2
0 3
0 5
0 1
1 5
4 3
4 4
5 5
5 5
5 5
4 3
0 2
2 0
2 0
2 1
4 3
0 0
1 1
0 3
0 4
3 4
2 2
2 5
0 1
1 4
2 4
0 4
3 1
2 3
3 5
2 4
3 4
1 1
1 4
0 1
3 0
2 2
5 5
4 4
2 2
2 3
1 4
1 3
1 0
1 4
5 4
5 3
5 5
3 1
4 2
2 2
0 3
0 2
0 5
5 4

10 20
100
7 5
2 7
5 4
4 3
7 3
7 5
6 0
1 8
9 8
2 7
1 9
9 9
1 4
5 2
4 0
1 1
2 3
4 8
0 1
2 9
1 3
2 9
6 0
6 9
2 4
7 4
8 8
6 7
1 1
2 7
2 4
8 0
7 0
3 4
6 8
6 3
8 1
4 5
8 0
6 8
5 7
8 8
8 4
0 2
1 3
6 3
5 2
2 6
9 7
9 6
1 2
9 6
9 1
7 7
1 9
9 3
9 5
5 2
3 7
3 8
4 5
3 9
5 9
5 4
3 8
2 9
3 0
8 0
9 0
5 1
5 9
4 0
9 4
4 0
9 6
9 7
2 9
8 8
9 9
0 6
6 1
5 4
0 3
9 8
1 3
4 3
0 3
8 6
0 6
0 1
2 5
0 0
6 5
7 6
6 7
2 4
4 9
7 6
3 7
3 3
12 1

50 29
30
8 22
10 5
26 24
22 13
19 26
9 14
4 8
27 6
9 24
17 3
24 12
6 3
28 9
12 10
8 11
21 8
24 10
25 10
3 19
12 20
23 0
0 16
17 3
7 23
13 10
28 28
8 12
3 2
16 14
17 8
17 2

4 43
50
0 2
2 3
2 3
2 2
0 1
3 2
0 0
0 1
1 1
0 0
2 1
3 2
1 3
3 3
1 3
2 1
3 1
0 0
2 3
0 3
3 0
1 1
3 0
3 2
3 2
1 0
1 3
1 2
1 2
1 2
1 0
0 2
1 1
3 0
2 2
0 3
1 0
1 1
0 3
2 2
1 1
0 3
2 2
1 1
0 2
1 2
0 3
1 3
0 3
2 1
11 2

41 1
82
0 0
0 0
0 0
0 0
0 0
0 0
0 0
0 0
0 0
0 0
0 0
0 0
0 0
0 0
0 0
0 0
0 0
0 0
0 0
0 0
0 0
0 0
0 0
0 0
0 0
0 0
0 0
0 0
0 0
0 0
0 0
0 0
0 0
0 0
0 0
0 0
0 0
0 0
0 0
0 0
0 0
0 0
0 0
0 0
0 0
0 0
0 0
0 0
0 0
0 0
0 0
0 0
0 0
0 0
0 0
0 0
0 0
0 0
0 0
0 0
0 0
0 0
0 0
0 0
0 0
0 0
0 0
0 0
0 0
0 0
0 0
0 0
0 0
0 0
0 0
0 0
0 0
0 0
0 0
0 0
0 0
0 0
17 5

30 5
38
1 0
1 0
3 0
0 3
2 3
1 4
3 0
4 3
4 2
1 2
0 0
2 1
4 3
3 0
3 0
2 4
3 2
1 1
2 2
0 0
4 4
4 4
2 4
3 1
4 1
1 2
0 2
1 0
0 2
1 3
1 1
4 1
2 1
2 2
1 1
2 1
1 2
4 0
23 1

26 10
46
7 8
7 9
3 5
7 1
3 9
2 3
8 5
7 4
8 0
3 9
0 4
2 2
4 7
2 2
2 9
8 8
2 2
8 8
9 4
4 3
6 8
3 1
3 3
4 1
7 4
2 9
2 2
4 7
3 2
9 6
1 2
9 2
8 6
4 6
1 1
9 6
4 5
3 7
7 9
2 3
3 0
0 3
8 2
4 7
7 4
8 7
23 2

23 46
48
16 20
4 12
13 11
13 7
17 17
9 14
9 10
22 5
9 9
21 1
5 1
21 12
13 6
4 0
4 8
0 19
20 5
1 0
15 10
13 12
11 9
18 21
21 5
5 7
19 1
16 11
14 9
7 14
5 2
11 10
20 11
14 9
6 12
7 3
22 15
4 4
12 15
4 6
3 16
3 7
22 16
11 13
3 16
14 8
14 5
19 13
15 9
15 19
18 1

37 31
97
29 8
12 22
0 1
0 29
14 0
3 26
24 24
20 28
23 11
8 17
1 11
0 28
4 6
17 1
28 12
5 27
23 19
28 1
22 1
0 13
10 18
12 25
23 12
29 22
14 14
16 5
14 6
14 25
21 3
13 14
5 26
29 26
18 18
30 8
28 16
21 11
6 18
23 24
9 29
9 6
10 28
18 22
23 19
24 5
20 29
29 5
0 15
21 24
2 7
15 18
10 27
29 21
11 17
25 18
26 10
14 12
11 25
13 22
3 22
30 24
5 2
26 10
28 17
11 22
12 4
10 10
2 1
27 30
9 29
10 23
19 5
0 29
16 10
11 15
17 10
26 8
20 22
3 12
24 18
29 12
13 12
26 14
19 5
28 16
0 22
25 23
1 3
14 4
1 0
15 21
1 27
11 29
30 5
5 27
28 10
14 29
28 29
7 5

49 9
72
6 4
2 2
5 8
4 5
4 8
0 6
8 6
0 6
3 8
0 5
3 0
0 3
0 1
4 7
7 7
6 1
7 0
4 6
6 7
5 1
4 2
6 6
4 1
5 4
1 4
6 5
7 2
6 1
0 2
1 1
7 2
3 8
1 0
1 4
0 6
4 6
3 4
2 8
6 3
8 7
4 8
1 7
1 7
3 8
4 4
5 8
3 1
1 0
2 3
3 3
6 6
1 5
0 8
3 3
7 0
7 3
1 8
5 1
4 4
5 1
2 4
1 2
6 8
6 6
2 1
7 6
0 7
1 5
6 5
6 0
3 4
0 6
3 2

27 47
81
6 24
8 8
5 12
21 9
17 19
2 16
17 9
11 10
16 10
12 15
10 4
12 15
10 25
25 19
4 21
17 15
2 25
25 18
24 6
15 16
3 8
14 15
17 10
21 24
11 7
3 4
18 19
22 14
2 24
25 0
9 6
18 11
15 1
0 10
4 3
24 21
5 8
19 13
3 17
9 16
3 23
16 10
4 6
25 1
0 4
25 15
25 8
25 3
4 0
16 6
5 15
25 0
9 10
20 15
22 13
26 1
13 7
5 21
14 13
14 6
23 24
15 1
6 11
3 24
20 25
22 16
10 15
16 10
16 18
21 12
24 8
5 24
12 11
26 4
20 25
17 23
0 14
18 8
16 20
9 0
13 14
12 1

26 9
29
1 1
6 0
1 3
6 8
4 5
3 6
7 7
5 3
1 0
3 2
0 7
7 6
5 5
6 5
3 0
7 2
6 6
4 2
8 7
0 5
0 4
3 0
4 0
7 0
7 6
6 4
7 3
4 6
1 2
13 3

32 8
100
3 4
6 5
6 0
4 4
0 1
3 0
0 7
5 2
0 0
0 2
1 5
0 3
5 6
5 7
1 3
2 5
5 3
0 4
3 5
0 7
7 2
2 1
2 7
5 5
7 6
4 3
7 4
2 3
0 3
1 1
6 7
0 6
5 1
5 5
6 7
0 5
5 0
4 6
2 4
2 5
3 3
7 3
2 1
5 1
7 2
7 0
6 1
6 1
4 3
7 2
7 0
4 2
0 6
1 7
5 2
0 6
1 4
6 1
0 3
3 3
4 4
3 7
3 7
0 2
6 1
4 3
3 3
2 4
3 3
6 7
5 6
7 5
7 5
0 7
4 7
2 7
1 1
7 6
7 4
5 2
6 0
0 2
0 5
4 1
3 0
7 7
6 3
0 3
5 6
7 1
0 3
2 1
2 4
7 7
7 2
1 3
3 4
0 0
5 5
7 6
2 2

3 28
80
0 2
0 2
0 0
1 0
0 2
1 1
1 2
2 2
2 0
2 2
2 0
0 0
0 2
0 2
1 1
0 0
1 0
1 1
0 2
0 1
1 0
2 2
1 1
0 1
0 2
2 0
0 0
1 1
1 1
1 2
1 1
0 1
0 2
0 1
0 1
0 2
1 2
2 1
0 2
2 1
1 1
1 0
2 1
2 2
2 2
1 0
0 2
2 2
0 1
1 1
2 1
2 1
0 1
0 0
1 2
2 2
0 2
0 2
2 2
1 2
0 2
1 0
0 0
2 1
1 0
1 2
2 2
0 0
0 1
0 1
2 0
0 1
0 2
1 1
2 0
1 0
2 2
0 1
0 2
0 0
17 4

38 3
62
1 2
1 0
2 2
1 0
0 2
0 1
0 2
0 1
2 0
2 0
1 0
2 0
2 2
0 1
2 2
2 2
1 1
0 2
1 0
2 2
0 2
0 0
0 0
0 0
0 1
0 2
0 1
0 1
2 1
0 2
0 0
1 2
2 0
0 2
0 0
1 0
0 0
0 2
0 2
2 2
2 1
1 2
1 0
0 0
1 0
1 0
1 0
1 1
2 0
0 1
2 1
1 2
1 2
0 0
0 2
2 0
1 2
1 1
0 0
0 1
0 1
2 2
5 2

22 2
87
0 0
0 1
1 1
1 1
0 0
0 1
1 1
1 1
1 0
1 0
1 1
1 1
1 0
0 1
0 0
0 1
1 1
1 0
1 0
1 0
1 0
0 0
0 1
0 0
1 0
0 1
0 1
0 0
1 1
0 0
1 1
1 1
1 0
1 0
0 1
1 1
1 1
0 0
1 1
1 1
0 1
0 0
0 1
1 0
0 1
0 0
0 1
0 1
1 1
0 0
1 0
0 0
1 1
1 0
0 1
0 1
0 1
0 0
1 1
0 1
1 0
0 0
1 1
1 1
0 0
1 1
1 0
1 1
1 1
0 1
0 1
0 1
0 0
1 1
0 1
0 0
0 0
1 1
0 0
0 1
0 0
1 1
0 1
1 0
1 1
1 0
0 1
21 2

48 24
76
12 1
9 17
14 2
4 0
4 8
12 12
5 1
18 11
16 13
20 3
11 8
6 5
4 8
14 5
20 1
19 14
19 12
19 18
4 14
8 23
6 20
14 5
11 21
20 4
1 8
21 3
2 3
18 3
3 21
6 2
6 20
5 11
3 8
17 18
18 17
2 13
14 3
1 15
22 7
10 22
13 6
20 4
20 6
7 2
1 7
16 0
15 23
19 2
9 9
22 13
20 5
14 23
0 9
1 11
2 20
7 20
17 3
21 1
3 13
7 15
4 9
10 20
11 23
3 15
16 4
23 14
5 15
16 15
9 8
17 23
11 9
15 1
1 4
11 15
4 11
16 20
9 2

27 31
36
23 9
3 23
0 5
5 10
15 11
10 10
1 11
13 12
25 14
17 12
6 21
25 8
10 14
26 9
9 15
10 17
24 15
4 1
3 26
22 19
13 19
6 12
12 6
6 2
14 22
9 16
16 25
0 20
0 22
7 9
10 3
1 19
9 16
22 16
12 19
7 11
6 2

37 19
85
3 5
15 5
6 15
18 3
3 16
6 12
15 12
8 8
7 14
13 13
13 13
18 3
4 0
17 6
1 0
4 1
0 9
13 14
1 7
15 0
16 13
16 8
17 13
7 6
5 8
10 18
0 7
6 4
8 16
6 13
8 13
4 14
17 9
9 13
0 9
7 3
12 14
0 18
1 5
14 15
1 11
16 16
1 6
12 16
8 14
12 5
15 8
4 9
14 3
15 0
10 16
8 2
15 17
13 18
8 14
13 2
2 18
2 10
4 0
17 6
1 7
11 13
1 5
2 6
8 10
2 14
6 4
14 13
10 3
10 1
13 3
6 13
11 3
5 14
6 18
15 4
16 18
1 4
2 8
8 7
7 6
9 12
4 18
15 1
2 6
2 5

33 16
79
6 8
8 4
1 13
15 4
0 15
4 10
5 3
14 10
2 0
11 12
11 13
12 2
4 12
5 13
9 4
3 9
1 11
9 3
14 12
5 5
4 9
12 8
4 2
6 2
4 12
15 2
7 7
2 10
7 0
4 11
8 9
6 7
14 14
3 2
14 7
4 4
0 8
3 13
3 2
9 1
11 1
14 12
13 4
13 10
11 13
12 7
11 0
0 4
11 12
0 12
7 5
14 1
6 10
14 12
12 12
3 2
14 11
3 15
9 10
12 7
1 11
0 4
7 13
5 12
1 7
3 2
13 15
13 12
3 3
5 13
2 3
0 6
5 14
14 5
7 10
8 1
6 10
9 11
8 7
24 2

31 19
12
9 6
18 10
7 5
5 15
9 11
8 10
17 17
15 0
14 4
2 6
14 14
15 14
23 3

48 27
88
14 5
0 23
14 3
26 25
9 10
10 2
0 17
3 21
6 4
14 12
12 0
4 11
20 24
11 4
6 11
8 22
1 19
11 19
7 24
22 10
18 19
18 17
13 11
25 12
23 1
19 22
1 26
23 13
19 24
25 22
6 24
17 9
17 14
8 0
17 17
1 4
6 20
0 25
22 1
23 20
22 14
24 15
1 6
20 14
13 7
15 14
6 17
5 8
24 15
10 25
14 20
23 25
6 26
24 8
21 3
6 6
13 8
9 8
24 1
5 22
13 23
25 25
11 21
25 16
25 6
25 4
12 26
1 0
23 10
5 22
25 7
8 10
3 10
26 4
22 8
9 19
14 12
1 6
14 15
3 1
16 19
20 16
15 16
23 26
20 3
0 13
19 17
14 13
24 4

6 8
36
5 5
3 0
3 4
4 0
1 2
5 0
3 1
1 4
2 4
2 1
2 1
5 2
4 0
3 4
5 0
1 0
0 2
4 0
2 4
5 1
2 2
0 5
0 0
0 1
1 1
4 3
0 3
2 3
1 5
1 5
3 0
5 3
4 4
4 0
3 0
2 2
20 2

50 38
31
13 34
8 36
37 30
6 18
21 0
32 25
19 3
27 33
36 13
4 14
21 28
31 6
37 10
28 12
27 26
29 26
34 23
28 15
36 7
3 0
5 12
2 15
15 36
23 22
34 31
30 6
25 3
37 37
28 30
12 34
22 30
25 4

13 26
41
3 5
2 4
10 11
3 12
0 5
4 3
1 9
11 11
9 0
12 12
8 2
6 8
8 12
4 8
1 5
2 10
10 8
10 12
9 8
12 0
4 4
10 5
10 2
8 9
1 10
5 12
10 1
7 2
10 11
4 10
8 7
11 4
4 10
8 4
10 0
1 6
4 10
2 1
8 7
0 4
11 7
5 2

6 19
63
3 2
0 5
5 1
3 2
1 3
4 3
4 5
2 4
1 0
2 0
2 0
1 5
0 3
5 0
5 0
3 3
0 2
1 0
5 3
3 2
4 5
0 2
1 4
3 1
2 2
0 0
1 3
1 1
2 3
5 2
0 0
1 4
1 1
2 2
1 0
3 3
1 1
2 4
3 1
3 5
5 1
4 2
2 4
0 4
4 5
0 3
5 4
5 3
0 3
3 2
3 1
4 5
5 4
5 4
2 2
3 3
3 5
1 0
5 0
5 5
3 4
0 0
0 5
6 5

31 37
96
30 26
28 4
11 15
26 3
8 24
0 5
14 23
18 1
22 18
7 30
11 24
18 19
26 27
17 22
13 24
1 29
1 4
24 9
14 9
4 24
2 6
30 13
9 16
17 14
13 0
10 3
7 2
19 12
6 28
26 12
0 12
13 17
6 16
20 13
13 6
5 19
14 29
26 12
12 13
4 12
8 28
13 1
2 26
22 13
5 15
14 0
21 19
3 8
22 19
12 13
5 27
25 0
14 30
14 30
4 14
26 9
20 23
11 5
25 26
8 15
11 29
21 6
24 9
9 8
11 30
20 11
5 27
27 6
1 25
22 8
22 5
11 22
16 4
18 17
7 8
29 26
12 17
17 13
16 1
5 10
9 22
9 4
30 28
6 20
10 20
23 25
22 0
0 16
15 12
6 17
15 30
28 30
21 17
17 27
26 28
26 8
10 1

40 36
19
27 25
3 6
35 1
20 11
13 5
7 33
1 26
9 35
21 5
5 17
0 34
3 0
18 4
18 8
8 15
33 24
16 30
29 19
0 11
12 2

24 14
88
10 7
1 12
4 12
8 12
10 11
11 9
0 1
1 0
6 0
5 4
9 3
10 11
10 1
6 13
3 8
4 5
11 5
3 0
12 0
11 9
9 0
6 1
4 9
2 4
12 1
8 12
1 13
0 2
10 5
6 6
11 1
12 9
7 13
5 2
11 13
7 12
3 8
8 0
3 1
3 13
0 4
1 10
13 13
12 7
1 1
12 11
10 5
4 13
7 0
13 10
9 10
9 0
9 7
9 6
7 10
0 9
9 7
4 6
4 13
5 1
8 13
8 8
12 4
13 5
12 6
4 0
9 10
8 10
7 9
13 1
1 5
3 6
5 1
9 3
10 6
9 0
5 7
10 5
1 12
8 5
11 13
3 3
8 8
7 5
11 6
11 7
1 12
1 7
14 5

33 47
16
31 21
6 14
19 18
26 10
17 5
24 31
18 24
19 5
22 18
19 22
21 14
0 13
21 12
7 20
20 24
3 22
11 3

14 19
61
13 7
2 10
1 13
13 11
4 10
5 8
1 5
1 12
13 13
9 7
7 11
2 5
6 2
0 9
1 4
7 0
12 12
4 2
0 7
13 3
2 11
11 4
9 1
0 12
11 1
6 4
10 8
2 10
10 3
11 13
13 4
12 13
0 13
7 12
11 7
8 4
5 12
5 3
7 11
4 1
11 1
8 3
13 9
6 7
13 7
1 8
1 8
7 3
10 8
8 7
7 10
6 0
12 7
5 5
12 12
3 8
2 3
0 3
7 3
12 3
2 6
23 4

22 21
86
7 9
10 3
9 18
16 1
7 16
8 2
6 7
1 9
0 12
1 19
11 17
18 17
17 11
17 3
16 0
13 2
2 11
12 17
15 7
7 20
10 17
19 8
12 6
18 8
7 18
16 2
11 16
13 9
6 11
5 19
1 3
8 4
0 12
15 10
0 20
17 10
8 15
5 13
12 8
7 13
4 11
11 15
18 4
12 18
15 11
4 18
1 11
8 12
18 15
9 3
3 4
16 11
16 17
16 16
10 16
0 15
0 14
6 18
0 7
13 20
5 10
12 6
20 1
1 18
4 7
15 14
8 15
6 8
16 3
15 4
17 19
13 4
3 17
15 18
10 2
14 10
2 1
18 1
9 6
1 4
1 10
14 6
6 1
10 18
9 16
11 15
13 5

45 8
52
2 3
0 5
6 3
0 5
5 1
6 5
4 3
4 5
6 2
5 6
1 4
0 3
4 6
2 5
3 0
1 6
6 0
0 3
7 2
2 0
3 4
2 2
1 6
1 4
1 4
7 7
6 3
4 6
6 1
6 4
4 3
0 2
7 2
2 4
5 2
0 2
0 5
6 7
2 6
4 1
7 2
0 5
2 3
0 3
2 5
6 3
1 1
4 3
5 2
3 1
4 3
5 3
2 3

40 21
16
5 0
1 18
7 20
6 2
17 16
6 18
15 3
6 20
18 15
2 3
14 7
9 4
4 6
10 7
6 6
1 12
25 5

25 12
79
2 5
5 1
5 11
0 3
4 11
4 9
5 0
1 7
0 3
7 8
11 1
7 9
10 9
3 5
2 1
7 2
9 2
11 6
9 2
3 9
11 2
7 8
8 5
9 0
2 4
8 5
8 0
1 1
4 10
5 5
7 9
11 3
4 11
6 3
9 2
6 0
1 10
3 10
3 5
2 3
2 6
0 3
11 7
10 1
8 1
3 3
2 6
10 9
9 11
0 11
0 8
2 10
0 9
8 5
3 7
9 9
5 9
6 6
7 1
2 1
1 10
0 0
3 11
5 0
4 2
6 11
6 0
11 9
2 5
2 1
6 0
1 10
2 9
6 11
1 3
8 0
9 6
0 11
2 9
2 1

14 44
33
7 13
9 9
11 10
6 7
9 1
1 13
4 3
13 1
10 12
8 0
11 0
2 6
9 2
8 1
4 5
12 3
8 4
9 7
7 10
9 6
5 5
5 8
4 6
6 0
4 1
3 10
10 3
3 12
10 4
6 9
8 10
12 2
8 11
12 4

7 21
85
3 2
4 1
5 1
5 3
1 4
6 6
2 2
1 6
6 2
2 3
3 2
5 4
6 0
0 2
6 5
3 6
5 1
2 3
3 1
4 3
4 1
1 4
0 1
3 2
0 4
4 6
6 3
6 1
0 2
4 1
0 6
4 3
6 2
1 6
0 2
3 3
1 0
5 6
1 4
2 3
2 5
4 6
6 3
2 3
5 6
1 6
2 2
5 3
5 2
1 3
6 1
1 0
4 4
5 5
1 2
6 4
0 6
1 2
1 6
1 6
5 0
4 4
5 3
3 1
5 3
5 4
6 3
3 4
1 3
4 5
1 4
3 2
5 0
5 5
0 6
1 5
6 5
6 4
5 2
5 5
5 5
0 3
0 2
0 1
3 3
1 5

22 49
16
14 12
3 11
9 20
11 20
1 1
16 14
15 5
10 20
21 3
8 4
3 17
17 11
7 1
5 2
5 10
20 10
25 2

20 41
40
2 2
3 0
0 6
16 1
9 4
10 16
10 18
1 17
5 1
0 8
2 3
18 16
0 14
5 15
14 15
18 16
17 0
19 5
6 7
9 13
2 1
3 1
11 4
12 8
7 14
1 17
15 14
11 2
1 4
19 15
3 13
17 8
3 17
7 15
9 6
14 6
12 18
0 13
17 9
16 5
4 4

33 41
76
21 21
8 10
8 21
16 29
16 0
0 8
4 3
8 30
26 12
7 23
23 1
18 21
5 9
7 24
20 14
18 11
4 16
3 11
20 26
15 15
9 14
6 31
8 25
16 8
21 15
1 13
15 2
0 6
3 25
1 19
1 7
28 31
20 3
2 13
16 20
20 1
29 16
11 19
16 28
30 18
2 11
17 5
29 0
31 28
5 29
32 7
26 17
16 5
23 19
28 25
17 10
24 21
32 15
28 13
29 8
0 4
14 5
19 20
3 14
24 28
12 26
0 12
10 19
6 25
14 32
6 9
16 21
0 18
12 26
25 0
8 0
26 28
28 8
2 22
22 24
29 29
22 4

6 46
71
0 2
0 2
5 0
4 1
2 1
2 3
4 0
5 5
1 0
0 3
3 4
1 1
0 3
4 1
5 5
1 5
0 5
0 2
1 5
3 4
1 4
0 2
3 3
5 4
2 5
3 0
0 2
4 4
4 4
2 1
5 2
3 4
0 3
5 5
4 2
5 4
4 0
1 4
3 5
4 4
0 1
0 4
4 0
4 2
1 0
4 3
4 1
1 3
1 5
2 4
4 3
0 3
2 5
2 0
2 0
2 5
2 3
4 4
5 0
4 1
5 4
2 4
5 2
1 0
0 4
3 4
3 0
1 0
5 0
1 2
1 2
22 5

4 43
30
0 0
3 3
0 2
3 0
0 2
1 2
0 3
1 3
3 2
2 1
1 1
1 3
1 2
2 0
0 1
2 1
2 3
2 2
0 1
1 3
2 2
2 2
2 2
2 2
3 3
3 0
3 3
0 3
2 1
1 2
14 2

30 18
20
6 9
17 11
5 10
0 11
17 0
2 17
0 12
1 11
17 14
16 9
5 15
10 14
14 7
13 10
17 7
13 14
6 0
16 8
16 1
2 5
8 4

13 35
31
8 2
3 7
10 7
4 2
4 6
1 4
2 10
10 1
11 0
9 4
3 8
5 0
12 2
9 2
3 7
8 12
3 4
11 12
3 0
6 3
3 6
0 8
0 1
2 9
10 0
5 6
12 8
9 7
5 12
8 2
9 6
7 2

46 23
40
8 6
8 11
19 15
1 1
0 4
1 9
15 18
13 7
13 8
22 16
5 15
8 8
14 9
16 16
20 6
0 9
10 15
22 13
15 22
14 17
22 3
12 10
6 16
16 1
12 0
7 16
16 6
22 6
22 18
5 9
22 0
19 15
5 19
10 4
9 10
17 9
4 3
6 3
1 5
12 0
8 3

6 21
5
1 4
2 1
0 2
1 0
1 4
14 3

26 1
4
0 0
0 0
0 0
0 0
23 2

17 44
52
14 0
5 14
16 12
14 8
11 4
10 3
2 16
4 1
13 5
8 5
0 15
9 9
6 11
5 12
7 3
9 15
6 13
2 10
4 2
13 5
3 8
4 9
8 10
16 4
10 5
7 9
14 9
15 1
15 11
4 5
12 3
11 4
6 3
6 5
7 8
7 12
1 14
13 9
15 8
1 0
6 9
9 8
1 6
1 11
3 11
16 16
4 16
0 0
16 0
4 13
2 14
6 6
22 2

7 41
70
2 4
1 3
3 5
2 3
2 1
1 5
4 0
5 5
2 3
1 0
2 1
6 5
2 6
5 4
2 3
3 3
3 1
4 3
0 4
4 6
2 5
3 0
0 2
5 2
0 4
0 2
1 6
4 3
2 3
0 3
5 3
3 1
6 1
5 5
6 6
5 5
2 1
0 5
3 1
0 0
0 4
2 4
3 4
0 5
4 4
1 5
3 4
1 2
1 3
3 0
3 3
6 5
3 0
4 2
0 4
2 0
0 3
3 1
5 4
2 4
4 3
5 2
1 1
6 6
0 4
4 1
5 3
0 3
6 6
5 3
5 5

24 40
36
1 18
18 15
10 23
5 17
15 2
5 1
11 3
4 7
18 20
11 1
23 18
13 20
1 21
17 17
13 21
13 16
13 19
5 12
6 1
3 3
7 7
9 23
5 11
18 6
12 4
22 19
15 11
4 14
16 15
17 7
4 3
7 18
22 14
18 7
3 23
12 18
7 1

24 36
16
6 11
6 11
20 21
2 12
4 10
7 17
15 13
14 19
6 20
22 13
0 6
14 12
7 10
7 22
23 18
17 7
16 1

30 50
37
15 20
19 4
24 18
11 25
17 29
2 4
11 10
3 23
29 24
8 2
19 5
5 12
20 8
18 11
0 26
16 13
21 26
2 28
18 1
17 21
18 10
18 25
12 22
21 20
18 28
1 7
23 20
4 13
0 23
3 23
1 11
23 12
19 18
4 3
9 14
28 13
6 2
9 3

34 41
20
4 19
15 9
2 16
31 24
18 31
18 17
5 2
25 5
32 0
12 31
29 1
26 5
5 10
30 17
0 29
29 15
28 9
15 9
4 15
30 15
14 5

14 12
72
9 4
11 10
2 8
0 4
4 7
7 6
0 10
10 5
7 4
3 11
9 8
0 0
7 0
4 8
4 6
3 11
10 2
4 7
9 10
8 2
1 11
5 9
9 11
5 10
4 5
4 3
11 9
7 6
5 9
10 10
8 1
6 2
9 5
9 4
7 3
1 11
1 4
7 3
9 1
1 0
2 4
2 2
10 11
1 0
1 8
10 11
5 7
0 7
7 5
6 5
0 7
9 8
5 11
10 2
9 7
10 6
0 1
9 8
1 6
5 1
2 8
4 9
8 6
1 3
6 2
2 4
3 11
10 0
0 0
10 11
4 2
0 8
11 4

9 17
29
1 6
1 5
4 2
6 8
3 4
8 4
0 4
3 6
7 0
5 2
6 7
8 3
0 0
7 4
6 5
0 4
4 0
0 8
0 7
1 1
2 6
1 3
3 7
8 7
0 2
5 4
3 6
2 6
2 2
20 4

3 7
37
0 1
1 2
2 0
0 1
0 1
0 0
2 0
1 0
1 2
2 2
2 0
1 0
1 0
0 2
0 1
2 0
0 1
1 0
2 1
0 2
0 1
2 1
1 0
2 2
1 0
2 2
1 0
2 2
2 1
1 1
0 2
0 0
0 0
1 0
1 2
2 2
1 2
15 1

47 18
3
10 10
2 6
16 15
18 1

43 47
21
18 29
3 22
41 28
30 35
13 30
18 15
30 3
38 13
39 4
23 8
37 11
27 20
33 35
16 3
11 35
33 39
40 35
11 1
13 25
38 19
36 32
9 5

48 24
64
11 14
11 0
7 6
23 14
18 23
7 23
0 20
5 16
20 6
21 9
17 13
14 22
14 19
15 23
20 16
16 5
13 8
14 20
2 17
10 8
16 17
23 0
9 20
23 0
3 2
17 10
15 15
8 20
16 20
3 5
13 12
12 0
5 9
0 3
6 12
18 10
2 11
20 20
15 20
3 15
17 16
13 8
22 3
10 10
6 16
20 16
21 2
21 14
23 12
20 16
7 18
11 22
11 1
15 8
7 1
21 19
12 19
22 22
5 13
7 22
14 10
15 4
10 22
5 17
13 5

7 12
2
2 1
6 3
11 3

24 1
41
0 0
0 0
0 0
0 0
0 0
0 0
0 0
0 0
0 0
0 0
0 0
0 0
0 0
0 0
0 0
0 0
0 0
0 0
0 0
0 0
0 0
0 0
0 0
0 0
0 0
0 0
0 0
0 0
0 0
0 0
0 0
0 0
0 0
0 0
0 0
0 0
0 0
0 0
0 0
0 0
0 0
5 2

25 24
81
20 1
9 3
20 6
20 9
6 16
2 15
2 16
11 16
16 6
1 5
21 23
0 9
22 3
19 22
9 13
9 8
12 16
7 4
21 2
7 5
0 7
14 3
7 21
11 23
19 0
19 0
1 9
17 3
16 15
18 3
7 2
7 5
12 0
13 22
22 23
6 19
20 22
18 5
14 8
8 7
9 21
13 5
17 6
16 19
14 5
4 23
1 7
12 12
8 15
22 20
5 17
22 16
13 15
19 7
4 3
14 10
13 10
14 16
7 17
17 19
4 23
5 21
11 15
21 16
21 0
15 9
4 2
10 0
8 7
4 7
3 12
2 13
20 3
9 5
1 23
9 8
21 2
9 11
17 14
5 14
23 14
24 4

39 31
36
0 6
8 4
14 2
7 27
12 20
25 23
8 23
3 27
10 9
5 9
13 28
25 8
24 2
1 23
13 9
27 27
26 8
7 3
23 15
2 8
17 8
16 30
18 29
14 0
18 21
24 30
23 25
27 15
28 5
18 27
16 15
5 5
16 17
26 10
21 20
4 6
16 5

34 49
89
15 18
23 29
10 13
9 30
28 2
25 20
1 10
18 7
6 17
12 25
15 14
26 9
28 27
26 16
12 23
9 0
12 26
11 33
7 15
20 29
11 12
28 10
1 9
3 7
31 18
16 26
8 31
4 16
22 11
3 20
33 28
33 24
11 17
23 29
30 25
33 6
5 26
22 10
19 4
23 7
0 4
15 23
13 24
2 26
12 17
24 12
29 16
3 7
18 17
12 16
15 11
22 15
31 32
22 33
1 30
19 13
0 19
3 26
14 9
2 26
23 9
9 1
23 32
5 2
20 21
1 23
26 16
17 20
9 23
10 10
24 15
30 25
11 5
33 30
6 27
12 1
28 7
5 22
12 11
1 31
32 3
8 2
17 4
31 0
26 16
27 16
26 11
33 21
9 12
14 2

47 7
72
4 1
2 5
3 1
4 3
3 4
2 3
5 2
5 5
0 5
3 5
2 6
2 4
5 3
4 5
6 4
6 0
6 1
3 1
1 0
4 5
4 2
6 2
0 2
6 5
2 5
4 4
5 2
4 6
0 2
5 5
6 6
4 0
5 2
3 0
6 5
6 4
6 5
1 3
4 0
6 6
0 0
1 1
5 3
4 5
3 4
4 2
2 0
5 0
5 6
0 5
2 2
6 4
6 5
1 4
2 5
2 4
0 2
2 3
3 1
6 6
1 4
4 1
2 3
0 1
1 4
1 2
4 6
0 0
4 6
6 0
4 2
4 5
11 3

12 46
44
8 1
4 4
4 7
0 9
8 9
4 6
1 2
0 11
6 8
1 6
5 9
4 11
11 10
4 4
6 5
9 11
1 11
3 1
1 10
5 1
5 2
11 8
3 3
8 3
11 7
3 2
11 2
0 5
9 2
10 4
10 11
4 0
3 7
0 9
7 7
1 7
3 6
1 6
3 10
11 2
6 6
0 7
9 3
5 2
22 1

6 39
24
1 2
5 2
4 5
1 2
5 3
2 5
5 2
4 1
1 3
4 1
2 2
1 5
3 0
1 4
2 5
5 2
5 5
3 1
0 0
2 0
0 1
1 2
3 0
0 1
2 1

50 24
23
20 19
22 2
6 9
1 18
3 23
3 18
20 8
1 9
2 16
14 9
17 3
23 13
22 4
0 23
20 14
1 11
23 19
19 3
11 6
5 15
7 23
3 16
11 11
9 4

34 22
66
17 15
4 10
7 4
2 6
16 16
10 14
8 2
2 2
15 3
10 6
13 15
16 12
5 10
0 9
13 10
0 1
21 15
20 8
11 17
9 21
17 5
13 17
14 11
0 0
5 17
12 12
11 11
18 2
7 20
19 4
21 7
15 4
4 13
13 0
15 4
13 7
7 10
5 9
1 12
17 4
21 2
9 0
16 0
0 0
5 18
19 5
3 1
20 15
10 11
18 17
16 17
5 21
10 2
5 12
4 15
14 5
15 17
17 3
15 1
15 7
7 8
10 18
8 0
2 10
19 4
20 14
10 5

33 48
70
5 5
16 25
12 20
0 13
29 9
7 22
20 32
18 9
21 27
32 32
14 9
14 2
17 10
3 32
28 1
5 25
26 18
5 21
25 15
26 22
12 18
3 23
8 24
12 9
30 28
22 15
11 18
5 1
10 32
7 9
0 19
10 11
16 18
18 17
1 13
16 2
8 24
1 4
2 25
3 24
29 17
2 26
10 31
4 30
22 24
17 32
29 18
25 13
3 11
24 29
6 27
3 28
11 15
17 2
17 28
8 15
31 14
20 20
22 24
17 32
31 17
20 8
19 4
13 27
5 4
2 7
18 2
22 20
16 23
10 11
13 4

3 5
51
0 1
1 2
0 2
1 2
1 1
0 2
0 2
0 2
2 0
1 2
2 0
0 1
0 0
1 0
1 1
0 0
1 2
1 2
2 0
1 1
2 0
0 2
1 1
0 2
0 2
2 1
1 1
2 2
0 0
0 0
0 1
2 0
2 2
1 1
2 0
1 2
1 1
1 1
1 0
2 1
2 2
1 2
2 0
0 1
2 1
0 2
2 2
1 1
1 2
1 2
0 1
2 1

7 21
10
1 6
6 5
2 1
0 1
2 0
2 2
6 0
3 0
2 6
2 1
13 2
