100

20 39
28
15 12
1 16
5 0
13 17
1 12
18 16
1 18
13 0
1 2
16 14
14 7
9 19
6 4
4 18
10 0
18 14
14 0
3 17
15 10
6 1
11 19
9 0
13 3
8 11
15 9
16 11
10 11
9 3
14 1

12 40
37
2 2
8 5
7 3
6 3
4 11
9 2
10 10
3 10
4 7
1 1
3 1
7 7
6 2
11 9
11 4
11 11
0 4
9 11
8 8
0 8
5 0
5 3
4 6
5 6
5 4
9 11
1 7
7 4
11 5
4 5
10 10
7 1
1 4
7 10
0 2
3 1
11 1
2 2

33 42
54
0 22
24 28
32 32
19 5
6 27
31 2
1 14
9 9
6 20
10 13
28 21
13 15
1 1
14 13
10 0
0 19
12 23
15 1
31 21
32 24
18 31
4 3
5 11
2 4
28 26
22 11
28 0
20 20
16 24
26 10
31 7
24 30
30 31
27 14
2 8
25 31
27 15
21 5
25 1
22 4
11 4
31 21
25 1
17 6
13 31
11 19
3 22
26 23
7 7
23 5
15 5
11 25
6 13
13 21
16 2

38 30
51
23 4
22 0
20 27
15 17
4 16
16 22
13 28
16 5
5 3
0 28
22 2
4 1
21 15
16 12
0 13
14 0
12 20
10 6
10 20
5 25
4 27
6 22
24 11
14 28
9 28
15 1
15 1
6 12
3 20
23 6
17 17
17 6
8 25
14 29
10 28
26 1
19 19
5 19
9 10
11 20
21 19
0 7
29 26
1 3
2 23
15 27
8 1
18 17
11 5
19 5
29 11
17 3

44 11
16
10 5
9 5
4 1
4 7
3 5
8 3
1 1
0 6
1 4
0 0
0 6
9 3
8 5
2 0
2 5
7 8
15 5

38 27
74
15 3
1 26
24 0
3 9
6 25
2 3
26 16
25 0
15 11
13 5
4 18
14 4
19 13
23 18
20 22
25 17
0 15
0 6
13 11
22 8
17 14
26 15
9 25
6 19
12 0
5 3
16 18
23 20
15 17
14 13
14 22
9 1
24 11
18 17
15 6
6 16
24 4
14 16
25 1
12 9
20 17
20 11
11 24
19 26
2 21
17 15
1 0
5 2
7 6
1 0
17 18
1 23
22 2
5 20
13 1
16 11
1 12
2 10
24 8
21 5
18 26
24 6
8 18
20 26
18 23
22 5
1 5
15 2
19 24
2 17
25 23
13 21
25 5
8 19
20 3

27 18
24
4 15
10 6
5 1
13 3
14 7
5 6
4 16
9 17
11 6
8 7
11 15
17 4
14 1
7 3
11 12
1 17
13 7
6 10
1 11
5 13
6 2
8 12
4 5
11 2
8 1

22 49
82
17 2
2 12
18 9
18 0
1 5
17 14
16 7
8 10
8 18
14 17
20 10
2 13
19 17
7 6
8 18
15 17
8 17
1 19
20 19
10 11
8 21
12 18
16 3
19 4
20 18
1 17
4 16
15 4
21 6
2 6
15 3
16 15
8 9
10 4
5 1
16 1
11 9
20 0
21 5
20 11
2 17
19 6
1 2
7 13
17 4
17 8
8 3
6 5
3 12
13 20
0 6
20 3
17 13
17 7
11 6
1 13
12 5
12 16
4 18
21 8
17 4
16 11
11 0
1 6
14 3
20 0
3 11
21 20
4 16
2 12
4 4
4 0
9 6
0 7
17 7
13 19
18 16
3 1
0 21
7 11
4 20
21 17
8 1

11 2
62
1 0
0 0
0 0
1 1
0 0
0 1
1 0
0 1
1 0
0 1
0 0
1 0
1 0
1 1
0 1
1 0
1 1
0 1
1 1
1 1
1 0
0 0
1 1
1 0
1 0
0 0
1 1
0 1
1 1
1 0
0 0
1 0
0 0
0 1
1 0
1 0
1 0
1 1
1 1
0 1
0 0
1 0
1 0
0 0
1 1
1 0
1 1
1 1
1 0
0 0
0 0
1 1
0 1
1 1
0 0
0 0
1 0
1 1
1 1
1 0
1 0
0 0
25 5

12 37
9
5 4
9 5
9 11
2 11
4 1
11 3
7 10
1 8
7 6
7 4

36 10
67
3 7
4 9
1 4
5 4
4 8
7 5
8 8
0 5
9 8
6 6
7 4
4 4
3 4
6 8
5 6
1 8
1 5
1 1
2 6
0 8
1 9
5 0
6 8
5 9
7 5
5 9
6 4
7 5
6 8
7 9
5 2
5 3
4 0
7 8
9 5
1 3
0 8
5 2
8 8
2 3
8 2
4 9
9 2
9 3
9 3
1 5
2 8
4 2
9 8
6 4
8 1
0 0
8 3
3 5
0 3
0 7
9 8
4 6
0 1
8 7
7 1
2 9
3 7
8 5
5 4
7 9
1 7
3 5

25 32
62
14 24
6 12
9 8
2 16
18 12
19 0
15 24
1 9
14 23
5 2
22 17
11 6
5 22
18 11
24 11
1 3
22 4
20 23
7 7
5 17
17 12
11 18
22 4
2 9
12 23
14 15
22 6
14 13
12 15
16 13
0 5
22 19
8 24
3 21
14 18
5 10
20 7
21 23
3 19
20 17
1 5
16 24
12 8
4 5
20 9
23 21
8 13
0 15
24 14
17 13
21 16
3 15
9 13
8 19
13 18
19 4
10 1
22 20
19 11
6 3
10 13
21 11
23 4

38 40
72
12 30
37 6
27 20
12 8
17 18
27 31
12 10
20 3
27 9
12 27
6 21
1 27
26 33
27 9
21 13
35 8
32 13
31 0
18 27
19 5
36 0
17 15
28 6
2 9
37 30
16 0
0 2
34 10
35 37
14 36
22 3
1 25
34 3
14 21
19 29
0 14
5 8
34 15
1 35
4 26
8 32
37 20
37 0
15 9
29 6
22 33
1 25
25 37
25 23
24 18
31 18
12 35
20 3
8 14
3 10
2 27
30 24
20 24
35 31
30 27
5 8
2 10
35 9
24 21
14 27
4 35
18 8
15 1
5 4
36 37
20 20
35 35
23 5

19 2
95
0 0
0 0
0 1
1 1
1 1
1 0
0 0
1 0
0 1
1 1
1 0
1 1
0 1
0 1
0 1
0 0
0 1
0 0
0 1
1 1
0 1
1 1
0 1
1 1
0 0
0 1
0 0
0 1
0 0
0 0
1 0
1 1
0 1
0 1
1 0
1 1
1 0
0 0
0 0
0 0
1 0
1 0
1 0
0 1
0 0
0 1
1 0
1 0
0 0
1 0
0 0
0 1
1 1
0 1
0 1
0 1
1 0
0 1
0 1
1 1
1 1
0 0
1 1
1 1
1 0
0 0
1 0
0 0
0 1
0 0
1 0
0 1
1 0
1 0
0 0
0 1
1 0
1 0
0 1
0 1
0 0
0 0
0 1
0 1
0 1
1 1
0 0
0 0
1 1
1 0
0 1
1 0
1 0
0 1
0 1
3 4

50 16
76
1 14
9 5
14 9
10 7
9 8
13 6
9 3
2 12
8 2
8 15
4 5
3 0
3 10
11 4
6 11
7 10
13 5
5 10
0 5
9 4
2 2
1 4
10 13
12 5
9 1
6 3
8 6
3 10
0 3
12 6
8 14
5 12
4 0
2 6
13 2
9 0
10 12
0 4
15 14
14 11
14 1
3 8
6 1
15 6
2 11
15 9
11 13
14 13
15 0
2 7
9 2
7 15
6 14
11 12
8 14
9 8
12 4
8 2
11 13
2 8
6 9
4 13
1 12
6 2
12 5
8 8
0 8
2 13
14 9
1 5
3 15
4 13
13 3
3 7
3 3
2 8
15 1

12 17
88
0 9
3 3
1 4
5 0
10 1
4 5
9 4
10 7
8 2
0 3
10 4
1 10
5 1
7 9
2 10
3 4
0 4
0 7
6 5
6 1
3 4
5 5
3 7
9 2
8 10
6 10
0 7
9 3
10 8
10 7
1 1
2 2
0 3
4 2
1 6
7 3
5 8
3 9
8 7
9 7
2 5
6 6
9 2
0 11
8 7
8 6
5 2
4 4
6 7
1 11
5 6
1 2
10 2
10 8
8 2
3 2
8 7
5 10
2 7
10 6
9 9
10 2
5 5
6 6
1 7
2 0
3 4
0 2
1 6
7 7
10 6
11 0
9 3
6 7
2 8
3 4
2 10
7 1
6 10
9 4
9 4
4 10
11 2
8 3
1 10
9 10
6 1
0 0
3 4

25 28
82
3 13
9 6
21 6
13 17
23 12
16 5
7 4
14 8
0 2
13 7
1 6
3 0
2 17
20 20
11 24
22 14
10 1
3 15
3 6
20 16
18 10
24 13
16 13
5 6
24 2
0 23
1 6
4 8
8 1
24 1
24 11
4 8
24 9
13 7
16 7
18 8
21 8
24 3
2 10
17 10
6 9
4 23
10 1
5 14
11 11
2 22
21 8
14 19
2 6
7 7
22 17
6 19
5 10
15 6
8 11
7 9
5 5
15 19
17 2
7 2
6 13
3 7
21 9
4 11
5 1
8 20
23 20
15 20
21 8
14 2
9 13
11 16
18 16
17 10
18 15
20 9
22 2
8 4
17 10
12 7
2 10
20 8
23 4

49 41
52
33 21
2 15
17 3
4 32
0 1
1 18
15 29
20 8
27 34
21 18
38 10
4 11
23 31
29 21
12 24
36 20
3 37
39 37
19 34
27 23
20 6
7 17
36 8
17 23
18 26
6 24
33 32
33 27
1 38
35 23
40 6
4 0
32 17
6 27
17 33
34 26
15 2
2 10
23 27
10 23
6 14
19 35
20 37
26 18
33 21
40 34
30 5
26 32
22 25
35 34
6 3
28 25
8 5

49 6
91
2 5
3 0
0 1
5 0
3 4
3 0
3 5
0 0
3 5
1 5
4 5
3 2
3 3
0 2
0 0
0 1
5 1
0 0
2 3
5 3
1 4
1 2
0 5
1 0
4 4
2 3
3 4
4 0
5 0
4 4
5 2
5 2
2 1
4 0
3 2
4 1
1 3
1 5
4 2
3 1
3 0
5 2
4 0
5 1
4 1
3 3
2 3
2 5
2 1
3 4
0 3
2 5
5 2
1 5
0 4
4 1
5 5
3 0
3 1
5 2
4 4
2 2
2 4
3 1
1 1
5 2
1 2
4 4
4 5
5 5
3 4
5 5
1 3
3 4
4 2
4 1
1 3
3 1
3 4
2 3
1 3
4 2
4 0
2 2
5 2
0 1
1 5
5 0
1 4
5 0
1 2
23 3

43 7
37
1 3
3 3
6 4
0 0
6 3
3 6
3 3
3 2
6 0
0 3
0 5
4 4
6 5
0 0
0 4
3 3
6 5
0 0
0 3
3 2
0 0
6 5
6 3
5 2
3 1
3 2
6 3
3 6
6 6
3 0
3 3
3 1
1 0
3 2
3 0
5 1
6 4
1 5

32 18
2
11 3
9 5
25 1

45 45
57
19 16
2 4
44 14
22 24
6 35
6 31
24 18
6 43
18 15
25 26
37 26
42 41
19 22
27 9
5 38
20 21
12 13
38 7
36 17
7 43
5 11
16 37
33 20
38 15
3 42
38 18
13 7
43 24
34 14
34 23
30 28
30 2
3 42
12 25
42 43
15 33
38 15
38 18
31 44
38 36
10 33
32 33
43 10
9 26
19 3
22 11
36 39
11 40
44 11
10 11
13 5
43 18
11 28
24 30
18 13
17 36
4 12
17 3

42 47
10
33 6
32 18
36 31
21 8
40 34
37 20
19 23
9 25
2 9
1 32
11 1

27 39
12
1 13
20 22
8 16
4 25
7 14
0 19
8 16
0 8
25 11
25 25
26 7
10 17
13 3

24 16
93
3 10
9 1
13 15
12 3
11 4
12 3
0 8
9 7
5 9
9 14
3 7
6 4
8 14
7 1
6 15
0 12
5 4
12 7
13 4
5 9
10 12
7 14
4 5
8 12
15 8
14 0
3 12
3 1
3 14
7 5
15 7
4 7
9 9
7 1
11 14
15 14
15 7
7 10
6 8
15 1
4 15
5 0
4 4
10 0
10 10
9 10
7 14
10 3
13 6
9 7
0 7
11 11
0 8
15 15
2 10
12 1
6 5
4 3
8 14
13 10
6 6
12 8
3 5
10 9
9 3
0 12
14 1
7 9
9 12
6 14
10 15
5 15
13 8
4 9
15 14
1 6
7 9
14 11
1 3
1 5
0 13
5 4
9 5
7 14
15 11
0 10
15 11
3 6
4 3
11 9
9 14
15 2
10 15
9 1

22 35
24
7 19
20 5
3 7
1 11
15 2
21 9
1 3
0 9
21 2
11 6
12 2
4 21
18 20
15 1
5 9
11 20
9 2
6 8
13 21
17 15
1 11
21 1
17 4
13 19
21 5

9 4
68
2 3
2 2
0 2
1 2
2 0
3 1
2 1
1 1
1 1
3 2
2 1
2 3
1 0
3 3
1 3
0 3
3 1
2 2
1 0
2 1
1 0
3 2
3 1
1 1
0 2
2 3
0 0
2 3
3 3
0 3
3 3
3 0
0 3
2 0
3 2
3 1
3 0
1 2
0 2
1 1
2 1
0 3
1 3
1 2
3 2
2 3
1 2
1 3
3 1
1 3
1 2
3 3
1 2
3 1
0 0
2 2
0 3
2 0
1 0
3 2
3 3
1 2
1 3
2 3
1 1
3 1
1 3
0 2
18 1

21 32
35
14 14
3 16
0 8
5 13
15 1
4 12
19 11
15 17
0 18
2 13
18 6
4 14
12 6
11 12
2 15
18 8
17 9
9 16
3 17
14 12
10 6
5 19
5 12
18 2
6 7
10 17
9 1
5 1
2 18
17 1
14 16
7 8
18 14
0 16
20 13
12 4

7 26
63
6 6
3 2
2 4
1 1
4 5
1 2
6 0
4 3
5 3
0 5
5 0
1 0
1 2
5 1
4 4
1 2
1 1
1 4
6 2
2 3
1 6
5 0
0 0
3 4
3 6
5 2
3 5
1 0
4 5
6 5
2 1
5 2
1 3
0 4
3 6
2 4
4 3
0 4
6 1
4 5
5 0
5 3
2 2
4 1
4 0
4 0
4 6
5 5
4 3
3 4
0 1
6 5
0 1
2 5
5 5
3 1
1 3
3 0
2 1
4 1
6 0
4 0
2 3
21 4

13 9
63
0 6
2 2
3 8
5 2
6 3
4 6
2 5
3 2
4 2
6 4
4 2
1 0
6 7
3 4
4 3
1 4
0 6
3 6
7 3
0 2
2 6
4 1
6 8
1 8
5 2
8 0
6 8
6 2
8 4
7 8
6 2
6 0
3 0
1 3
3 1
1 8
7 1
7 8
6 7
1 5
3 6
5 6
4 7
2 6
6 2
5 0
5 0
4 0
0 7
7 5
1 1
6 8
1 4
8 4
7 7
7 8
8 5
8 8
6 0
2 3
4 1
5 5
2 3
2 1

32 45
36
27 2
22 15
22 14
27 28
2 14
6 3
31 4
17 8
17 18
9 28
30 17
13 19
5 18
30 14
14 18
25 23
27 10
7 27
28 11
19 21
10 19
11 4
31 13
22 14
9 28
16 30
21 19
24 28
21 1
5 31
15 28
1 6
18 18
31 20
0 7
0 25
19 3

18 43
76
10 9
9 13
2 13
14 1
6 13
6 4
3 2
17 15
16 16
9 13
5 3
9 12
15 1
2 2
2 8
2 10
6 12
9 3
5 14
6 0
5 13
13 16
9 5
11 5
7 8
17 17
15 17
16 14
11 8
3 5
14 13
6 10
9 2
14 0
11 15
9 11
11 7
6 3
0 4
16 1
13 5
14 4
14 2
10 8
2 11
7 4
14 15
3 15
5 2
7 4
7 10
17 4
2 14
11 3
5 4
17 12
15 0
8 15
3 3
0 8
13 1
16 16
7 10
7 11
13 3
6 8
12 11
9 3
3 12
2 12
1 3
1 6
11 15
2 11
2 2
14 10
14 1

38 8
93
1 7
6 1
5 7
3 2
3 2
7 1
3 5
5 3
7 7
3 1
4 3
4 2
4 6
0 3
0 4
3 5
7 4
6 2
1 5
6 3
7 1
1 2
4 0
4 2
3 6
3 3
5 4
1 6
3 3
0 0
7 2
7 0
6 2
3 6
4 0
0 3
3 5
4 2
6 4
1 4
2 0
2 4
6 6
0 1
2 4
7 2
1 6
6 3
1 2
0 3
5 3
3 2
2 0
1 4
7 0
3 7
0 1
5 0
6 7
5 7
1 4
0 4
3 0
0 2
5 3
0 5
5 6
7 6
5 0
2 7
1 4
4 4
3 3
0 3
1 6
0 4
2 6
4 7
7 0
1 7
2 3
5 4
2 7
2 6
0 2
3 1
1 0
4 7
3 2
0 0
3 1
6 4
1 3
4 5

16 35
99
10 6
13 3
4 10
12 7
12 14
3 2
14 8
8 15
13 6
13 4
1 15
3 4
12 12
9 9
1 7
12 1
15 14
4 14
15 1
2 3
4 10
6 10
14 0
2 11
5 11
10 14
10 4
3 10
13 2
6 5
5 11
1 2
7 2
13 8
15 3
14 13
3 1
5 9
0 9
10 8
6 14
1 4
7 10
2 12
15 10
12 10
1 11
14 5
9 7
6 2
10 1
3 12
8 15
6 5
7 14
9 4
0 3
5 10
3 8
6 8
4 10
1 0
7 2
10 5
4 3
12 4
7 10
1 11
0 9
14 4
13 1
5 3
7 3
9 14
6 11
12 1
3 4
15 5
9 5
13 3
12 1
8 15
0 0
3 14
15 5
9 2
5 5
13 12
4 8
12 5
5 13
15 3
5 14
3 1
3 3
8 0
4 1
15 3
6 5
5 4

8 48
29
5 0
1 4
1 1
0 1
3 5
5 5
2 1
3 7
5 6
2 1
2 3
6 2
3 5
7 5
1 6
3 7
1 2
4 1
2 4
4 6
3 3
4 3
2 5
1 1
6 2
4 5
2 0
3 4
7 3
18 3

46 29
77
23 10
12 16
20 24
14 9
4 21
28 11
25 28
12 14
22 13
10 21
5 24
13 0
1 6
13 5
17 18
25 7
20 4
25 0
3 26
14 26
0 28
21 13
0 15
10 10
25 18
9 2
9 21
24 24
20 21
9 11
2 12
23 9
10 27
22 2
20 18
4 3
18 17
13 26
23 28
14 23
4 18
13 24
10 16
24 16
12 12
7 0
0 20
22 26
24 19
19 8
4 17
3 25
17 21
21 9
1 5
8 7
7 4
7 0
23 9
16 11
22 10
10 12
16 25
1 22
17 21
19 23
10 18
26 18
27 16
12 7
28 24
11 28
8 27
4 19
11 22
28 16
4 17
14 4

14 43
42
7 8
1 6
6 5
0 11
13 7
9 2
3 9
1 12
5 1
3 9
1 13
13 12
12 0
3 12
10 7
12 2
7 11
12 5
10 6
3 6
3 11
8 8
8 0
9 8
0 2
3 5
11 2
3 2
3 12
7 3
6 4
12 6
4 12
2 12
3 5
5 10
13 7
6 5
3 7
8 4
1 7
4 9
17 4

31 28
16
1 13
8 11
11 1
24 21
26 18
22 20
16 0
6 2
8 1
17 0
13 7
20 16
1 1
3 22
19 11
1 14
21 2

33 33
2
26 30
29 22
16 2

14 29
49
12 11
4 3
5 8
1 12
9 2
6 13
8 0
7 9
11 11
5 4
9 10
10 5
4 8
11 7
4 8
6 10
6 3
1 8
2 13
4 5
4 5
7 7
1 4
6 2
5 12
10 10
3 2
9 7
9 7
4 11
5 11
4 10
3 1
2 2
6 2
2 1
2 9
9 4
0 6
6 13
6 10
4 2
4 13
10 3
5 5
4 11
1 11
10 4
6 2
18 1

16 10
47
5 3
8 7
5 0
3 1
3 8
4 5
8 6
2 4
4 7
0 5
9 6
2 4
7 9
6 1
7 7
5 4
7 9
0 1
7 0
8 4
8 1
7 8
5 3
8 1
5 9
3 2
4 7
5 4
0 1
7 5
8 2
7 5
7 0
5 2
9 5
2 0
6 2
0 5
7 3
0 2
8 5
0 5
2 1
1 5
8 4
2 2
4 9
24 1

27 21
62
0 19
7 13
11 1
15 9
8 19
13 14
12 13
16 0
20 19
14 18
2 12
20 14
4 6
13 13
6 14
19 5
14 11
20 20
15 6
4 0
9 0
12 4
5 16
3 14
5 9
13 17
20 3
8 8
17 19
8 0
13 7
1 4
12 6
16 0
8 10
16 9
14 2
8 20
5 10
7 3
11 0
15 14
1 8
19 9
10 5
9 11
20 3
18 0
8 17
2 5
4 8
15 1
3 3
1 0
17 7
19 11
6 6
2 18
4 12
8 0
3 20
2 7
25 1

39 5
65
1 4
3 1
3 0
2 3
0 0
2 0
3 4
3 3
1 3
2 3
1 3
4 3
4 2
1 2
0 2
2 3
1 1
3 1
3 4
0 3
2 0
3 0
2 2
1 1
1 0
2 3
3 0
4 3
0 0
4 3
1 2
2 2
0 0
3 4
0 1
4 2
0 4
1 2
1 2
1 3
3 3
4 0
4 1
4 2
0 3
1 1
3 2
1 0
1 1
3 4
2 2
0 0
4 0
0 0
2 3
4 4
2 4
1 2
1 3
2 4
0 3
1 2
0 0
4 1
4 0
13 1

21 34
3
4 20
14 7
9 18
8 5

41 46
73
2 20
40 24
1 7
9 18
6 40
21 12
34 12
16 15
10 9
23 5
16 0
15 24
29 11
39 23
22 11
12 16
19 16
23 40
24 35
7 4
3 23
13 6
24 15
11 15
26 18
15 19
2 29
16 2
18 31
38 38
5 25
17 34
28 20
27 27
19 11
37 21
6 17
33 32
0 36
29 36
11 2
32 25
16 7
17 29
0 2
25 24
26 24
6 28
27 27
28 14
4 32
4 32
4 22
30 7
4 40
31 24
31 40
11 25
23 18
36 30
34 35
3 8
16 35
39 18
23 39
23 36
35 10
17 17
10 7
14 2
40 11
35 33
7 6
9 4

19 19
89
18 5
5 2
16 1
11 13
11 11
18 18
5 6
8 13
1 5
17 13
1 9
12 10
2 15
3 9
17 10
6 8
16 13
6 15
14 10
18 18
0 7
14 7
3 6
3 10
17 4
12 1
8 0
5 3
18 15
2 18
10 8
18 11
2 18
14 0
12 2
10 9
8 0
5 18
4 12
1 10
6 0
18 4
0 0
11 11
14 15
2 5
16 2
13 15
17 14
13 11
5 6
15 4
17 2
5 10
5 8
17 4
4 3
7 12
4 0
12 11
8 4
2 7
15 18
0 8
2 7
0 1
6 4
6 14
7 7
14 8
15 2
10 0
11 7
15 17
5 14
8 2
4 2
6 8
0 4
3 5
16 11
12 15
12 13
5 0
7 2
10 7
5 16
2 12
13 9
20 3

18 21
58
7 17
8 8
0 16
0 10
7 11
13 6
13 9
3 4
8 7
12 3
16 0
15 0
13 11
10 7
8 16
10 5
16 9
6 2
5 12
7 7
15 11
16 7
7 15
8 3
16 8
0 4
10 8
3 4
9 9
8 7
4 7
16 2
14 0
7 8
14 2
2 13
10 12
4 2
15 13
4 7
4 7
3 3
5 17
7 8
3 12
8 10
10 4
2 6
10 5
17 8
17 17
6 17
3 3
1 1
14 7
3 17
2 1
11 2
2 5

32 50
2
1 10
29 5
7 5

3 49
3
1 2
2 2
2 0
20 1

32 5
68
0 2
0 4
2 2
0 0
0 1
4 0
0 1
2 0
0 3
1 3
1 1
4 3
4 0
3 3
4 1
1 1
3 4
2 3
0 4
4 2
1 4
2 2
2 4
1 3
3 4
3 1
4 1
4 1
0 2
0 0
3 2
4 4
0 1
1 0
2 3
4 0
4 3
1 2
2 4
4 0
3 3
3 1
3 3
2 4
0 2
1 0
3 4
1 3
1 0
0 0
1 3
2 1
2 3
3 1
0 4
3 4
2 1
3 1
0 4
3 2
1 2
1 3
2 2
2 4
2 3
3 0
0 2
0 3
17 3

32 23
47
6 0
22 13
18 17
2 19
2 15
8 16
17 1
13 3
1 17
12 21
0 7
20 15
4 18
6 7
22 15
6 12
16 16
10 17
20 3
6 11
14 17
21 4
18 7
2 19
10 1
19 11
2 20
7 7
22 20
14 3
21 17
21 12
18 18
0 17
0 9
15 11
11 13
9 3
0 15
16 21
3 19
9 15
9 3
6 11
15 13
18 9
6 17
7 3

39 35
41
14 21
2 5
7 1
1 25
29 20
29 1
27 3
18 30
29 30
8 33
1 16
0 11
5 10
12 10
5 25
32 0
18 24
3 20
23 2
3 23
27 3
5 13
21 15
14 1
28 2
30 31
22 12
1 8
27 34
32 24
31 5
5 31
1 4
5 16
12 28
13 25
6 0
5 10
30 32
12 2
29 20
2 3

43 28
53
16 8
1 27
0 12
0 11
10 7
22 2
0 25
13 3
15 4
10 23
23 10
15 27
9 0
13 19
16 24
8 18
6 27
9 15
20 25
1 12
6 3
4 17
21 11
25 13
8 15
14 26
21 20
0 11
16 17
15 19
18 1
0 8
16 2
17 6
0 8
27 23
25 14
3 20
15 8
19 21
6 10
7 22
8 17
19 6
21 20
1 10
19 15
0 16
16 11
9 0
3 21
9 15
5 22
23 2

19 10
36
4 7
6 7
4 0
8 2
2 1
2 2
2 2
0 3
9 1
9 2
4 1
0 2
9 8
6 4
4 0
0 8
9 2
3 8
9 2
6 8
3 8
3 0
0 5
5 0
7 3
9 3
5 1
3 6
4 4
8 9
4 7
9 4
2 0
6 6
6 3
7 6
8 5

25 25
15
18 0
17 24
0 19
22 1
3 24
13 6
10 13
17 9
6 12
22 19
6 24
17 24
12 20
0 14
11 12
10 4

19 35
96
18 4
16 10
2 4
1 13
15 7
15 8
18 10
7 0
4 1
13 1
14 15
13 15
18 15
12 14
12 5
15 16
0 15
3 4
13 7
8 4
12 17
4 4
13 15
14 4
5 9
11 0
13 10
6 15
10 18
16 15
9 13
1 0
17 4
8 2
3 0
17 14
4 3
3 15
12 3
5 9
1 15
8 16
9 2
7 0
13 14
10 8
4 7
16 12
7 4
14 3
9 17
0 17
0 10
7 9
11 0
14 5
6 2
16 5
8 7
4 18
2 10
14 10
3 18
15 13
11 0
7 3
14 18
9 10
6 5
10 11
16 14
18 8
13 14
15 10
14 4
1 2
13 10
18 8
14 14
14 8
2 6
7 6
2 2
5 9
10 5
4 14
0 1
6 8
8 14
1 14
15 10
16 8
5 3
15 17
18 18
9 12
25 5

1 15
83
0 0
0 0
0 0
0 0
0 0
0 0
0 0
0 0
0 0
0 0
0 0
0 0
0 0
0 0
0 0
0 0
0 0
0 0
0 0
0 0
0 0
0 0
0 0
0 0
0 0
0 0
0 0
0 0
0 0
0 0
0 0
0 0
0 0
0 0
0 0
0 0
0 0
0 0
0 0
0 0
0 0
0 0
0 0
0 0
0 0
0 0
0 0
0 0
0 0
0 0
0 0
0 0
0 0
0 0
0 0
0 0
0 0
0 0
0 0
0 0
0 0
0 0
0 0
0 0
0 0
0 0
0 0
0 0
0 0
0 0
0 0
0 0
0 0
0 0
0 0
0 0
0 0
0 0
0 0
0 0
0 0
0 0
0 0
21 1

30 3
11
0 0
0 0
1 0
1 2
0 1
2 0
1 2
2 1
0 0
2 1
0 2
7 4

35 34
73
2 15
14 30
14 28
18 4
24 23
2 29
1 23
8 22
21 0
23 28
12 4
18 27
4 12
32 26
18 28
33 0
11 12
3 13
5 12
18 11
0 7
18 16
30 3
31 22
13 1
26 17
17 2
1 16
3 29
9 2
2 21
30 8
28 31
28 24
15 18
3 12
15 0
9 20
10 30
24 16
3 9
10 29
3 21
16 16
23 22
20 18
28 11
33 12
22 22
10 7
16 9
18 31
33 23
5 32
3 17
16 3
9 1
24 23
16 27
23 17
5 15
6 31
24 26
4 19
12 6
4 7
18 30
29 18
13 22
26 7
26 28
9 26
24 3
17 1

23 11
100
2 0
7 8
3 9
4 10
4 4
9 1
6 2
4 2
9 3
10 8
4 9
7 0
1 7
9 10
2 10
8 1
2 10
3 2
10 1
7 5
1 8
1 10
1 3
4 7
4 9
0 10
10 2
6 5
9 10
6 3
5 6
9 4
1 10
2 6
0 3
10 0
7 5
10 10
1 8
0 8
1 2
10 0
6 4
6 1
10 7
4 4
7 5
4 8
4 4
4 10
1 5
6 4
8 3
8 2
7 4
4 7
1 10
8 3
7 3
1 1
5 3
7 0
1 0
2 9
1 4
10 8
1 8
8 10
6 3
8 3
6 7
10 8
7 10
10 9
8 2
10 9
10 0
0 4
2 2
4 1
10 8
8 2
10 9
5 1
5 8
9 6
5 1
2 3
1 2
6 1
9 9
9 3
10 7
9 2
9 0
9 5
10 2
7 9
8 0
0 0
8 5

13 11
72
8 5
10 10
6 9
2 2
4 0
10 2
9 4
3 10
3 1
5 0
7 2
4 3
5 7
5 5
9 5
1 8
7 9
7 4
3 8
6 9
8 2
2 3
7 7
4 8
8 10
4 9
3 7
10 5
7 3
2 9
10 6
5 3
6 9
0 3
1 0
10 2
5 8
4 1
5 5
8 1
5 3
1 0
5 1
4 7
5 9
10 4
9 0
1 8
6 7
1 4
10 5
5 8
4 6
8 0
5 10
0 2
5 9
3 0
6 4
4 2
2 4
8 5
5 9
5 6
5 6
7 0
8 5
9 4
1 9
0 7
0 0
6 10
7 2

1 49
75
0 0
0 0
0 0
0 0
0 0
0 0
0 0
0 0
0 0
0 0
0 0
0 0
0 0
0 0
0 0
0 0
0 0
0 0
0 0
0 0
0 0
0 0
0 0
0 0
0 0
0 0
0 0
0 0
0 0
0 0
0 0
0 0
0 0
0 0
0 0
0 0
0 0
0 0
0 0
0 0
0 0
0 0
0 0
0 0
0 0
0 0
0 0
0 0
0 0
0 0
0 0
0 0
0 0
0 0
0 0
0 0
0 0
0 0
0 0
0 0
0 0
0 0
0 0
0 0
0 0
0 0
0 0
0 0
0 0
0 0
0 0
0 0
0 0
0 0
0 0
22 2

22 29
10
18 14
6 12
18 3
13 16
2 1
9 10
0 4
9 18
17 9
12 11
6 5

50 49
58
1 24
25 16
39 41
38 44
31 20
27 16
16 37
27 38
41 37
6 43
32 44
34 45
27 8
30 41
14 36
33 44
15 39
18 9
2 29
42 38
30 22
21 17
40 15
37 17
5 20
26 20
35 35
5 17
16 47
13 11
6 11
30 24
45 46
20 37
12 35
13 41
38 8
14 16
39 1
10 46
22 42
31 36
30 19
9 25
30 15
24 34
7 27
31 15
32 11
43 13
42 2
45 3
38 10
21 11
4 27
18 41
27 42
10 30
4 3

13 33
1
10 12
14 4

47 28
47
17 16
21 27
0 17
17 13
17 13
23 13
13 4
5 3
10 9
13 8
20 16
19 25
0 12
23 19
4 8
7 18
26 21
6 5
24 26
13 4
22 15
18 22
20 18
20 22
3 3
6 4
21 16
3 0
9 19
7 12
17 12
22 4
24 22
4 8
8 13
6 21
16 26
4 0
24 16
0 24
2 0
25 27
21 24
22 17
25 12
3 9
13 25
11 1

8 28
58
0 3
0 7
2 4
6 0
2 7
2 4
3 4
1 4
5 5
2 4
0 3
7 7
6 2
5 2
3 6
4 1
5 5
0 4
7 7
2 1
2 0
3 7
1 2
2 0
3 7
7 2
6 3
5 6
0 1
0 4
1 4
2 6
1 2
3 0
1 2
3 5
2 7
6 1
0 3
5 3
5 4
0 2
5 6
1 7
6 2
4 4
3 1
7 2
4 5
6 4
4 4
0 7
7 0
3 7
6 4
2 5
1 2
1 4
22 3

20 41
95
14 12
1 16
16 5
18 2
7 5
15 18
11 12
6 4
17 7
11 11
17 1
18 0
11 2
19 16
6 9
16 17
16 9
1 18
3 10
3 16
18 15
15 2
0 2
12 19
2 15
12 8
2 5
7 12
4 17
14 17
14 0
2 6
12 17
9 10
16 2
2 17
19 9
2 12
17 11
19 7
2 11
8 16
4 8
0 19
18 18
0 2
16 16
4 6
6 12
2 11
15 2
14 5
14 19
9 5
12 18
13 8
10 9
3 15
14 3
8 7
12 17
6 19
18 3
11 5
9 18
0 5
1 12
3 6
16 8
3 11
14 15
5 6
9 0
9 13
16 1
15 13
3 18
12 8
18 16
1 18
6 2
18 16
0 16
13 14
13 6
2 8
8 19
16 12
8 16
1 6
17 19
6 12
14 5
6 1
2 8
12 3

5 32
41
2 2
4 2
2 1
2 4
0 3
1 3
4 3
4 0
0 3
2 1
4 4
0 3
2 3
3 1
3 2
0 4
4 1
0 4
4 3
4 2
0 0
0 3
3 2
2 2
4 4
3 2
2 2
1 1
3 4
1 0
1 3
0 4
1 4
1 3
2 1
1 4
4 4
4 1
3 2
4 1
0 1
3 5

14 46
34
11 5
0 13
7 10
10 7
13 8
13 2
5 6
9 12
11 7
8 1
7 1
6 7
13 13
1 6
6 5
8 13
11 10
4 11
10 4
13 12
2 2
0 6
12 13
12 3
12 5
6 6
13 13
0 5
9 0
6 9
7 5
12 1
3 4
11 7
24 3

35 35
31
29 0
13 26
13 23
14 11
1 4
25 5
3 3
28 34
19 9
26 32
20 23
20 22
15 23
0 14
8 26
3 7
6 0
3 23
10 0
20 21
32 23
8 20
0 22
1 13
23 32
23 0
30 9
10 5
5 6
21 2
30 8
14 5

26 11
32
10 2
2 5
3 5
5 2
10 4
8 2
8 1
0 0
10 10
9 8
7 2
5 0
7 0
2 4
7 10
4 3
6 10
5 10
4 5
2 4
5 5
5 0
4 1
8 2
7 4
6 2
4 1
2 4
9 4
3 0
5 7
2 6
18 1

20 14
92
8 4
9 11
4 2
11 2
4 11
11 12
4 2
2 13
0 6
8 4
0 12
13 8
5 11
8 10
10 5
11 1
5 0
1 5
4 5
5 12
4 4
13 4
8 11
6 5
7 9
8 2
8 5
6 10
2 8
7 6
0 11
7 13
4 13
5 1
12 1
4 2
13 10
8 6
8 6
12 3
8 0
4 5
7 5
10 3
13 0
8 4
4 8
7 9
1 3
2 8
11 4
6 11
13 1
12 1
0 2
10 9
2 1
1 11
10 11
6 9
8 12
2 0
9 4
7 3
10 4
4 5
3 1
10 9
13 0
8 1
8 2
10 6
12 12
8 13
12 0
2 7
2 2
13 12
5 6
12 4
13 4
10 10
13 1
0 4
9 9
4 11
10 1
5 10
12 9
5 9
6 10
8 2
6 5

15 32
85
14 2
1 3
11 2
13 0
2 7
1 4
10 0
4 11
14 10
2 3
2 5
4 11
1 3
6 1
10 14
13 1
7 3
10 4
6 0
12 5
12 10
0 0
8 4
14 14
14 1
6 9
0 6
1 5
3 1
14 4
8 7
10 10
12 2
14 7
8 13
7 13
12 0
8 1
9 12
13 1
1 13
7 11
8 6
7 1
12 9
4 10
0 4
13 8
1 13
6 2
1 11
2 3
6 9
6 11
9 11
3 4
2 12
10 14
8 4
2 6
10 13
7 0
5 4
0 14
6 12
11 11
11 3
6 4
6 13
0 3
13 14
1 9
7 9
11 12
9 3
14 13
7 8
14 3
6 0
3 0
5 10
9 9
4 3
13 13
12 4
24 3

23 1
97
0 0
0 0
0 0
0 0
0 0
0 0
0 0
0 0
0 0
0 0
0 0
0 0
0 0
0 0
0 0
0 0
0 0
0 0
0 0
0 0
0 0
0 0
0 0
0 0
0 0
0 0
0 0
0 0
0 0
0 0
0 0
0 0
0 0
0 0
0 0
0 0
0 0
0 0
0 0
0 0
0 0
0 0
0 0
0 0
0 0
0 0
0 0
0 0
0 0
0 0
0 0
0 0
0 0
0 0
0 0
0 0
0 0
0 0
0 0
0 0
0 0
0 0
0 0
0 0
0 0
0 0
0 0
0 0
0 0
0 0
0 0
0 0
0 0
0 0
0 0
0 0
0 0
0 0
0 0
0 0
0 0
0 0
0 0
0 0
0 0
0 0
0 0
0 0
0 0
0 0
0 0
0 0
0 0
0 0
0 0
0 0
0 0
1 5

26 5
84
1 4
4 1
1 0
2 0
3 3
1 2
3 4
3 2
3 2
3 1
3 2
1 3
4 1
3 0
2 3
2 2
3 4
1 0
0 0
4 4
2 3
4 1
2 2
0 4
2 4
1 2
4 4
4 2
1 3
4 3
3 3
1 3
4 2
0 0
2 0
1 1
3 1
4 0
3 1
1 0
3 3
1 2
1 0
4 1
3 4
3 2
4 2
1 3
3 1
4 3
0 2
3 0
2 2
0 2
0 4
3 3
1 4
4 4
1 3
0 0
0 4
4 2
0 2
3 0
2 3
4 0
4 1
2 2
3 3
3 4
2 2
4 0
4 2
3 1
1 0
3 1
3 3
3 0
1 2
2 4
1 0
2 4
0 3
2 0
14 3

46 17
61
1 13
6 13
15 2
7 5
16 3
14 8
13 9
13 6
2 0
6 15
12 11
10 6
4 15
16 2
11 12
1 0
8 14
6 5
9 5
8 9
14 12
9 13
7 3
13 4
1 13
15 11
4 15
4 10
13 13
8 3
16 5
12 15
10 0
6 13
5 7
1 7
9 16
4 4
5 1
0 3
3 2
1 4
12 14
0 8
11 10
7 3
3 2
15 3
1 9
8 15
7 7
13 12
7 1
6 4
5 14
2 16
11 8
15 1
3 14
0 2
0 11
16 4

12 18
67
7 2
3 11
8 5
6 4
7 6
1 1
8 1
11 11
4 7
8 5
10 6
6 6
8 8
3 1
2 5
1 3
4 0
3 4
7 0
0 3
1 5
11 8
2 11
4 8
7 9
5 0
3 3
9 11
2 2
8 6
10 0
1 9
8 5
8 4
7 0
7 11
0 4
7 4
6 4
4 7
10 1
11 5
7 3
5 3
7 1
4 5
2 11
3 7
9 0
2 10
3 5
4 0
4 2
1 3
3 10
4 5
6 5
7 3
9 6
5 10
8 7
10 6
6 7
9 1
2 2
10 4
9 0
6 2

2 18
61
1 0
1 0
1 0
0 0
1 0
0 1
1 1
1 1
1 1
1 1
0 1
1 0
1 0
1 0
1 0
1 1
0 1
0 1
1 1
0 0
0 0
0 0
1 0
1 1
1 1
0 1
1 1
0 1
0 1
1 1
1 1
0 1
1 1
0 0
1 0
1 1
1 1
0 0
1 0
1 1
0 0
1 1
1 0
1 0
0 0
1 1
0 1
0 1
0 1
0 0
1 1
0 0
1 1
1 1
1 0
0 0
0 1
1 1
0 1
0 0
1 0
17 2

5 14
53
2 2
1 3
1 3
1 2
1 3
2 3
3 0
2 0
1 3
1 2
0 3
1 0
4 1
4 1
4 3
2 3
2 4
4 0
3 4
3 4
0 1
3 1
1 0
3 1
4 0
1 3
3 3
3 2
3 3
0 4
3 4
4 1
0 4
4 3
1 0
0 3
1 0
3 2
1 1
3 3
3 3
2 1
2 2
4 1
4 2
4 1
4 4
2 1
2 0
3 3
4 1
1 3
4 3
15 5

8 23
53
3 7
7 0
7 7
6 4
3 3
4 1
2 1
2 5
0 2
4 2
3 0
4 0
7 6
7 5
2 1
7 0
3 7
6 1
4 2
3 3
1 4
0 7
5 6
1 3
3 4
3 7
5 1
2 5
5 1
6 1
2 3
0 4
2 1
0 4
2 7
0 2
4 4
2 6
7 4
3 2
5 4
0 5
6 4
7 4
1 2
7 3
2 2
0 6
0 7
0 1
2 3
5 7
4 6
18 2

41 22
42
15 15
20 5
16 21
8 12
0 12
11 17
9 3
8 10
16 21
4 17
7 10
3 5
16 12
21 18
5 8
18 20
21 17
0 6
8 7
0 13
10 6
21 5
9 14
14 8
10 5
18 16
11 8
21 20
6 10
18 12
21 11
14 0
8 7
15 8
21 1
11 16
20 14
11 12
8 0
10 7
10 3
0 7
13 4

26 50
82
14 25
13 20
25 5
8 10
0 9
14 12
1 10
6 23
15 4
4 21
15 7
21 12
12 22
6 17
23 21
12 0
2 20
17 12
17 19
17 21
12 10
24 13
24 23
0 11
16 11
11 9
16 22
6 18
0 8
14 15
19 20
24 2
23 19
10 20
12 11
21 2
12 20
19 5
20 25
3 20
2 9
18 2
4 5
13 8
0 12
21 10
0 1
0 2
4 2
14 20
20 8
12 14
15 0
25 0
25 23
24 2
14 1
0 20
23 14
19 15
0 13
5 0
18 20
4 10
10 3
2 10
9 13
6 22
14 18
22 22
13 17
18 1
0 24
25 2
4 23
13 3
14 25
17 11
3 16
22 22
20 19
23 15
9 3

34 16
32
14 13
11 10
13 0
3 5
13 5
4 9
0 4
2 6
11 4
3 7
3 2
7 11
12 13
7 13
6 4
12 0
3 13
11 15
5 7
15 6
12 10
1 15
6 9
8 5
13 13
15 1
11 6
14 2
7 3
7 11
2 1
9 8
20 1

6 48
72
3 3
0 1
4 1
0 3
1 5
1 1
0 5
2 2
4 4
1 2
0 0
3 0
0 4
2 0
4 5
1 0
1 5
0 0
3 1
3 5
3 2
1 4
5 0
3 3
5 4
3 5
0 4
1 5
1 3
0 3
2 5
2 3
0 2
1 3
2 0
3 1
0 3
1 1
4 1
2 3
3 3
1 5
3 0
4 2
4 4
4 4
3 5
2 2
1 2
2 0
4 3
2 5
0 0
4 4
3 3
0 5
0 5
4 2
0 4
5 3
2 4
3 0
5 5
2 5
5 3
5 3
2 5
5 1
0 1
1 5
1 3
5 3
19 5

13 26
54
11 9
6 8
10 3
12 0
3 1
10 1
6 8
10 5
10 7
7 8
9 7
8 6
3 11
12 1
0 5
11 8
7 10
2 9
3 12
9 0
12 9
10 4
3 8
1 4
0 11
11 2
2 1
7 5
5 1
6 12
7 5
4 11
2 5
12 1
0 6
6 0
12 11
3 6
12 2
12 9
1 8
0 9
12 8
0 2
0 3
6 5
2 1
9 8
0 5
7 10
12 10
8 10
6 5
5 7
3 5

16 11
51
3 1
9 2
5 5
4 6
10 8
4 4
4 0
10 10
2 2
10 2
1 0
4 10
0 6
7 3
8 6
0 7
7 8
9 9
1 4
5 5
7 9
7 1
2 8
10 1
2 2
0 6
10 0
10 10
10 3
6 10
5 5
9 1
10 0
7 3
4 3
4 1
3 2
0 7
8 4
2 8
9 8
7 9
4 4
3 5
3 6
2 2
6 3
4 1
9 9
2 9
5 1
24 5

40 19
42
18 15
18 16
15 7
9 0
0 14
8 15
13 8
17 2
9 5
12 8
12 3
3 1
6 2
8 13
8 4
14 3
0 12
16 9
15 12
3 7
8 16
1 4
7 0
0 2
14 18
14 12
12 8
13 4
18 7
3 1
1 17
10 5
15 18
7 4
1 11
4 11
11 8
11 6
1 12
11 1
0 11
6 18
3 4

47 20
57
14 13
4 8
19 11
14 1
11 8
8 7
18 0
5 6
5 7
12 12
14 8
3 14
9 15
3 9
0 5
7 10
6 11
19 12
9 17
14 18
5 6
7 9
6 2
5 3
2 15
2 6
9 13
10 16
5 13
5 12
13 13
18 7
18 10
9 13
17 7
4 11
9 2
18 14
17 9
12 17
2 15
12 11
10 8
1 4
2 11
17 16
2 8
15 11
14 15
8 4
2 8
13 11
3 8
3 13
5 16
8 0
16 17
1 3

5 46
32
3 4
0 4
4 2
1 1
0 4
4 1
2 1
4 1
4 4
3 0
0 0
3 0
2 4
0 4
0 4
2 2
1 4
1 1
4 0
2 1
2 2
4 1
3 1
2 0
4 1
4 4
0 1
1 4
0 2
0 2
2 2
0 4
2 3

8 20
37
4 7
7 4
5 6
2 5
6 3
0 2
1 6
2 3
1 3
5 2
2 0
0 2
0 2
2 0
6 6
0 0
5 2
2 4
2 2
5 1
7 5
2 4
3 6
7 3
4 5
2 0
6 4
1 4
5 7
4 2
6 0
2 5
2 3
0 4
0 5
1 5
5 5
23 5

50 36
57
16 1
7 29
19 12
19 31
0 28
3 31
11 17
35 8
13 28
19 16
18 27
33 21
11 14
28 27
19 23
17 23
13 29
26 8
25 14
8 29
21 8
10 0
0 32
13 35
17 19
25 17
13 4
9 8
22 26
14 5
29 3
26 33
12 27
24 28
17 24
28 27
7 26
0 28
31 6
2 2
19 32
35 10
19 15
30 17
5 15
29 28
6 33
24 22
28 33
35 34
19 9
10 1
23 10
5 34
8 26
3 14
13 25
4 5

9 23
13
8 3
1 8
2 8
1 1
6 3
6 8
8 1
0 7
5 3
2 4
1 0
6 5
1 5
9 1

22 38
50
19 10
11 1
14 8
12 11
9 20
16 8
13 17
10 1
0 15
6 13
1 5
19 3
8 5
17 12
3 21
11 5
15 17
4 16
8 6
6 11
13 7
11 3
15 14
13 20
3 8
16 1
15 14
14 9
19 14
9 15
9 9
0 5
21 12
10 9
17 10
7 14
8 11
16 16
17 7
11 16
3 10
8 3
12 1
20 20
11 8
7 0
9 16
6 17
17 19
21 7
13 4

2 10
81
0 0
0 0
1 1
1 1
0 1
1 1
0 1
1 1
0 0
1 0
1 1
0 1
0 0
1 1
1 0
0 0
1 0
0 0
0 1
0 0
1 1
1 1
0 0
0 1
0 1
0 1
1 1
1 0
1 0
0 0
1 0
0 1
0 1
0 1
1 1
1 0
0 0
0 1
1 0
1 1
1 1
0 0
0 0
1 1
1 0
0 0
0 0
1 1
1 1
1 0
0 0
0 1
0 0
0 1
1 1
1 0
0 1
0 1
1 0
1 1
0 0
0 0
0 0
1 1
1 0
0 1
1 1
1 1
1 0
1 1
1 0
0 1
1 0
1 0
0 1
0 0
1 1
0 0
0 0
1 0
1 0
17 3

40 10
81
7 1
8 7
8 8
2 0
1 5
7 8
7 2
8 6
0 7
3 4
0 4
6 3
7 0
5 1
3 8
6 4
7 1
4 5
6 5
3 3
1 8
5 5
8 1
8 7
1 5
6 9
7 7
8 8
0 6
4 6
6 2
1 1
0 9
0 9
8 5
5 8
8 7
0 4
2 5
0 5
1 2
7 8
9 6
4 0
6 1
0 0
8 9
3 7
2 4
7 8
1 3
8 3
6 7
9 5
0 2
6 6
5 3
9 2
7 8
4 5
0 7
4 1
5 3
6 7
8 4
7 0
6 6
6 0
5 8
7 1
4 8
1 3
7 0
1 3
6 1
6 3
2 9
2 7
9 1
8 2
3 8
21 5

50 8
7
1 6
2 1
2 2
2 0
1 7
0 6
7 6
10 1

19 10
22
9 4
4 1
0 2
4 3
1 9
6 6
0 2
0 9
5 2
3 2
9 8
1 9
5 7
6 6
9 2
0 0
0 9
0 3
1 8
7 6
4 0
5 8
2 4

47 12
34
9 6
7 11
7 3
8 1
5 2
5 6
5 3
4 4
4 11
2 2
8 8
9 11
1 1
4 10
1 2
3 1
6 0
6 3
1 9
5 8
8 10
6 11
7 6
3 0
4 0
10 9
7 10
7 3
10 0
5 2
6 4
5 9
6 8
4 5
17 5

27 32
2
12 21
2 9
24 3
