50

43 24
2
13 15
3 0
17 2

27 39
20
26 19
15 12
12 22
23 8
18 9
10 9
26 25
12 23
6 4
4 25
22 10
20 11
11 26
2 16
11 6
12 16
5 18
24 15
2 10
9 18
8 3

9 21
17
8 0
2 2
6 1
7 7
5 2
8 5
7 3
6 7
3 1
1 4
3 0
4 8
4 4
4 0
7 6
7 8
8 7
6 4

42 6
9
0 0
3 3
0 1
4 5
0 1
2 0
1 1
5 0
2 0
13 2

47 10
1
8 4
20 3

13 28
1
8 3
22 1

19 47
26
12 13
16 14
8 3
2 14
6 0
2 3
1 2
14 16
2 9
17 13
8 11
14 12
6 8
5 8
14 2
16 5
0 11
14 9
5 10
9 7
1 7
13 8
3 7
10 3
16 12
18 2
16 1

25 22
30
2 0
15 1
19 9
9 2
8 13
3 20
5 19
6 5
11 1
12 19
12 7
10 6
4 19
7 15
13 1
5 2
17 21
8 18
19 19
2 13
18 2
9 15
20 7
13 3
8 20
21 3
9 7
18 16
14 16
21 9
13 5

20 32
10
1 5
18 7
17 12
6 1
3 6
4 7
17 1
14 12
11 3
4 5
9 4

15 8
5
7 7
3 7
5 6
5 1
6 7
21 3

21 11
19
7 3
0 7
1 6
1 8
5 0
9 4
6 0
3 6
7 7
5 1
9 7
7 8
2 6
2 7
10 3
4 9
9 9
6 5
0 10
16 5

6 42
39
3 3
4 1
4 3
5 3
4 5
1 5
2 4
4 0
2 0
2 2
4 2
4 4
2 3
0 1
0 0
3 5
0 1
2 0
1 1
1 1
3 1
5 0
0 1
4 5
0 2
0 3
3 1
2 2
2 4
5 5
1 3
5 3
0 5
5 0
0 1
4 1
0 5
3 3
1 0
19 3

28 20
2
5 4
6 14
6 4

28 45
18
12 9
8 5
19 22
14 26
18 10
10 12
26 17
25 8
9 26
13 1
16 25
24 16
0 21
16 14
6 2
26 26
20 27
18 8
20 4

46 47
27
12 17
36 24
28 1
43 31
2 18
19 16
28 44
21 17
18 8
15 36
34 23
13 33
32 30
35 32
38 0
19 16
7 35
6 23
30 38
8 39
31 5
0 21
23 9
3 17
36 19
27 4
24 19
15 3

31 22
15
3 6
11 14
17 18
17 4
0 21
0 11
4 16
4 15
1 12
17 1
18 8
19 7
18 11
4 21
11 11
14 1

46 38
42
13 15
26 36
33 12
10 12
27 29
11 16
6 28
22 14
28 8
16 35
24 18
20 0
25 17
36 15
12 25
17 22
22 1
11 28
25 18
36 37
18 4
20 16
5 7
20 23
10 30
34 30
25 32
2 29
0 9
35 17
19 3
35 23
2 25
23 1
34 18
15 24
8 12
24 21
16 19
1 8
36 4
15 0
22 3

36 2
16
1 1
0 0
0 0
1 1
1 1
1 0
0 1
0 1
0 1
0 1
1 0
1 1
1 0
0 0
1 1
0 1
19 2

23 35
22
1 11
3 20
6 3
19 1
16 16
9 1
8 15
21 16
15 1
8 9
17 15
0 6
12 22
10 8
9 19
6 9
13 5
1 5
14 22
12 9
12 7
1 7
18 1

10 8
5
7 4
5 6
3 7
3 2
0 0
17 5

5 50
35
0 1
4 0
0 1
1 0
2 1
4 0
1 2
0 1
4 1
3 3
4 0
0 2
2 4
0 2
3 3
1 3
2 3
4 4
0 1
2 0
1 3
1 1
1 3
4 2
2 0
1 0
4 3
4 1
2 3
3 0
3 1
2 2
0 2
3 3
0 3
11 4

18 46
35
17 1
12 11
6 5
2 16
7 14
0 12
17 1
7 17
11 4
16 10
10 17
14 6
5 7
15 14
6 5
16 13
1 2
6 3
17 2
8 4
4 1
12 15
17 5
9 7
6 14
3 10
8 4
2 13
0 17
9 7
13 16
7 3
11 9
13 9
16 1
2 1

48 34
28
27 29
12 14
18 15
12 2
0 15
13 27
33 24
19 6
0 2
28 32
2 4
15 3
4 20
7 10
9 24
27 11
17 10
23 11
29 30
16 12
11 27
6 19
9 7
15 0
22 8
29 1
20 13
4 16
16 5

48 12
21
7 10
4 4
11 6
4 10
2 8
5 3
0 2
3 7
6 11
7 0
2 1
8 1
9 1
3 8
10 0
3 9
5 0
5 11
3 9
11 2
5 2
14 3

46 35
42
26 12
14 30
24 18
29 24
23 4
4 25
8 11
13 5
8 6
18 8
5 8
25 11
1 23
23 11
11 30
32 5
24 0
25 21
32 4
7 13
9 7
11 5
19 6
28 22
32 27
8 29
25 32
2 17
32 25
26 12
11 17
1 16
0 11
5 1
27 25
0 29
27 7
26 8
2 7
30 11
15 17
12 23
12 2

48 32
46
0 2
12 5
7 1
6 28
31 22
17 11
22 10
21 15
8 10
29 6
19 6
10 13
17 1
4 17
5 1
31 8
10 23
30 3
31 31
15 11
3 29
29 24
13 11
30 19
16 5
7 6
31 11
21 0
0 6
18 8
27 6
27 29
4 18
17 20
4 23
16 1
23 1
9 22
24 0
29 8
4 16
8 24
19 26
30 8
25 31
22 7
3 5

31 16
11
5 1
7 10
1 9
12 2
4 11
1 12
7 8
12 13
5 4
3 6
15 6
25 5

21 12
15
6 0
1 1
7 3
2 11
7 5
3 4
5 1
10 4
8 7
10 2
3 10
6 6
2 1
5 7
1 1
11 5

2 35
12
0 1
1 0
1 1
1 0
1 1
1 0
1 0
1 1
1 0
1 1
1 0
0 1
14 4

19 50
8
4 13
2 4
9 9
7 12
2 3
16 18
10 11
10 3
11 2

32 24
46
19 23
1 22
17 5
19 12
14 15
13 19
2 14
17 23
9 4
1 11
20 6
19 1
23 5
16 22
11 23
6 5
11 13
11 22
12 17
10 19
6 23
2 15
23 20
10 3
15 15
9 6
6 18
17 17
9 20
12 4
19 7
6 0
16 2
18 18
13 18
17 9
3 2
20 20
19 19
19 3
11 9
7 0
14 21
1 17
18 0
6 22
19 2

50 35
12
8 17
3 29
21 3
33 22
19 2
34 14
32 20
22 32
3 17
25 22
11 14
12 16
14 3

6 33
38
3 4
4 5
0 1
4 4
2 4
5 4
4 2
1 0
3 0
5 2
1 2
1 0
2 1
3 2
3 5
2 3
1 0
4 4
4 4
1 0
0 5
1 0
2 3
3 5
1 2
4 2
4 2
1 0
4 2
3 5
1 4
5 1
0 4
3 5
4 0
1 4
2 2
1 5
12 2

26 11
48
6 6
0 7
3 9
2 0
5 0
5 6
6 0
3 1
6 10
8 10
9 4
0 2
10 10
7 7
9 8
6 10
2 2
5 8
2 0
3 0
2 6
3 0
8 8
6 3
8 5
7 6
5 0
4 2
9 6
1 2
1 10
7 9
2 10
5 1
8 7
9 10
5 8
9 10
6 0
9 6
5 4
0 0
8 9
1 2
8 3
9 3
6 5
1 8
19 1

10 10
12
3 9
5 7
1 3
5 7
2 5
2 5
1 8
1 5
6 0
1 2
2 5
6 2
8 3

26 3
17
1 2
1 2
2 0
2 0
0 2
1 0
2 1
2 2
2 0
0 0
1 2
0 2
0 0
1 0
1 0
0 1
1 1
3 2

12 10
29
3 8
8 2
8 2
5 2
4 6
8 5
2 7
8 4
7 2
3 8
4 9
7 4
7 0
2 2
5 3
0 4
9 3
8 0
2 2
0 8
4 4
4 7
4 6
5 3
2 8
7 3
4 8
7 2
7 1
20 1

36 29
23
27 13
14 17
20 13
16 24
9 25
20 27
24 13
11 11
7 4
10 22
17 2
0 16
9 4
7 3
0 15
8 0
26 0
5 13
6 28
24 20
13 13
17 24
3 23
3 3

19 27
28
11 16
15 6
18 12
0 11
10 17
13 7
9 12
17 11
10 18
0 1
14 1
2 16
3 14
8 9
12 16
18 6
1 0
11 12
6 6
1 9
11 9
16 12
15 3
13 1
12 18
8 3
8 2
10 13
25 2

8 33
16
1 2
2 3
7 6
6 0
5 3
1 0
0 7
5 5
0 4
1 5
6 0
2 2
5 3
6 7
0 6
7 2
14 3

50 40
3
36 36
38 5
3 37
18 1

6 14
30
0 4
3 5
1 5
1 0
0 3
5 2
1 0
3 1
2 1
4 4
4 2
2 3
0 1
3 0
0 1
1 3
1 3
4 4
1 2
1 2
4 1
5 1
2 0
1 5
0 4
1 1
5 5
5 2
0 3
2 4
17 1

42 38
32
6 10
4 18
18 31
5 19
16 17
6 28
6 28
12 6
2 0
19 20
1 33
32 34
1 37
15 7
30 7
12 23
31 9
25 3
3 17
2 31
37 25
37 1
19 27
27 35
9 23
32 32
11 33
6 30
2 16
14 30
12 16
0 29
1 1

9 43
43
1 0
8 0
5 3
5 2
2 8
7 2
6 6
0 4
3 8
8 4
6 1
6 1
7 5
2 5
3 0
7 5
6 5
0 4
8 0
7 1
4 3
7 6
0 4
0 1
0 5
4 5
1 1
5 8
5 4
7 3
6 3
2 8
1 7
7 6
6 6
3 0
2 2
7 6
2 6
7 7
2 5
8 2
7 5
6 3

25 3
43
2 1
2 1
0 0
1 2
1 1
1 0
1 2
2 2
2 1
0 2
1 1
0 0
0 1
2 2
2 2
1 0
1 1
2 0
2 2
0 0
0 1
1 0
1 1
2 1
2 2
0 2
2 1
0 1
1 2
2 2
0 1
1 1
1 2
0 0
2 0
2 0
2 0
1 1
1 1
2 2
2 2
0 1
0 0
5 1

32 49
9
11 26
12 17
30 23
3 26
3 29
2 28
22 25
27 29
23 6
7 5

37 21
43
5 7
8 4
16 15
14 8
2 20
11 15
20 16
7 2
2 5
16 2
19 6
17 0
1 2
4 14
1 19
16 13
9 15
9 13
4 1
3 17
7 1
11 4
20 20
7 0
7 13
9 20
18 14
10 2
2 18
11 13
13 18
8 2
16 4
2 15
12 15
3 15
14 9
5 19
13 4
8 2
1 18
17 11
18 8
15 5

27 14
48
2 5
5 9
10 6
9 7
1 3
11 13
4 13
11 5
10 7
0 6
7 11
5 7
5 4
3 6
12 5
10 4
13 6
0 10
11 12
0 9
5 5
8 7
12 1
4 3
13 1
9 3
9 1
6 3
3 2
7 3
10 5
7 1
7 11
6 3
3 3
9 7
6 6
0 13
12 0
8 7
11 10
3 4
0 1
10 5
13 8
9 8
1 2
13 11
14 2

1 22
4
0 0
0 0
0 0
0 0
4 4

34 38
31
31 24
7 31
16 21
22 7
0 29
3 25
21 20
32 30
4 25
22 29
23 27
28 17
27 1
8 5
24 29
10 4
29 12
20 27
5 6
14 6
18 29
12 22
12 8
11 32
10 28
18 20
29 0
13 22
1 6
22 13
2 28
10 5

25 50
13
24 4
24 4
21 5
22 18
6 21
18 1
22 4
20 18
19 24
23 18
9 19
14 12
12 23
9 3

35 49
13
29 28
34 19
30 10
23 9
25 12
21 24
0 0
2 29
5 5
25 27
23 0
15 14
12 10
19 4

35 44
4
1 7
12 2
28 9
33 28
17 3

17 3
1
1 2
24 2

41 42
21
9 31
23 3
0 18
30 10
26 13
35 18
5 4
19 36
22 40
14 24
22 31
34 20
20 26
24 4
4 11
30 13
27 34
14 16
13 11
25 1
0 32
6 4

34 22
36
18 2
1 3
1 12
9 12
16 16
1 5
14 4
20 0
11 18
16 9
2 14
14 9
2 19
0 1
15 14
14 10
19 0
8 21
8 17
6 10
3 3
15 18
0 17
13 2
7 3
15 10
8 3
7 5
14 5
4 2
11 5
14 8
14 9
15 14
11 18
19 5
10 2

34 16
35
8 2
15 4
12 4
10 7
0 0
5 11
7 6
9 9
11 7
1 14
1 14
13 8
5 13
10 1
7 11
15 7
11 9
5 4
0 3
12 10
15 11
3 5
11 4
6 8
9 10
8 5
15 14
3 13
9 1
3 13
7 11
11 4
1 13
1 3
1 14
2 5

26 37
21
9 5
21 10
11 1
4 0
20 10
0 20
18 20
12 25
11 14
16 7
20 19
24 6
10 16
17 25
10 14
23 0
25 7
13 15
17 25
15 14
17 11
9 5

38 16
35
3 13
8 6
5 13
3 5
2 2
13 1
10 8
7 15
9 3
9 7
7 9
12 4
14 8
1 10
1 0
11 9
2 2
6 8
7 3
0 6
0 14
10 14
3 5
9 7
11 9
10 14
15 1
5 15
15 11
13 5
13 12
1 9
10 0
2 14
14 13
8 1

17 5
20
3 4
1 4
2 2
0 1
2 0
2 1
1 1
0 4
2 2
2 2
3 0
4 3
3 1
0 1
3 2
2 4
1 0
3 2
4 0
2 1
23 1

37 50
34
2 35
4 18
23 34
0 23
20 24
20 16
30 13
34 8
13 31
8 24
8 35
8 17
30 15
23 35
1 10
34 19
1 33
1 27
27 6
16 1
6 16
2 28
17 7
16 19
2 34
18 26
25 29
22 25
2 3
4 34
26 6
6 16
11 9
0 14
3 1

16 18
23
4 11
7 5
0 3
0 14
14 1
6 11
1 15
7 6
14 0
0 10
11 11
4 14
15 12
0 8
1 5
13 6
10 4
3 4
4 12
4 11
1 10
4 10
15 2
24 1

25 27
21
4 15
10 19
14 3
17 8
20 2
8 7
11 9
9 9
23 7
7 1
12 22
21 0
7 3
24 15
15 16
13 16
2 4
5 12
11 6
9 2
12 3
22 4

20 29
45
10 7
7 6
13 13
5 16
7 18
16 19
5 3
1 19
14 3
5 6
11 4
17 14
4 4
15 12
8 12
15 11
18 18
2 2
4 2
10 16
4 5
11 6
18 5
12 6
4 5
7 11
6 1
16 1
19 16
4 4
12 14
7 6
8 13
19 17
4 12
0 15
10 1
18 4
9 0
2 19
16 5
6 1
17 9
18 19
8 2
22 4

15 44
35
12 10
5 6
13 8
12 1
14 9
4 10
8 9
11 11
9 3
7 8
10 1
11 13
8 10
1 14
4 11
8 0
7 0
7 7
7 11
13 4
5 12
2 6
7 1
4 9
11 11
7 6
1 12
14 10
2 6
6 7
6 4
13 11
3 10
7 4
1 0
22 3

25 38
9
7 2
17 10
12 18
13 14
8 15
16 17
3 10
12 14
15 6
3 1

4 40
25
0 1
0 1
0 2
1 2
1 2
1 2
2 0
1 1
3 3
0 2
3 1
1 1
0 0
2 2
1 1
2 3
3 2
3 2
0 1
0 2
0 2
0 1
2 3
0 2
3 0
8 4

35 6
21
4 1
5 1
2 2
3 2
3 3
4 0
0 5
2 3
3 5
1 0
0 1
4 1
4 5
3 0
2 3
3 3
0 1
4 4
1 0
1 2
0 2
21 2

10 21
34
8 6
1 6
9 9
6 1
3 7
6 0
1 6
5 7
2 4
9 7
6 5
1 0
3 3
8 4
7 1
2 4
6 4
3 5
8 9
2 1
7 3
8 8
6 3
8 0
4 2
8 8
0 4
0 0
9 4
1 5
9 0
4 9
3 4
3 3
18 1

43 24
31
0 4
20 5
15 10
15 18
20 19
9 15
13 4
19 7
17 14
22 18
7 14
7 20
4 11
23 3
7 17
6 6
11 18
4 0
16 4
20 12
6 22
13 19
8 12
21 0
1 2
4 5
5 20
11 7
6 20
8 19
2 5
6 2

9 40
15
7 6
4 1
6 1
6 2
1 3
8 4
7 0
6 8
8 5
3 2
8 2
8 0
5 4
5 3
1 4
3 2

7 40
30
4 0
3 1
1 0
1 2
5 5
3 6
4 5
0 1
6 1
3 0
5 5
6 2
1 4
2 1
5 6
6 2
3 5
1 4
0 5
6 4
4 3
2 2
4 5
6 3
4 4
4 1
1 0
6 1
4 2
6 3
1 2

6 19
30
3 3
2 5
2 0
0 3
1 2
0 1
0 3
2 3
3 4
0 1
3 1
3 3
3 5
3 5
0 1
3 5
1 1
2 2
2 3
5 4
1 0
4 2
5 4
3 4
3 0
1 4
1 0
5 0
4 3
3 0
4 2

13 48
42
1 8
12 8
5 3
0 2
11 10
10 6
10 1
3 0
10 5
12 12
1 5
7 1
2 11
4 7
6 0
5 2
0 3
0 5
3 5
3 9
7 5
8 5
11 6
9 9
5 5
1 7
1 1
9 12
9 10
6 12
7 2
6 9
3 10
9 1
10 3
4 0
5 4
12 12
2 8
0 5
9 4
6 11
19 2

44 22
45
9 2
3 9
9 17
15 19
5 19
15 14
3 18
13 14
18 14
5 18
0 13
14 2
13 18
3 10
8 18
12 9
16 15
9 17
13 5
12 2
21 6
1 7
12 18
10 6
10 13
9 3
4 0
17 19
7 11
16 17
20 0
20 12
2 12
1 20
8 15
9 12
2 17
5 19
7 3
16 7
2 14
11 11
13 8
3 0
12 18
17 2

13 34
11
12 11
3 9
6 11
6 8
6 9
12 9
9 3
6 6
12 7
4 8
2 9
17 5

14 38
44
2 1
12 1
6 7
13 8
1 5
11 6
10 1
10 8
4 10
2 2
1 2
10 2
4 1
13 10
10 0
3 0
6 10
9 0
0 8
13 0
11 11
3 7
1 13
6 11
8 13
8 1
6 9
10 2
6 4
0 11
13 0
11 5
9 13
6 0
3 3
10 4
5 9
0 6
10 8
4 8
6 0
8 6
4 9
12 13
22 3

14 18
27
10 8
9 12
2 3
9 2
2 11
4 8
3 8
8 1
11 9
8 13
6 12
5 2
9 9
1 11
2 13
10 9
7 4
4 7
3 5
9 11
1 2
4 10
11 8
2 2
3 7
5 2
7 0
3 1

13 27
34
9 3
6 0
5 11
5 2
12 6
9 1
0 12
2 0
3 9
1 3
8 6
9 0
6 9
11 12
7 12
5 3
3 6
1 10
11 11
2 10
5 0
7 0
10 9
6 8
1 9
10 2
6 4
9 1
7 0
9 12
1 11
10 2
11 12
11 2
20 4

46 19
31
1 16
17 1
4 7
1 4
17 13
9 8
10 2
7 18
16 6
9 16
4 6
1 16
4 15
12 9
3 9
10 16
12 13
0 17
0 6
15 15
16 1
10 11
13 2
10 10
4 14
10 0
18 11
12 2
5 7
7 9
5 13
3 3

5 49
32
1 0
1 2
1 4
4 0
0 3
4 3
0 1
4 3
4 1
3 4
2 3
1 1
3 3
4 3
3 2
0 2
3 2
3 1
0 3
0 3
4 0
2 2
0 0
4 4
4 4
2 3
2 3
2 2
3 0
4 3
0 0
2 0
4 4

1 47
34
0 0
0 0
0 0
0 0
0 0
0 0
0 0
0 0
0 0
0 0
0 0
0 0
0 0
0 0
0 0
0 0
0 0
0 0
0 0
0 0
0 0
0 0
0 0
0 0
0 0
0 0
0 0
0 0
0 0
0 0
0 0
0 0
0 0
0 0
5 5

35 11
41
8 8
4 9
9 10
9 1
2 5
1 5
1 3
0 10
7 3
0 10
0 6
5 7
3 9
1 7
8 3
5 8
3 9
9 8
0 6
6 8
0 3
5 1
5 3
1 9
1 7
7 1
5 4
6 5
10 2
6 10
7 6
10 8
5 9
5 8
7 5
5 3
10 0
9 4
6 3
7 5
2 6
8 1

23 42
41
16 12
19 15
11 21
16 19
19 21
4 6
16 8
13 22
8 15
9 3
12 3
10 13
13 5
3 7
9 17
13 15
6 12
10 13
16 9
6 19
12 6
14 6
4 3
8 14
7 1
8 4
3 8
21 12
20 19
13 17
20 16
6 6
3 11
20 19
18 13
22 9
6 19
19 1
8 14
0 4
0 5
7 3

19 10
49
0 1
8 5
0 5
7 4
3 3
6 9
6 7
3 5
7 5
5 7
2 5
5 0
2 2
8 1
6 1
8 9
8 5
8 7
8 3
9 8
2 0
5 5
0 4
1 3
4 6
5 5
5 1
0 7
6 4
1 5
7 8
5 5
9 9
3 7
1 0
7 4
0 0
0 6
5 8
1 3
3 5
3 5
1 5
3 8
1 4
0 1
8 3
6 1
4 8
3 3

22 35
32
20 21
9 18
15 7
6 12
16 9
10 10
2 18
21 0
15 10
18 2
6 0
11 14
7 11
2 16
4 21
3 19
4 14
3 18
0 12
5 8
17 7
17 16
5 7
6 10
17 9
9 1
19 21
4 0
9 3
15 3
2 13
6 19
10 1

30 4
22
3 2
1 3
3 3
1 0
3 3
2 3
1 0
1 3
3 0
0 2
2 0
0 0
1 1
0 2
3 0
3 3
2 2
0 2
0 2
3 1
0 1
1 2
6 5

22 34
21
12 16
9 17
2 13
10 5
1 2
20 19
8 14
13 18
10 2
6 16
11 20
8 21
4 13
7 20
5 9
13 14
17 8
3 17
7 20
17 7
20 10
10 3

15 15
4
9 6
4 4
3 6
2 3
13 3

29 35
28
15 19
5 15
13 15
1 23
23 5
18 25
14 7
9 2
27 23
23 28
22 20
15 7
26 6
21 18
3 0
18 4
27 11
0 0
5 22
1 12
26 21
7 9
26 21
6 19
19 17
11 2
21 14
12 2
24 3

11 46
19
7 4
5 1
2 10
10 7
5 0
5 0
8 4
3 2
5 5
1 4
5 1
9 2
5 1
2 8
2 3
3 0
5 9
4 9
8 9
24 2

41 13
34
0 0
10 9
6 6
12 2
9 1
6 5
8 0
5 9
4 10
5 4
8 5
3 6
10 3
1 12
0 7
12 12
6 0
12 2
4 3
5 3
11 1
2 5
2 4
4 6
11 0
3 10
8 7
4 0
12 6
5 4
3 8
0 11
9 10
9 10
16 5

31 5
17
0 3
3 4
0 4
3 3
3 3
1 2
4 2
1 4
4 0
3 1
4 2
2 0
3 1
0 1
1 0
3 2
2 1
7 1

35 46
38
1 20
25 12
30 13
31 31
31 21
11 14
9 7
27 31
18 25
26 2
31 0
20 9
10 12
26 18
20 25
27 16
12 14
22 27
33 27
4 10
10 25
1 23
30 18
11 20
28 0
32 3
32 6
28 7
1 25
20 7
25 15
7 17
6 21
11 23
6 11
19 28
0 8
26 11
22 2

28 49
5
1 15
6 5
0 25
4 14
7 14
3 4

14 30
24
4 1
5 9
9 12
8 6
2 12
5 1
10 11
6 0
8 6
1 12
0 8
11 8
5 11
5 1
1 5
11 6
3 10
12 8
9 7
8 7
4 12
9 12
12 9
12 10
18 4

21 6
46
2 5
3 3
0 5
5 1
4 1
5 2
3 2
2 3
4 5
4 4
0 5
4 0
3 3
3 1
1 1
1 3
1 4
4 2
5 0
4 2
2 4
0 4
2 5
1 0
0 0
4 1
2 0
1 4
3 4
0 5
5 5
2 5
3 0
2 2
5 2
5 3
0 1
0 1
4 5
3 2
5 1
5 2
0 5
0 2
2 3
1 1
20 1

31 30
1
2 16
7 5

3 3
1
2 0
17 1

39 24
35
12 19
7 13
20 21
15 19
9 12
0 4
15 10
6 11
15 8
15 14
9 12
19 17
4 0
18 21
9 0
7 13
22 0
2 13
22 16
12 0
5 5
11 20
1 20
22 20
13 6
18 10
7 19
2 22
9 12
13 8
21 17
1 22
17 12
6 18
2 0
16 3
