50

20 49
28
8 3
13 2
16 2
4 11
9 8
5 1
2 19
15 15
4 1
19 15
19 18
11 10
15 10
16 11
15 9
3 4
2 7
4 6
2 19
9 9
10 11
9 13
5 15
16 11
13 19
12 3
11 7
18 15
22 4

10 17
1
7 0
24 3

46 42
32
0 5
3 4
4 30
21 4
6 1
27 11
5 11
14 0
27 37
25 38
16 24
37 32
5 10
14 7
27 0
25 9
20 13
21 11
6 20
26 29
4 35
26 8
3 24
6 20
41 14
15 19
26 1
22 41
10 19
17 9
0 41
7 26
14 3

42 36
7
5 24
30 34
18 22
13 17
30 15
7 2
34 3
9 2

4 30
48
3 2
0 1
2 0
3 0
0 1
1 1
3 0
2 0
0 1
1 1
0 3
2 2
2 1
1 2
3 3
0 1
2 0
0 3
0 2
1 0
3 3
0 1
0 1
1 2
3 0
2 0
3 0
2 0
2 3
1 3
1 1
0 1
1 0
3 0
1 3
3 1
3 1
2 1
1 3
1 2
3 0
3 1
2 1
0 3
0 1
0 2
1 2
2 2
23 2

35 36
10
25 31
27 30
16 29
11 6
29 27
29 31
24 25
13 23
24 12
12 19
23 1

13 50
39
9 2
6 4
4 5
4 4
0 12
11 7
4 11
10 3
6 8
10 10
5 12
11 6
8 8
6 10
9 1
11 7
0 11
12 9
4 1
2 11
10 11
3 8
6 3
1 10
10 11
11 3
3 9
0 10
5 1
6 3
1 12
5 10
6 11
11 5
11 5
2 11
1 2
0 5
5 9
17 1

19 25
23
10 5
4 12
1 9
10 14
10 4
12 0
9 12
6 2
0 9
16 2
11 7
9 13
3 0
14 2
10 9
4 18
3 18
0 6
8 4
4 11
7 2
3 9
2 4
1 4

11 29
49
9 6
2 2
10 9
1 8
3 1
8 9
0 2
4 0
9 3
6 4
3 0
1 0
8 4
6 4
1 10
7 2
8 3
4 6
6 5
10 10
9 9
4 7
1 1
7 6
10 0
1 3
5 0
0 0
2 4
1 0
3 1
6 10
4 0
2 10
5 0
5 4
2 4
7 3
10 9
5 10
1 5
5 0
5 6
3 3
8 2
5 6
5 4
0 8
9 10
2 2

29 7
16
3 3
6 1
0 0
2 5
1 5
1 3
5 1
2 2
6 6
0 0
2 5
1 5
4 6
3 4
5 3
3 2
6 1

3 27
49
1 2
2 0
2 0
0 1
0 1
1 1
1 1
0 0
0 2
2 0
0 0
0 1
1 0
2 1
0 0
0 0
0 0
1 0
1 1
1 2
1 1
0 0
0 2
0 0
1 1
0 2
1 1
2 1
2 1
1 0
0 1
2 1
1 1
0 1
2 1
2 2
2 0
1 0
0 1
2 2
0 2
2 0
2 0
1 2
2 0
2 0
0 0
2 1
0 1
20 4

31 48
49
4 18
25 19
29 9
6 28
19 22
11 4
9 19
14 13
8 23
27 25
30 29
21 10
26 8
2 28
19 21
0 7
16 18
13 14
10 24
9 15
13 20
24 8
29 3
12 13
7 22
26 6
4 11
21 23
25 2
2 23
28 1
11 0
19 28
26 2
0 18
4 11
26 10
16 9
5 9
13 25
28 17
29 2
27 19
13 10
6 17
6 1
17 12
6 0
12 17
25 3

32 3
44
0 1
0 0
0 2
1 1
1 1
2 1
1 1
2 0
0 1
1 0
0 2
1 1
1 2
2 1
2 1
1 2
1 1
0 1
1 1
0 0
1 0
2 0
2 2
1 2
2 2
0 2
0 1
1 1
0 0
2 1
2 1
0 1
1 1
1 0
0 2
1 1
1 1
1 1
1 2
2 2
0 0
1 2
1 1
0 1
4 5

46 8
46
1 2
7 3
0 5
0 7
4 5
3 2
6 7
1 1
7 0
3 7
0 0
0 0
2 0
6 5
1 1
5 3
2 7
1 3
2 5
5 7
4 4
6 2
0 2
7 3
2 4
3 7
7 2
6 5
1 6
5 7
1 0
7 0
2 1
3 7
2 1
4 4
7 1
7 5
3 3
3 1
4 3
0 2
3 7
2 3
4 2
6 6
20 2

14 22
4
13 0
0 2
4 10
5 9
1 2

45 1
32
0 0
0 0
0 0
0 0
0 0
0 0
0 0
0 0
0 0
0 0
0 0
0 0
0 0
0 0
0 0
0 0
0 0
0 0
0 0
0 0
0 0
0 0
0 0
0 0
0 0
0 0
0 0
0 0
0 0
0 0
0 0
0 0
24 2

25 15
28
2 6
12 14
6 13
11 4
4 6
13 11
11 1
2 14
9 5
12 14
12 3
3 14
7 8
1 0
7 8
12 7
11 13
13 1
2 1
10 14
0 8
0 12
10 10
5 2
14 9
4 1
7 0
9 4
7 2

3 5
13
0 1
1 1
1 0
0 1
0 1
1 0
0 1
2 2
2 0
0 1
2 1
0 0
2 1
19 3

19 33
12
12 9
17 3
13 17
11 12
6 14
0 7
5 7
14 11
15 12
1 9
9 16
12 8
6 1

18 43
40
16 0
0 3
7 17
15 9
10 3
14 5
14 16
13 13
8 17
2 12
15 14
12 1
7 5
8 3
9 7
10 17
16 14
4 0
17 7
3 0
9 16
15 8
16 3
12 15
12 2
0 10
4 15
4 5
2 3
15 16
9 0
12 6
15 3
3 7
4 10
3 13
1 12
17 7
16 9
5 6
9 1

19 9
25
0 0
4 2
7 5
3 4
8 2
4 1
3 8
0 2
5 8
7 0
0 5
3 2
6 8
1 7
2 6
1 0
8 0
6 1
3 2
2 8
7 5
2 2
0 8
1 7
2 5
12 4

45 15
45
8 1
0 7
8 4
4 14
7 7
12 6
8 14
8 3
11 5
0 10
12 11
8 6
6 1
11 13
6 5
0 9
9 0
5 11
11 14
5 11
7 1
3 1
13 6
5 2
6 13
0 13
11 12
11 13
13 4
9 11
2 13
8 14
2 10
3 8
9 3
11 4
12 13
9 9
9 0
0 5
13 5
10 10
14 14
2 1
14 4
1 3

4 6
47
2 2
2 1
1 2
0 2
1 0
2 3
0 0
1 2
3 3
1 1
0 3
3 0
3 0
1 1
3 3
1 3
3 1
1 0
2 3
1 3
2 1
2 3
3 0
1 0
3 0
1 1
2 0
3 3
3 3
1 0
2 1
3 3
3 3
2 0
2 2
1 0
0 1
0 0
3 1
1 0
3 3
2 1
1 1
0 1
0 0
1 1
0 0
4 3

20 30
9
16 9
8 12
10 15
2 0
1 1
7 1
15 1
11 19
8 6
13 4

12 6
10
1 2
3 2
3 2
4 2
1 1
1 0
0 1
2 0
5 2
0 4
16 3

17 34
33
14 14
16 5
3 4
5 10
8 9
4 1
12 16
13 0
15 1
16 15
5 5
15 10
15 7
14 4
3 3
6 16
6 2
6 1
15 11
3 5
2 0
14 9
4 6
9 0
2 8
3 6
9 12
14 8
13 2
10 16
6 11
13 14
2 10
2 5

18 15
23
5 0
8 1
6 10
6 12
12 5
6 9
3 2
9 4
6 10
11 3
3 2
9 4
2 4
7 2
10 0
10 13
11 9
14 10
1 10
8 0
14 8
3 8
12 1
15 4

7 28
42
1 6
2 0
6 5
0 5
3 5
5 5
3 6
2 5
1 2
3 3
0 2
1 2
6 1
6 5
2 0
3 1
0 4
4 5
1 4
6 4
6 6
6 2
3 4
3 6
5 5
6 0
5 5
1 0
0 1
6 0
2 1
4 4
6 0
1 6
2 2
0 6
5 1
0 3
5 3
2 6
5 4
2 5
16 1

49 45
38
4 6
30 35
18 21
29 29
29 20
16 13
42 32
4 22
7 34
31 36
1 37
27 8
35 40
36 15
6 28
5 31
31 35
0 25
39 23
42 14
15 40
13 1
27 9
28 20
28 43
29 1
14 26
13 24
0 3
33 13
39 23
9 11
5 5
0 33
31 2
7 34
5 41
24 14
19 2

33 36
38
13 13
11 0
3 16
28 9
18 32
9 21
23 3
31 15
19 23
11 1
22 16
19 26
15 11
15 13
25 20
32 24
32 30
16 30
15 23
15 26
20 2
15 21
30 26
17 13
7 9
21 9
25 21
19 12
3 6
25 11
8 19
24 26
3 23
29 0
15 3
19 24
2 2
32 26
23 3

45 13
25
10 8
3 7
7 12
8 10
12 0
5 4
5 6
7 6
2 0
9 10
12 10
10 5
12 10
3 11
8 9
10 3
3 1
7 3
6 12
9 10
1 5
10 0
0 7
2 2
12 10
2 3

19 6
31
4 1
4 5
1 2
2 3
5 4
1 0
3 4
4 3
1 2
1 3
4 4
0 1
2 3
5 2
4 4
3 0
4 1
4 1
5 0
2 2
2 5
4 2
3 5
1 0
1 5
4 4
2 5
4 1
3 2
5 2
3 2
2 2

7 2
49
1 1
1 1
0 1
1 1
0 0
0 1
1 0
1 1
1 1
0 0
0 0
0 0
0 1
1 1
0 0
1 1
0 0
1 0
0 0
1 0
0 1
0 0
0 1
1 0
0 1
1 1
1 0
1 1
1 1
1 1
1 1
1 0
1 0
1 1
0 1
0 0
0 0
1 1
0 1
0 1
0 0
0 1
1 0
1 1
1 0
1 1
1 0
0 0
0 1
6 2

13 4
29
1 1
1 1
2 2
3 2
3 1
0 3
3 0
3 0
3 2
0 1
3 3
1 0
1 0
2 0
0 3
3 2
1 1
1 2
2 3
2 0
2 1
2 3
0 3
2 0
0 0
3 0
1 1
1 2
1 0
10 3

38 17
35
16 9
1 6
12 5
1 10
13 2
1 12
3 15
5 14
16 14
13 3
6 14
5 2
10 4
4 5
5 12
1 10
5 6
10 14
15 16
3 10
9 2
0 11
9 15
1 14
1 13
2 3
13 5
2 14
11 9
6 13
13 6
1 0
9 12
7 1
5 5
25 3

5 5
36
1 4
2 0
0 4
1 3
2 3
2 4
4 4
2 2
2 4
3 1
3 0
2 4
2 0
2 0
4 3
4 1
3 2
4 1
3 1
1 0
0 1
4 4
0 3
0 0
0 4
3 0
3 0
0 4
0 3
2 0
3 3
3 2
0 0
0 0
2 2
1 2
23 5

21 21
37
16 10
8 15
13 14
6 8
2 9
11 7
13 7
16 18
19 4
16 10
8 20
5 12
1 19
4 10
12 20
10 19
14 6
2 4
16 2
7 0
12 13
16 2
0 5
5 16
8 20
8 15
10 1
11 10
13 4
0 15
17 16
8 11
2 10
17 19
2 7
19 9
11 16
10 5

49 22
39
1 17
12 8
12 7
18 16
7 15
16 11
10 14
13 2
14 6
19 7
20 10
0 13
11 18
6 19
13 13
0 19
15 15
14 9
1 10
2 20
12 10
10 4
12 18
6 2
13 17
15 0
7 1
16 20
6 4
17 14
5 14
7 6
5 11
11 14
1 3
0 2
4 18
1 5
16 17
22 3

35 5
9
0 2
2 4
2 1
1 4
2 3
4 4
0 3
3 4
4 1
6 5

11 43
41
10 1
2 1
5 5
2 9
4 9
5 0
2 1
10 2
2 4
7 3
8 2
9 0
10 10
2 3
3 7
8 2
9 2
9 1
2 4
1 1
7 4
10 10
8 7
10 6
2 10
4 2
2 7
4 3
3 10
4 1
8 7
4 9
6 10
8 7
8 6
2 2
1 3
0 1
8 3
8 7
9 5
24 1

40 46
42
20 21
19 4
39 24
16 31
24 25
16 3
25 13
0 17
33 29
19 6
22 28
7 4
5 19
17 1
29 36
27 21
17 7
36 21
28 3
9 7
30 37
39 10
13 38
34 4
39 4
31 39
3 32
14 9
32 39
27 22
29 39
28 4
24 15
29 11
26 36
7 39
39 20
23 3
3 33
10 36
32 28
14 31
24 4

21 5
31
2 0
2 4
2 2
4 3
0 2
3 4
1 3
0 4
1 4
2 0
3 1
1 0
0 2
1 0
1 3
0 3
3 0
2 2
2 1
3 0
0 4
0 2
1 3
1 4
0 1
1 2
2 2
3 4
3 2
0 3
3 4
15 3

48 19
9
18 12
6 0
13 11
8 6
9 15
11 3
16 4
11 17
5 5
17 3

50 47
28
40 6
36 28
34 24
27 16
45 20
18 23
37 43
20 19
7 29
34 18
22 38
36 7
24 19
37 22
21 14
44 3
18 21
35 31
26 13
28 36
18 15
29 12
37 38
23 9
15 43
30 29
32 43
40 16
19 5

37 29
47
19 28
19 3
16 3
25 23
23 9
14 11
4 16
28 11
22 16
20 26
24 19
7 6
15 26
6 1
12 24
4 21
20 21
1 24
1 24
24 27
28 4
12 26
28 9
13 26
6 24
13 25
24 25
26 15
17 22
11 23
27 1
4 28
16 20
5 12
0 6
20 28
9 20
24 19
12 26
24 21
21 7
20 14
3 15
15 22
0 13
23 2
6 24
6 5

9 49
16
8 7
4 8
8 3
4 0
4 4
2 3
3 2
7 5
8 0
7 2
5 3
3 5
1 8
4 0
5 5
7 5
2 2

22 28
49
11 7
20 7
7 6
12 16
21 0
21 13
2 14
18 16
0 12
13 18
13 6
11 1
18 18
3 11
16 20
9 3
16 11
8 9
13 4
8 14
19 9
15 21
1 11
0 21
16 7
14 10
11 3
9 6
7 15
19 16
10 17
3 8
9 18
6 17
11 9
17 6
7 15
16 15
7 9
8 17
20 15
7 9
11 1
13 15
21 5
4 9
8 5
10 18
18 19
5 2

11 12
12
4 9
8 2
2 3
7 3
10 6
3 5
3 0
7 4
1 6
7 2
4 4
3 0
14 1

9 42
45
8 7
8 4
7 2
8 8
8 8
8 6
0 2
7 4
0 6
6 4
2 8
5 1
7 0
2 1
0 7
3 8
3 8
3 7
8 4
6 5
0 1
4 4
1 8
8 6
0 0
7 3
8 4
6 3
8 5
4 7
2 6
4 1
7 3
2 1
0 0
4 1
3 1
2 4
8 1
5 4
2 0
2 4
7 4
7 1
0 6
22 1

47 31
33
3 2
26 2
17 5
22 5
29 8
14 12
1 10
2 28
26 22
19 22
19 21
29 26
23 20
22 28
2 10
8 15
24 17
13 1
20 13
23 15
21 9
9 17
16 25
6 3
14 5
9 16
22 21
29 15
0 29
29 5
9 10
10 16
19 9
19 5

22 18
40
10 16
16 12
17 5
17 17
16 12
3 3
10 1
12 0
14 14
3 15
4 3
10 12
17 16
16 10
17 11
2 10
13 4
16 14
16 8
8 4
9 2
9 13
15 0
4 5
6 7
1 2
13 14
7 17
1 15
8 2
5 17
12 7
16 17
1 15
14 0
15 9
10 15
8 7
9 11
8 12
25 4

28 6
1
4 0
3 4

26 16
46
15 11
15 10
0 8
10 2
13 5
13 9
2 13
1 11
3 10
2 12
8 5
2 2
11 15
0 3
0 0
10 4
6 1
2 14
4 5
3 3
6 9
2 11
13 12
1 1
2 13
10 13
13 7
6 6
13 14
6 8
12 3
6 5
13 9
15 0
2 0
5 9
3 13
15 10
0 1
8 1
14 11
7 14
10 14
6 10
7 12
7 6
3 3

45 43
30
7 12
30 33
1 15
22 15
36 3
27 3
25 9
33 17
29 35
23 41
40 6
9 13
10 17
1 28
40 39
11 39
20 39
5 31
34 20
12 13
42 12
41 6
32 32
16 27
2 42
28 39
27 23
34 32
31 25
36 26
15 2

49 13
3
3 12
4 2
8 10
6 2

25 10
25
9 0
2 2
3 3
5 6
6 5
6 5
2 5
6 2
9 1
6 6
9 4
6 6
0 1
4 9
9 0
1 8
2 3
4 5
4 8
0 4
9 5
5 2
8 7
3 0
2 0
5 3

31 49
15
24 4
16 20
28 3
0 23
4 0
29 20
18 19
23 29
0 21
4 3
20 10
20 2
2 14
14 24
15 23
6 1

37 31
49
18 9
15 12
17 4
18 19
12 29
22 8
18 19
1 4
0 0
7 9
16 25
9 9
10 13
0 5
17 14
14 22
1 5
0 10
11 10
7 0
16 20
11 1
3 5
1 15
25 13
20 24
28 25
4 21
6 6
11 9
10 17
22 19
10 4
27 6
30 12
26 0
18 12
14 16
2 6
4 23
14 18
11 16
3 2
21 29
30 19
7 19
10 10
7 23
14 19
13 1

27 31
6
9 8
7 8
12 11
20 25
0 7
19 10
23 2

37 16
50
15 12
15 5
10 3
4 12
8 7
10 8
15 7
3 15
0 12
7 1
0 10
4 8
10 8
4 7
2 7
2 6
2 14
8 9
5 12
15 8
12 8
12 6
4 3
14 14
15 4
0 7
8 14
10 10
3 1
7 13
10 9
5 8
1 12
0 11
8 1
2 3
13 14
11 4
5 8
13 2
15 0
4 2
4 5
4 7
11 9
11 6
15 6
2 15
12 2
11 15
17 5

35 47
4
1 13
34 6
0 25
12 32
2 2

40 13
49
7 8
10 3
6 1
2 3
6 4
11 11
9 12
0 4
9 3
4 10
7 9
10 6
10 3
0 6
5 3
12 9
12 12
6 8
6 0
5 1
1 3
12 0
3 4
8 6
9 2
2 6
2 5
3 12
0 4
9 11
0 8
3 6
11 1
1 11
7 3
9 9
7 4
6 5
5 12
7 5
5 4
12 6
4 10
2 12
8 3
5 5
2 6
2 2
12 12
2 5

15 49
46
7 2
4 5
9 13
14 0
0 12
11 11
13 5
11 14
5 3
3 8
14 3
8 2
10 14
8 2
11 14
2 14
3 9
14 2
3 0
6 6
10 11
3 10
3 0
12 6
9 11
13 3
1 2
7 0
14 0
5 3
6 2
14 11
10 6
12 12
0 3
7 6
9 6
13 1
7 10
10 14
4 11
13 13
2 14
13 10
7 11
11 13
3 5

40 5
46
4 0
1 0
4 3
0 0
1 1
2 3
0 4
1 1
2 2
0 3
3 2
1 3
4 2
4 0
2 1
4 1
4 3
3 0
2 0
0 3
1 2
2 0
2 2
3 1
2 2
0 3
3 1
2 1
4 1
4 2
0 3
3 0
3 1
1 3
2 3
3 3
4 4
0 3
1 2
4 1
1 2
0 0
1 4
2 1
2 4
0 4
13 2

10 23
47
5 8
2 6
4 2
5 8
0 5
1 4
0 4
4 9
7 8
2 4
3 3
0 3
0 7
6 4
2 1
5 3
0 4
1 1
1 4
4 7
2 3
6 9
7 8
6 5
6 0
9 7
3 6
7 4
5 0
8 5
8 5
2 6
7 2
8 5
1 7
2 7
0 0
3 8
2 0
0 9
0 5
9 1
8 5
1 1
0 6
8 2
5 0
6 5

48 44
43
40 0
38 7
40 19
8 10
33 25
12 40
14 13
37 41
34 40
21 41
30 31
32 21
16 9
18 8
16 13
15 20
7 40
1 17
13 14
21 12
29 35
42 21
25 1
19 42
0 29
25 30
19 40
6 38
35 27
13 11
4 35
30 43
0 19
31 2
0 7
12 33
40 19
24 2
35 41
21 6
9 12
34 24
9 14
11 5

35 42
20
15 6
11 28
11 34
2 3
24 28
8 18
27 20
0 21
17 21
14 33
32 6
20 22
22 16
34 12
4 30
29 1
7 19
24 7
34 33
16 30
25 1

45 16
15
5 4
8 14
10 2
8 11
3 14
5 8
10 11
10 8
3 8
0 1
2 0
12 11
14 6
14 10
12 9
1 1

14 34
20
4 11
13 8
11 11
5 11
5 8
5 13
9 4
13 1
10 11
10 1
12 6
3 10
10 7
5 8
4 5
2 13
8 12
12 3
0 3
6 7
11 3

16 3
42
0 2
1 1
1 0
1 1
0 1
0 1
2 1
0 2
0 2
0 2
2 0
1 0
1 1
2 1
0 1
1 2
2 0
2 1
0 0
2 0
0 1
2 2
1 1
1 1
2 2
1 0
1 2
1 0
0 2
0 2
0 1
0 1
0 0
0 0
2 0
1 0
1 1
2 0
2 1
0 1
0 1
1 1
8 2

25 22
20
4 0
5 17
14 9
15 21
14 17
15 21
7 11
21 17
16 19
3 15
5 13
2 13
18 3
4 20
2 15
8 5
5 18
9 4
4 13
3 2
25 5

13 38
25
9 3
2 4
2 9
6 4
2 6
7 5
9 1
8 10
7 2
7 9
4 1
0 11
1 10
0 9
5 12
0 12
11 12
5 3
3 5
1 9
12 6
9 0
4 1
11 0
6 11
6 1

41 15
46
14 11
5 10
8 1
9 12
5 9
3 13
5 14
3 7
3 8
3 14
0 1
8 5
8 1
5 7
3 12
0 7
4 3
4 5
11 6
12 8
8 12
9 7
3 8
2 6
3 9
3 11
5 12
3 14
12 10
12 10
11 9
8 7
0 2
10 10
12 0
0 5
10 12
2 13
9 6
6 10
5 14
13 9
5 5
4 5
9 6
10 10
23 2

29 22
20
6 8
18 11
3 10
14 2
13 0
1 16
6 20
10 7
8 5
12 4
18 10
13 3
3 8
4 4
8 12
13 3
13 20
5 14
14 5
18 7
3 2

7 9
12
1 5
2 5
4 2
5 3
6 1
1 6
6 6
6 4
3 0
1 2
0 2
5 2
10 1

48 6
23
4 5
0 3
0 5
2 5
1 2
5 5
0 3
2 0
1 4
0 2
1 5
0 1
2 0
0 1
4 1
5 0
5 3
3 0
5 1
5 0
0 1
2 1
2 1
14 1

14 49
28
5 0
13 1
13 11
6 8
0 11
12 1
3 1
7 10
13 2
11 13
1 9
4 5
2 1
2 1
9 3
13 6
2 11
13 1
11 1
13 4
6 5
4 10
3 3
13 4
4 8
1 4
7 8
9 2
13 4

22 8
16
6 2
0 7
2 6
6 5
7 0
6 6
0 1
7 4
3 0
0 6
5 2
4 2
0 6
5 5
1 4
2 1
3 3

18 35
10
15 16
8 7
9 16
1 17
12 4
4 8
3 11
16 8
15 16
8 3
9 2

24 22
21
9 2
8 12
15 16
14 7
17 3
0 14
11 0
11 16
15 17
7 8
19 20
16 9
13 9
7 15
1 18
1 2
17 20
1 18
4 10
2 5
9 21
16 4

7 49
34
0 1
6 0
3 5
0 2
2 3
5 5
4 5
2 5
0 4
0 4
3 1
1 0
1 3
6 2
5 0
2 2
0 3
5 2
2 5
2 1
3 4
4 0
6 3
5 3
1 4
2 6
4 5
1 3
6 5
5 4
4 3
4 1
5 2
5 6
15 5

15 9
19
2 0
3 2
0 2
7 4
7 4
1 7
3 8
0 0
6 5
3 4
5 3
7 2
6 8
4 7
8 8
1 4
2 7
1 5
5 0
5 3

29 12
38
2 11
0 4
5 7
4 3
5 9
0 8
7 3
7 6
9 1
5 10
0 7
1 9
3 0
1 4
4 9
5 11
1 8
7 1
11 5
10 2
9 2
0 7
8 8
2 7
4 1
0 2
2 9
7 10
4 2
5 7
11 7
3 6
8 10
0 11
11 1
1 10
4 10
0 3
17 4

41 46
36
16 12
5 6
30 30
11 0
31 11
39 14
36 20
27 15
35 16
2 8
35 25
23 22
32 22
17 31
19 36
11 39
30 37
34 13
24 5
23 6
32 30
17 0
35 19
21 18
19 17
23 23
12 40
15 34
39 37
31 31
37 16
8 32
28 30
0 9
32 7
1 22
15 5

39 7
42
2 4
5 4
5 5
4 4
2 1
3 6
4 3
3 3
6 3
4 0
5 1
3 3
1 6
2 1
2 3
3 4
0 0
0 4
4 2
5 0
0 6
1 5
1 1
5 1
1 1
4 0
4 5
1 0
1 3
0 0
1 5
5 0
1 3
6 1
0 3
1 6
5 0
4 5
1 5
0 0
0 1
2 4
16 3

4 15
18
3 1
2 2
0 2
2 3
2 1
0 2
3 1
3 1
1 0
1 3
1 0
2 0
3 1
0 0
0 3
2 1
2 2
2 0
19 4

44 30
38
7 17
29 24
15 9
1 17
4 12
21 12
23 8
25 25
28 4
5 27
13 10
26 1
6 14
9 28
14 21
25 24
15 7
23 17
5 25
6 29
27 20
19 21
28 14
13 25
10 2
19 11
15 22
26 28
16 23
25 25
26 22
27 22
27 24
27 3
12 9
4 10
19 6
5 2
14 1

31 48
8
29 24
2 10
28 21
21 24
18 7
3 9
7 5
22 25
4 1

4 30
48
0 1
1 0
2 1
2 3
1 2
2 0
3 1
3 3
2 2
1 1
1 0
3 0
3 1
0 1
1 1
0 1
2 0
0 3
1 3
1 3
3 2
1 0
1 3
3 2
3 1
3 3
1 1
3 0
2 2
2 1
3 2
3 3
0 2
0 0
3 2
2 0
1 1
0 1
1 3
1 1
3 2
0 1
1 2
1 2
1 2
0 3
0 2
3 1
14 2

41 32
11
15 16
24 17
6 25
15 20
4 0
26 5
9 31
29 14
2 31
12 9
26 26
10 3

30 30
47
14 9
2 21
24 10
6 12
17 15
23 1
7 29
21 19
4 9
20 5
11 26
9 6
24 22
4 1
12 27
15 18
11 18
12 10
26 12
15 3
13 23
17 13
23 6
15 6
26 11
21 23
6 3
27 12
27 8
13 29
14 26
21 7
23 3
16 6
23 18
29 21
25 6
15 7
24 15
15 19
13 23
21 7
9 24
26 28
16 21
0 23
23 6
12 2

24 6
7
3 2
5 3
3 5
3 0
2 5
5 1
1 0
2 4

36 29
28
19 23
0 26
4 18
24 17
0 17
15 27
24 27
19 12
20 7
23 13
27 16
12 5
24 22
25 12
27 9
10 10
23 9
21 9
24 22
28 26
6 10
19 15
7 20
22 27
13 18
11 8
4 0
13 26
20 3

17 7
8
6 2
5 6
4 1
3 4
5 3
0 3
0 2
1 3
13 3

12 42
7
3 4
5 4
4 8
3 7
6 9
8 10
0 8
11 2

7 4
18
1 0
3 1
1 3
0 2
2 0
0 1
3 2
3 2
1 2
0 3
2 1
3 1
1 1
0 1
1 2
1 0
3 2
2 2
9 3

16 12
48
3 9
6 8
9 3
8 7
8 3
4 0
4 4
7 11
11 2
1 5
5 10
7 2
6 8
8 9
6 6
10 3
11 10
0 3
1 3
9 7
2 1
4 4
1 3
11 7
0 11
11 1
11 5
6 1
10 4
0 5
10 10
4 7
3 11
7 9
6 2
7 5
1 4
6 7
10 2
9 1
9 9
0 10
9 1
0 6
6 3
4 2
4 9
11 7
11 1

45 13
1
9 3
8 4

14 14
42
2 8
6 3
0 13
8 8
10 13
3 13
3 0
3 0
11 3
5 3
6 10
13 9
9 0
11 9
8 8
3 2
10 1
6 12
2 5
13 5
8 1
7 3
9 12
4 6
5 8
3 9
6 0
2 9
7 13
12 7
9 8
13 11
10 4
6 12
4 0
13 13
13 6
5 13
6 11
4 10
4 6
8 4
10 2

47 48
40
8 44
23 41
36 38
34 32
15 33
31 46
5 21
44 33
42 21
39 43
11 17
3 37
15 38
9 23
29 28
15 29
7 46
38 43
6 0
3 44
13 7
42 40
2 20
43 5
44 43
15 34
12 30
37 2
2 4
43 4
35 40
22 10
13 38
25 7
23 10
38 20
35 4
32 38
16 28
45 19
24 5