20

39 43
790
5 42
3 32
14 29
13 4
30 13
25 41
3 42
36 14
33 13
14 14
11 41
17 5
24 12
7 41
6 0
29 5
8 3
16 18
33 34
5 16
3 35
22 2
22 9
19 18
18 28
31 18
9 41
16 40
11 16
35 16
3 15
23 21
32 31
34 16
28 26
2 34
11 34
6 5
32 10
21 20
19 38
12 27
31 14
14 8
11 17
30 41
11 0
36 17
8 17
30 26
34 1
37 24
3 28
15 23
30 1
22 6
5 20
19 36
34 12
25 1
25 9
1 6
31 24
4 12
27 42
35 2
38 0
36 1
15 38
24 13
4 18
11 31
7 37
31 39
7 30
19 0
31 11
34 30
36 2
16 39
13 17
8 12
18 42
32 12
28 26
8 32
2 37
14 21
19 15
22 31
12 29
35 6
3 26
11 10
6 14
5 42
29 28
21 28
16 17
24 20
0 35
26 24
2 10
36 23
30 1
11 38
34 16
2 40
2 26
1 38
34 41
33 32
23 29
28 22
17 30
9 15
18 23
5 6
26 18
8 3
16 22
37 38
2 25
21 18
29 14
29 14
21 33
14 33
5 3
11 36
33 1
23 31
3 34
5 24
24 11
22 39
29 27
2 36
16 18
28 13
25 23
33 19
13 33
21 30
5 32
10 3
16 15
4 34
18 41
16 34
16 38
5 3
21 25
0 8
5 18
36 9
15 33
5 28
28 0
35 11
0 41
22 2
9 19
3 30
24 22
28 19
6 26
0 29
11 36
2 19
15 0
13 31
5 21
24 39
18 32
8 15
4 12
33 14
29 13
32 21
18 26
9 6
4 36
20 26
4 21
29 10
25 38
10 6
35 5
26 18
23 5
34 34
7 3
0 32
17 15
1 3
8 42
9 9
13 24
0 23
15 9
9 40
8 29
2 9
18 17
24 23
38 19
37 4
3 7
12 2
8 25
3 16
17 27
15 9
19 8
35 19
0 14
36 33
12 27
34 17
31 38
7 32
19 24
36 36
4 0
17 25
13 25
27 9
37 33
1 13
35 14
8 28
23 14
35 3
15 33
12 23
36 5
24 19
29 29
33 11
38 8
19 8
35 30
6 28
37 14
18 1
10 20
13 11
16 5
19 13
14 0
23 33
26 42
37 15
2 0
0 3
27 5
33 28
30 41
1 33
18 14
18 19
31 8
27 19
18 26
35 42
33 39
8 17
28 27
23 15
19 40
16 21
8 19
16 4
31 20
11 21
23 11
18 5
36 17
20 3
1 14
19 2
21 2
23 5
32 25
33 26
0 38
37 34
26 36
31 34
38 13
25 29
29 19
32 35
4 39
0 24
28 1
34 35
0 40
1 30
35 14
14 5
8 33
17 21
38 5
20 39
32 1
12 7
29 11
4 4
14 23
27 39
36 1
19 20
3 2
33 23
5 21
17 40
34 32
24 36
30 31
34 14
23 25
33 13
9 18
20 28
26 42
35 35
24 23
37 35
34 35
24 19
13 26
12 13
28 30
26 41
1 22
35 2
16 16
19 28
18 38
5 32
35 30
3 37
15 5
7 11
9 40
28 3
7 19
33 10
22 4
29 12
8 1
0 34
22 27
13 34
14 25
34 7
21 23
6 18
8 17
13 4
3 32
18 25
9 18
24 4
35 8
13 3
38 10
19 40
27 42
4 16
14 35
16 10
31 28
31 11
2 24
31 15
7 3
11 23
5 14
18 41
9 3
29 6
23 34
30 33
17 22
33 36
19 13
37 39
2 12
0 34
17 15
36 23
27 39
9 2
10 33
32 25
6 33
38 5
13 1
14 0
9 5
35 27
7 21
20 39
20 33
38 18
36 23
19 23
28 5
13 0
32 28
16 35
32 8
37 15
6 29
38 18
27 11
8 10
35 9
10 10
23 26
0 34
9 24
25 40
16 42
34 33
12 15
26 18
30 11
33 13
35 3
36 29
33 35
8 4
27 10
24 8
27 29
13 17
12 38
8 20
37 37
36 35
7 25
1 7
36 31
28 0
1 8
36 23
9 8
21 11
8 12
13 26
1 1
18 13
37 11
1 29
14 19
37 10
8 0
4 31
21 17
10 31
15 37
3 8
20 1
7 27
36 10
3 16
8 18
17 26
17 14
36 15
12 11
29 6
25 29
17 11
21 31
12 31
2 18
7 11
4 14
22 19
36 3
33 20
12 28
2 14
24 17
9 0
30 14
23 39
2 22
2 6
5 24
15 42
33 9
10 14
4 25
31 36
7 21
21 6
30 42
0 8
8 17
38 16
10 32
19 11
23 1
28 15
16 0
9 0
22 42
14 22
27 23
33 7
17 8
26 5
20 40
14 38
9 40
31 26
16 30
33 30
4 16
12 8
21 6
22 19
21 21
31 39
10 11
5 25
27 25
7 30
14 39
5 31
2 8
3 28
24 36
2 27
22 42
28 17
38 30
26 38
35 8
25 29
37 29
23 16
19 4
6 7
28 7
2 6
29 17
37 29
1 24
10 4
1 34
18 29
16 7
37 0
3 9
30 18
16 11
22 8
7 28
2 39
15 11
8 24
1 2
29 31
9 28
19 35
11 13
30 9
2 42
20 19
9 11
11 39
10 10
19 5
36 10
31 33
20 18
7 21
18 26
28 16
33 27
21 26
1 29
4 29
3 7
21 14
30 32
20 15
2 24
18 1
0 23
36 2
23 25
13 27
1 0
26 42
33 34
26 17
20 37
36 37
8 36
29 19
0 37
18 42
9 2
35 20
16 18
31 5
10 15
4 14
10 32
14 10
3 31
16 37
0 17
18 40
20 15
31 1
21 40
10 42
16 35
6 15
8 29
1 15
2 22
18 35
23 11
14 3
30 14
12 29
29 23
15 27
27 30
34 31
14 23
31 25
15 33
25 10
25 28
26 8
8 16
10 16
37 5
25 11
26 34
2 11
12 33
10 2
7 19
1 14
16 18
38 33
23 34
34 7
7 2
24 31
35 5
23 24
4 10
14 2
22 16
18 3
2 21
31 20
1 30
0 35
9 18
3 31
7 34
18 27
9 3
4 15
16 15
37 16
37 19
28 5
32 37
9 33
28 28
37 35
0 33
22 42
29 13
26 15
18 19
14 28
2 41
12 39
5 23
8 32
32 23
25 39
19 29
2 11
24 0
37 25
25 16
3 24
0 41
8 27
24 11
8 21
26 25
2 6
30 8
31 27
27 18
3 4
7 41
7 42
27 39
34 37
33 11
5 27
15 11
10 9
33 16
15 16
23 30
29 24
31 12
4 15
3 38
34 33
16 11
7 30
1 17
7 21
0 6
25 10
26 10
18 28
32 23
24 27
28 8
23 34
22 22
34 4
19 41
0 29
5 4
28 35
19 2
25 18
13 8
20 8
15 33
26 12
2 3
26 28
26 17
22 8
3 33
27 38
14 11
35 1
6 1
26 15
23 6
17 39
24 19
32 6
10 32
8 1
1 1
26 10
27 17
27 34
8 25
38 41
38 5
21 1
25 7
19 2
37 35
27 37
26 14
20 33
38 5
34 42
28 2
20 7
19 0
29 31
9 3

18 16
43
9 10
1 4
12 0
2 6
6 13
13 15
9 14
16 4
17 6
16 5
5 1
14 7
12 5
16 14
0 8
8 11
12 12
16 4
12 15
5 4
16 0
17 9
14 15
14 11
5 15
14 0
9 7
13 9
10 8
14 13
8 4
8 4
10 11
14 6
7 1
0 7
10 11
13 14
11 3
2 7
4 2
10 8
1 2
15 5

33 9
146
7 5
25 8
0 7
17 7
6 4
13 2
18 3
29 4
19 4
18 7
8 2
1 1
22 5
25 3
16 1
5 1
23 4
18 8
25 8
17 2
29 7
21 0
16 3
20 1
3 1
20 0
28 1
31 7
22 8
28 1
3 2
27 8
22 5
12 8
18 4
27 1
3 8
23 0
17 7
3 8
25 2
27 6
6 6
24 1
4 4
7 5
10 2
31 0
6 3
2 3
25 1
6 3
30 1
29 0
22 8
14 7
14 2
2 5
4 7
32 6
29 5
5 6
28 8
11 4
2 1
31 6
31 6
1 4
11 2
18 0
5 0
18 8
22 4
27 1
1 2
25 8
19 4
23 7
31 8
3 2
28 1
9 8
10 7
32 7
5 5
24 2
18 5
29 1
9 3
23 3
15 6
10 3
0 8
11 1
20 1
2 5
13 2
17 1
7 0
5 2
25 3
1 0
16 0
27 5
16 5
15 0
32 6
28 4
31 7
4 0
9 7
18 8
28 3
18 3
17 5
3 3
32 8
1 0
26 2
11 7
21 4
11 7
27 5
13 4
32 6
27 8
0 6
9 2
2 2
9 2
14 1
8 5
27 3
17 8
15 1
7 7
22 6
13 3
7 6
8 8
10 1
14 8
12 4
30 2
28 6
28 8
22 2

31 20
171
19 5
13 12
27 12
10 4
1 3
20 7
28 8
20 10
28 12
17 5
10 2
29 15
27 10
30 12
14 6
6 4
29 14
23 0
2 15
5 4
27 0
21 1
27 14
17 18
0 18
2 19
14 18
19 16
23 12
28 9
15 13
3 7
25 0
24 10
16 1
22 7
16 19
23 8
21 9
0 6
20 13
3 4
22 16
6 4
11 18
10 2
3 10
17 12
7 5
29 18
5 16
25 1
18 13
9 8
29 18
5 13
29 13
29 17
8 8
17 12
2 15
19 16
25 16
24 3
10 3
25 15
28 18
18 0
25 18
22 8
7 0
2 11
16 9
20 4
24 4
18 8
4 11
9 7
24 18
24 11
18 18
6 14
19 18
9 14
15 13
26 13
25 18
3 5
16 13
29 10
9 12
12 10
27 4
29 3
30 8
30 10
11 16
6 14
13 17
21 4
1 12
19 0
0 6
8 0
1 16
13 4
2 19
25 16
1 10
30 19
29 7
4 18
12 17
12 17
3 9
29 14
24 0
22 18
24 14
27 17
1 9
0 7
0 5
11 10
23 5
0 19
16 10
9 7
4 7
18 4
24 6
12 0
19 5
7 10
13 9
28 6
19 15
21 4
3 10
5 5
26 7
0 16
5 3
24 9
13 18
26 10
26 12
12 8
30 9
15 13
2 10
16 2
16 0
29 12
30 17
25 15
16 10
30 14
27 5
26 6
2 17
3 19
3 17
26 8
14 13
12 8
8 7
23 6
25 0
16 5
20 17
24 5

9 15
51
3 3
7 0
6 4
8 11
4 10
6 2
0 1
5 1
0 10
4 2
7 5
2 9
3 12
4 13
4 4
8 9
6 6
8 9
6 4
0 0
8 12
2 6
1 7
1 7
8 0
1 11
3 2
4 5
2 5
1 2
4 8
7 14
6 0
3 13
8 5
8 7
8 13
3 4
4 2
0 7
3 6
4 9
4 14
5 10
2 1
2 14
8 0
4 8
1 7
1 1
7 6
14 4

25 11
20
21 0
6 1
10 4
2 5
11 8
15 2
7 2
9 2
10 4
0 7
12 3
14 2
16 8
1 8
9 5
23 0
21 10
21 0
16 9
19 4
12 5

7 26
54
1 18
1 16
1 19
4 16
5 23
5 11
0 18
5 2
2 12
0 3
1 14
2 21
4 20
4 14
4 9
0 2
4 10
1 22
6 7
3 9
6 14
0 10
3 7
5 0
4 15
6 7
0 16
2 9
1 21
5 7
3 1
4 24
6 25
0 22
2 1
0 0
1 21
3 25
2 3
1 4
4 11
3 13
2 5
1 18
2 6
1 11
3 13
6 16
6 11
4 17
1 21
5 24
3 17
4 20
20 3

26 29
214
16 15
15 15
20 26
9 9
0 16
21 22
8 13
0 24
7 27
0 2
1 6
13 9
12 24
5 3
20 18
12 19
24 14
11 10
12 7
17 9
15 18
7 26
10 22
3 23
13 16
3 7
14 7
12 12
4 9
5 26
12 19
9 0
3 14
18 4
17 22
14 10
18 12
20 16
14 7
13 18
1 13
19 26
4 16
16 28
19 1
12 19
2 24
7 14
0 19
0 20
25 10
22 25
23 27
11 27
8 12
6 16
9 11
23 4
24 12
15 6
0 5
1 22
22 20
7 5
10 22
15 11
10 11
8 4
0 28
12 15
4 3
17 13
10 10
10 7
2 9
4 24
24 25
19 26
20 18
22 22
1 11
18 24
17 4
0 3
1 18
13 0
19 7
0 5
13 21
8 19
0 0
8 22
16 21
11 26
22 7
9 18
5 14
6 1
13 9
20 20
17 19
20 7
24 6
6 20
14 15
18 0
10 12
13 1
7 11
18 3
11 5
25 6
13 0
20 22
16 2
2 21
7 17
8 27
21 22
5 20
21 8
4 26
15 7
4 9
22 12
19 13
25 16
17 2
4 11
11 7
20 14
4 16
8 0
7 6
10 3
0 15
25 8
5 25
3 6
7 13
11 21
14 11
12 16
14 26
10 13
3 26
11 11
1 9
14 4
23 4
8 6
21 0
21 23
13 11
8 1
16 25
24 17
21 19
2 18
1 15
21 6
0 2
21 23
20 20
14 14
16 2
17 1
19 20
10 2
7 0
23 24
4 17
19 14
20 25
19 4
6 9
23 13
4 28
6 3
15 5
16 22
4 14
13 11
16 23
5 16
5 15
19 8
22 19
12 18
10 27
13 21
7 14
0 7
23 27
15 19
24 12
18 23
18 3
23 13
21 7
19 5
5 24
8 21
3 13
11 14
3 28
1 23
11 25
9 2
8 19
15 20
4 26
22 12
12 12
29 4

47 38
515
28 18
27 2
12 21
14 28
22 37
25 18
13 11
24 32
2 37
36 2
43 27
19 8
28 29
8 11
9 5
29 16
1 34
37 26
22 34
7 14
36 22
0 28
35 35
19 26
33 30
29 24
35 14
29 21
21 5
23 10
12 13
10 26
28 5
46 36
33 0
11 35
35 33
7 22
30 16
10 34
20 2
18 32
9 28
5 23
7 35
9 37
19 29
32 5
14 36
32 37
23 29
7 11
22 36
4 9
3 31
40 7
4 20
38 4
26 16
27 4
6 35
4 21
33 5
15 21
9 35
12 19
42 25
45 5
1 37
33 14
42 10
44 30
24 35
44 11
26 1
39 16
25 29
43 3
0 21
42 8
45 33
13 10
11 12
4 37
28 0
24 17
22 24
41 29
2 34
29 34
4 33
2 24
33 8
41 9
27 33
36 6
18 33
12 32
46 31
22 0
1 33
46 30
18 31
38 36
30 3
4 27
6 1
28 31
21 24
15 26
8 30
44 19
44 23
43 30
10 5
22 36
17 13
12 23
18 0
26 9
27 5
39 35
31 26
40 29
14 32
45 30
24 24
4 32
8 2
8 25
9 13
37 3
3 9
12 14
10 3
20 12
29 18
38 9
38 29
25 19
27 37
17 12
28 8
21 34
19 9
22 4
17 21
4 30
4 33
1 19
30 29
4 9
8 25
41 29
23 36
25 30
39 17
3 28
31 29
17 21
5 35
28 20
2 7
7 21
13 29
36 20
0 18
8 27
19 9
41 27
40 37
12 17
6 8
31 23
24 33
16 35
2 1
30 10
5 0
19 1
12 35
10 9
34 31
20 10
19 30
26 37
4 1
11 24
9 13
40 12
43 17
24 9
27 22
24 14
6 29
42 7
14 5
1 3
8 32
4 9
38 25
11 22
4 27
32 31
0 30
10 0
44 13
41 14
26 25
24 26
35 19
43 5
22 14
35 6
28 10
35 13
25 30
28 31
7 13
32 37
8 6
4 10
20 24
10 28
30 26
3 19
46 27
33 5
11 4
39 6
28 13
13 23
28 22
32 20
37 8
16 29
12 2
35 5
7 36
13 32
17 0
46 11
33 31
31 0
38 4
5 7
35 22
14 2
23 13
26 10
17 18
10 31
13 16
32 5
19 22
31 15
39 7
14 0
43 5
14 28
13 29
45 1
32 21
26 3
28 26
37 5
11 16
33 20
8 33
22 2
36 36
12 4
42 19
20 15
26 34
27 25
39 7
40 31
31 37
30 16
1 3
45 29
0 27
16 28
41 34
30 3
36 32
5 7
39 1
8 17
29 11
4 37
37 26
15 1
42 4
37 30
18 0
15 26
29 18
3 14
33 27
46 20
9 5
32 6
32 4
1 16
24 12
17 36
25 36
23 1
32 37
8 2
39 7
31 10
28 25
19 32
23 33
21 6
28 33
44 13
10 37
14 12
5 18
36 21
16 31
4 24
1 25
34 22
32 33
43 1
38 17
13 32
17 32
18 19
3 23
6 16
15 21
25 10
0 3
9 21
29 27
39 0
8 2
22 22
43 36
9 16
12 28
23 32
38 22
44 35
26 3
8 34
34 17
10 12
44 24
6 2
23 3
13 4
31 19
10 8
22 7
23 37
27 10
24 19
29 35
16 26
20 15
15 14
31 35
22 21
21 15
42 11
25 8
34 26
45 24
27 17
25 4
15 25
7 21
21 8
43 5
25 1
37 13
45 26
26 15
23 30
24 20
37 4
41 25
5 10
30 17
16 15
24 30
10 33
26 1
17 11
2 14
3 5
42 16
36 30
42 25
3 31
19 1
10 25
43 29
23 15
18 16
14 15
46 5
21 18
42 19
45 34
35 16
35 20
28 30
0 29
44 27
28 11
25 5
0 11
17 0
23 5
38 18
6 30
43 34
32 32
36 28
32 32
21 4
40 37
38 19
27 27
42 12
28 26
34 23
3 17
39 4
27 3
33 27
35 16
30 26
32 24
10 1
17 21
39 19
36 20
32 16
32 21
1 14
15 26
44 26
22 36
30 19
24 3
14 31
0 22
9 19
10 9
3 29
40 30
39 35
26 13
36 21
8 8
36 35
32 9
17 36
9 12
13 10
15 10
26 7
33 21
29 37
42 35
42 1
13 0
35 21
11 31
41 17
38 25
40 9
18 10
45 27
25 18
27 32
38 7
43 11
19 4
17 28
0 7
36 20
23 28
43 12
39 21
4 4
23 33
0 22
42 3
28 37
2 20
14 28
9 19
0 25
4 35
34 2
27 21
17 14
9 26
32 13
33 15
8 37
8 24
8 29
23 37
46 28
18 5

43 46
10
22 21
27 12
38 21
37 37
37 21
2 35
16 42
4 45
18 9
25 25
15 3

22 42
297
11 30
9 23
17 18
2 39
8 32
18 23
6 27
5 31
4 25
0 30
18 12
11 17
18 17
20 22
10 13
1 37
3 39
12 25
21 36
6 22
1 33
7 24
13 0
12 18
15 37
15 22
20 0
14 5
10 40
7 25
0 35
18 39
15 12
3 19
9 33
19 2
2 20
1 25
11 15
0 27
13 20
1 3
9 27
12 25
15 39
17 36
20 11
3 4
13 24
0 13
8 13
12 36
20 11
6 6
21 37
0 27
11 7
16 9
5 35
8 31
15 18
5 32
17 24
0 25
7 16
7 23
20 23
19 7
8 1
0 35
2 33
14 23
13 38
1 39
21 15
16 5
5 8
16 8
15 29
17 38
7 1
15 41
15 41
15 4
4 24
2 40
12 8
3 13
13 31
4 37
7 18
17 30
3 11
19 38
2 2
14 13
12 24
19 24
15 27
10 11
2 15
19 3
5 7
3 39
16 9
9 33
20 12
12 14
21 25
9 2
13 9
16 6
16 40
18 4
6 22
12 12
5 22
10 20
1 12
10 18
1 41
0 3
3 31
21 15
20 34
0 7
1 17
18 8
17 40
6 20
15 9
2 19
5 8
7 41
11 24
6 14
17 7
17 11
21 20
13 38
7 19
16 29
3 31
18 6
6 11
14 36
10 9
19 39
5 10
21 21
19 11
8 18
18 12
12 39
21 38
3 24
8 24
7 4
17 19
0 27
16 5
3 8
21 23
4 1
11 36
17 23
13 40
12 3
2 37
15 20
10 24
14 24
19 29
1 4
8 17
2 8
2 18
9 24
6 11
2 39
10 34
17 18
8 40
17 16
4 38
16 3
21 21
16 13
0 31
6 22
13 23
7 15
11 40
13 19
12 2
7 26
2 20
3 24
4 29
17 6
11 22
13 35
15 18
15 5
7 0
5 12
10 21
21 3
1 26
3 28
11 18
14 19
15 24
11 19
1 35
7 2
16 10
1 35
19 14
3 9
6 27
3 36
21 27
14 34
16 28
16 26
0 3
1 25
1 37
21 38
20 0
21 26
11 16
14 10
17 36
16 33
7 35
13 25
3 40
7 10
4 33
21 20
7 15
8 2
5 21
6 32
7 30
3 17
16 7
13 2
9 4
19 14
17 28
2 37
14 40
3 28
21 14
0 31
19 4
3 4
21 23
11 31
10 20
3 16
11 21
13 26
21 19
6 13
15 36
21 24
2 1
13 39
9 14
1 1
12 3
14 38
4 2
14 6
16 37
0 25
17 0
20 34
12 30
1 13
5 15
20 10
3 37
16 32
19 21
10 31
6 13
6 15
3 28
4 37
15 0
12 7
19 18
20 4

26 47
405
3 36
7 41
14 44
19 26
7 38
13 33
17 35
6 20
20 44
6 11
3 39
10 35
13 32
16 22
12 15
23 8
25 26
5 27
20 9
22 31
9 31
4 1
20 32
2 36
10 31
13 27
22 12
16 20
14 13
4 35
24 20
10 9
0 21
13 22
8 8
23 42
4 39
19 24
22 0
22 31
7 41
1 45
2 36
16 32
24 36
23 21
21 4
0 2
10 4
6 9
3 19
22 31
25 0
17 40
12 29
16 46
11 27
13 15
16 44
14 8
2 11
14 5
22 44
23 1
7 4
18 7
8 38
10 44
6 1
10 5
0 1
24 4
3 35
19 15
1 41
5 36
21 31
4 35
15 9
3 41
11 26
11 41
9 0
24 40
22 8
17 21
22 26
2 6
11 12
3 12
10 15
15 6
25 16
20 33
10 10
5 12
0 4
16 4
2 33
22 6
10 36
10 29
24 11
12 7
23 16
13 28
12 35
19 27
19 7
17 9
14 21
20 3
2 45
15 13
13 36
19 0
8 44
5 13
23 46
24 3
22 35
9 42
0 7
13 31
15 3
4 29
10 42
20 11
14 37
19 3
15 42
2 37
2 39
19 20
11 40
19 5
24 20
10 43
25 42
10 20
3 16
20 6
25 21
19 43
15 40
1 11
19 46
20 1
7 45
22 1
21 15
15 10
6 17
23 27
6 14
7 18
22 12
3 19
13 5
1 31
10 34
19 0
4 24
9 7
20 45
13 9
11 10
11 13
5 41
23 45
21 7
15 24
16 46
14 10
20 40
18 18
3 26
20 23
12 23
15 32
15 17
20 41
15 31
22 17
19 7
5 21
13 8
23 34
12 23
25 10
18 7
12 38
19 45
1 24
11 28
8 8
22 38
21 38
8 16
24 9
6 41
12 7
13 2
7 23
9 39
5 42
7 11
22 24
17 23
23 30
19 15
23 0
16 36
20 22
0 7
5 27
11 5
19 5
7 10
15 35
6 29
12 14
6 41
1 1
12 14
23 7
1 34
22 7
6 20
20 30
2 12
24 20
5 10
8 30
20 8
3 0
25 13
12 23
2 37
21 10
19 24
17 34
4 34
6 11
14 38
5 11
1 7
8 23
19 43
14 0
11 11
18 19
9 41
9 25
24 24
22 14
21 15
23 45
1 5
4 5
10 33
0 16
0 24
18 14
13 44
4 9
12 9
23 28
11 37
0 44
25 12
13 32
16 21
2 16
5 14
15 35
0 21
0 46
0 40
10 1
24 19
22 38
2 37
10 17
22 15
7 38
20 25
2 31
18 36
12 21
2 27
11 20
10 22
19 35
12 14
18 18
3 46
11 39
0 17
5 12
23 38
24 46
6 24
5 0
24 35
4 4
2 46
2 3
24 42
1 8
9 29
14 29
2 12
21 46
13 42
14 21
12 41
20 12
15 29
0 16
14 16
25 30
24 42
0 21
22 6
7 26
22 26
6 32
17 4
0 5
19 39
25 43
4 29
15 16
23 16
19 29
3 22
8 26
12 16
1 11
23 45
7 3
23 2
1 28
24 35
22 0
11 30
8 18
8 37
0 38
23 41
5 8
12 11
11 40
1 8
17 1
16 28
6 41
19 36
22 11
21 30
17 41
25 27
4 43
12 14
6 34
16 15
24 9
3 9
20 18
11 13
8 14
23 30
18 44
13 10
4 3
18 18
2 19
11 36
7 20
5 20
9 43
0 12
22 9
11 18
22 26
20 11
7 10
7 28
8 30
22 38
9 34
22 39
0 42
0 38
7 36
25 31
2 9
2 16
2 39
12 4
0 9
14 36
22 19
12 30
6 5

45 20
36
38 18
31 10
17 13
4 8
4 14
13 2
34 4
34 10
39 2
42 9
31 0
0 10
21 7
27 17
0 1
0 14
5 1
9 4
41 19
9 8
28 2
16 7
10 14
28 3
12 7
15 4
22 19
16 3
12 7
41 5
28 10
2 15
3 9
20 15
26 13
28 19
19 2

24 34
104
22 28
6 20
20 18
21 21
14 8
5 31
16 20
14 28
0 16
10 23
11 7
11 33
19 17
5 33
12 8
23 28
17 28
12 16
20 25
2 26
0 13
15 14
7 24
17 27
5 32
14 27
1 31
11 32
10 21
12 5
21 8
12 9
10 17
10 5
9 28
18 7
22 5
6 22
16 20
11 0
9 11
23 27
5 31
3 17
4 8
12 20
12 19
16 7
15 3
19 17
23 9
16 23
3 21
10 18
17 10
19 24
6 16
12 1
0 32
10 18
14 7
7 29
2 14
1 12
8 7
15 12
19 28
22 23
14 14
1 11
20 4
2 31
4 25
21 21
23 28
8 32
7 25
11 3
22 7
1 3
5 15
0 16
9 20
14 23
20 14
13 3
2 13
22 1
13 8
11 27
10 10
12 14
3 3
15 27
14 13
0 6
5 17
0 14
8 6
13 11
7 19
18 22
13 7
1 4
9 3

50 17
123
0 12
36 13
0 1
46 1
15 6
28 9
7 0
3 14
4 3
18 5
2 8
23 15
40 15
31 10
15 5
19 2
19 10
27 6
47 7
39 10
13 4
3 10
47 4
29 13
37 5
38 0
21 2
20 14
23 7
18 1
7 7
30 6
9 10
25 15
19 0
39 6
49 11
40 15
0 9
6 8
1 3
39 0
15 12
20 5
43 14
35 5
29 7
46 6
10 13
33 13
10 8
31 1
20 1
27 13
13 6
11 7
11 9
28 5
18 8
0 15
3 4
4 4
32 2
26 14
49 0
0 10
13 7
48 8
46 6
9 16
21 5
45 15
28 6
39 3
0 13
5 13
11 9
37 14
4 4
47 8
29 4
39 12
26 1
21 9
30 0
47 3
8 11
38 7
15 10
30 3
15 5
37 14
4 11
49 5
21 9
22 11
33 5
20 2
40 12
32 0
10 4
24 7
36 3
48 0
18 8
17 0
43 12
24 4
8 2
29 10
48 9
27 8
35 3
8 4
8 5
28 15
34 9
49 8
42 9
27 2
11 16
27 5
6 11
16 3

38 48
189
35 18
8 5
16 21
37 38
33 19
22 41
20 4
17 33
32 47
21 19
29 27
19 7
6 11
22 32
27 23
15 2
9 0
19 12
4 44
22 1
30 29
31 41
16 30
26 15
31 47
18 41
14 41
0 47
12 7
8 40
28 36
17 30
23 42
29 44
12 24
32 2
29 28
34 43
16 13
8 42
6 14
16 23
0 40
3 23
15 38
3 13
8 47
12 31
32 4
3 5
25 3
13 16
7 37
30 23
2 27
24 31
16 37
6 45
18 1
4 46
13 26
11 33
36 43
4 22
36 0
15 37
10 15
32 18
4 27
18 33
27 16
5 21
13 45
17 8
18 34
1 32
34 16
8 41
9 44
10 24
33 44
28 27
2 25
11 40
4 9
7 21
3 31
18 17
21 47
13 44
13 38
36 43
22 43
6 17
31 43
30 25
32 4
25 11
16 46
31 2
12 20
22 14
36 46
36 11
33 34
1 3
0 18
15 3
20 36
29 36
33 44
2 15
22 47
4 34
1 23
36 6
18 22
23 36
32 33
27 28
18 24
14 38
28 43
21 8
10 27
35 40
5 16
16 0
4 38
28 39
29 4
9 18
35 47
2 19
2 26
18 17
17 2
19 0
28 45
16 16
24 45
15 8
8 10
25 35
36 36
9 16
29 8
18 18
31 35
35 34
18 33
7 29
33 39
29 25
34 8
1 4
28 7
30 29
13 37
14 32
32 19
29 2
21 38
34 4
32 29
8 24
14 34
29 30
30 18
24 39
20 42
33 40
16 38
18 36
27 26
24 22
13 37
26 2
17 26
34 5
36 1
17 17
12 36
17 40
31 25
24 32
27 20
26 27
18 2
22 1

42 39
326
35 25
10 18
37 14
25 29
19 15
29 17
19 31
20 22
5 20
35 23
14 23
37 22
39 30
15 22
3 33
28 18
0 4
22 11
1 11
3 32
21 38
22 21
6 30
5 6
1 20
13 13
6 8
27 15
14 0
12 31
9 32
18 11
22 11
32 1
40 26
19 5
24 7
8 18
10 27
30 22
14 8
19 8
14 18
36 2
22 16
17 1
1 14
23 22
41 14
1 11
13 5
32 3
11 36
17 7
15 37
11 11
20 24
34 15
13 29
17 12
27 2
39 24
41 18
22 25
9 7
29 34
36 0
25 4
9 2
13 27
27 2
35 9
13 26
25 11
33 35
24 33
0 22
5 8
22 11
19 30
15 5
31 15
27 2
19 3
16 34
36 5
25 15
33 11
10 18
16 24
28 22
30 33
19 14
15 9
34 23
5 17
19 0
33 14
32 21
15 14
31 35
39 23
27 36
23 35
21 3
19 26
24 15
33 8
29 27
15 0
22 17
40 30
15 2
15 10
12 6
20 18
41 33
2 14
4 5
15 33
24 22
17 2
27 32
36 5
0 13
26 33
31 18
21 31
31 30
27 3
39 8
38 30
8 23
7 32
39 27
33 3
38 32
35 10
2 38
22 0
8 34
36 13
21 34
2 13
41 3
41 15
30 26
19 0
34 35
18 11
9 17
35 25
12 1
13 31
21 22
31 34
14 16
41 4
12 21
8 38
22 17
38 4
29 31
9 32
21 7
39 10
41 37
0 29
0 36
21 30
29 33
27 35
26 15
5 16
19 38
34 23
10 36
34 21
28 12
22 1
18 25
37 18
19 4
39 28
21 20
31 24
29 26
21 31
7 1
12 0
29 2
13 30
32 6
24 26
10 29
34 30
16 9
20 16
39 8
39 3
39 6
34 33
20 22
28 12
13 23
13 6
9 12
37 27
15 7
25 25
13 33
2 24
10 19
13 15
2 33
39 3
2 3
33 15
12 14
38 1
22 19
32 32
41 22
18 16
16 9
27 37
36 36
28 36
17 34
21 11
24 18
22 32
16 6
9 17
9 2
1 23
23 23
41 34
22 10
17 20
32 12
20 17
4 9
1 1
39 30
39 16
28 21
2 33
20 2
34 9
13 7
11 25
28 22
38 22
2 36
10 6
0 37
19 31
4 37
31 14
39 35
30 34
33 34
32 4
18 27
16 33
7 37
30 27
24 30
17 36
10 5
36 30
13 21
34 9
16 10
14 22
19 27
9 0
12 4
26 36
2 3
27 22
41 36
18 32
11 3
24 28
39 30
18 6
20 7
14 9
35 12
37 35
34 34
37 3
9 2
38 29
41 3
27 4
20 27
18 9
36 37
35 21
0 16
11 10
7 14
1 9
0 3
7 8
6 3
28 33
39 6
10 9
27 28
5 35
13 16
34 12
31 37
15 26
15 17
40 15
1 22
12 36
38 16
29 33
16 6
25 33
23 4

28 18
9
7 4
21 2
20 2
0 1
4 14
10 12
21 11
26 0
14 4
6 5

43 38
154
29 5
34 5
26 18
10 6
27 6
16 17
8 3
16 11
22 24
9 7
31 31
19 29
21 34
42 2
11 14
24 3
9 1
8 37
13 30
42 29
4 21
7 34
36 22
3 29
30 6
23 32
22 17
26 1
33 0
42 8
11 25
18 26
0 12
10 33
0 29
35 19
11 21
9 4
2 15
18 35
19 15
30 4
24 20
29 8
10 17
24 32
31 25
5 24
31 28
38 13
31 10
2 36
34 3
34 20
38 31
37 23
39 27
21 36
37 4
8 0
4 37
21 27
31 8
6 2
25 35
33 33
36 34
34 6
2 8
14 5
15 8
34 0
13 16
23 16
12 28
8 24
29 28
42 5
10 19
9 23
21 5
7 12
26 30
40 36
18 19
42 16
21 17
7 24
33 37
25 27
32 29
12 22
15 18
1 36
7 24
10 0
17 15
23 36
11 10
28 33
40 15
15 8
8 0
25 23
8 24
9 31
41 30
4 19
29 16
35 16
17 15
32 3
42 27
37 22
6 24
36 9
20 16
13 29
42 10
12 2
2 27
5 3
9 28
34 23
29 16
10 11
4 23
26 7
26 37
17 20
41 31
14 21
12 13
1 9
0 18
40 36
38 28
5 30
38 30
23 36
38 15
42 22
1 5
3 30
26 23
3 19
27 27
39 23
20 28
39 30
18 12
30 24
25 19
12 20
5 5

14 14
95
3 9
2 10
2 0
5 9
0 6
13 9
6 7
0 7
7 7
2 9
1 7
2 1
1 8
8 5
13 11
5 0
4 4
8 1
6 12
9 4
13 9
1 3
10 7
13 2
11 6
3 5
1 5
7 12
5 8
1 12
10 11
8 13
10 8
1 5
5 3
0 6
7 8
0 13
1 11
8 13
11 1
0 7
9 7
10 1
10 7
0 8
9 8
7 3
8 4
2 9
1 7
12 9
2 8
4 8
4 3
6 3
9 9
7 11
9 0
4 3
13 2
9 5
5 2
10 5
0 0
4 13
11 0
11 0
0 13
1 5
5 10
6 7
12 3
7 4
3 9
9 4
3 4
0 4
9 9
7 11
9 8
5 12
1 0
11 7
2 12
1 2
6 9
8 8
5 6
5 7
12 10
12 3
4 8
0 11
12 7
10 4