22

36 9
24
28 2
18 6
28 8
24 1
35 8
23 8
32 8
17 2
11 3
18 8
32 3
3 7
11 6
1 8
26 2
31 1
35 3
35 7
17 4
18 3
5 2
35 2
2 4
2 1
25 2

39 25
96
4 12
5 8
7 1
32 24
30 16
32 14
30 2
18 2
12 16
22 21
38 8
12 24
13 10
20 7
11 7
11 12
16 14
33 19
8 4
24 3
0 0
14 11
1 21
4 17
20 19
1 2
16 3
18 2
12 16
19 17
25 15
35 17
27 5
38 9
21 19
35 0
13 13
3 13
29 24
21 20
3 16
0 0
14 19
15 1
32 15
7 13
23 10
6 23
2 10
14 16
27 8
10 13
13 21
27 15
33 3
10 5
10 6
10 7
20 8
4 15
10 3
16 1
21 19
32 8
34 17
11 14
34 4
29 2
5 15
27 14
25 18
4 1
23 19
18 21
7 16
3 0
30 11
9 12
37 1
1 9
20 18
38 3
22 5
14 7
7 2
13 8
8 2
29 24
37 18
22 6
16 1
7 11
9 4
32 21
23 0
24 9
6 1

20 38
196
18 8
5 34
13 36
14 11
15 34
17 14
1 19
14 6
4 36
6 18
16 30
2 18
14 31
14 13
18 11
7 35
19 32
1 2
18 34
15 7
11 17
11 33
11 2
10 17
19 24
7 23
13 25
12 28
4 19
4 25
18 0
15 32
19 3
3 20
12 20
13 4
1 26
4 34
11 4
6 3
6 13
9 12
17 36
5 16
13 16
10 13
18 32
9 25
5 32
7 1
1 33
12 28
4 4
11 14
10 24
18 1
15 37
17 11
6 24
2 2
10 27
14 35
15 1
0 3
3 33
18 18
0 34
7 37
15 28
7 22
13 12
17 31
6 36
14 29
8 14
17 9
0 19
2 27
8 29
17 29
5 28
12 10
15 15
15 27
3 7
18 36
0 2
16 2
7 24
7 34
15 7
16 28
2 3
19 17
14 12
13 28
2 17
16 3
14 25
15 17
3 4
8 32
10 2
16 1
10 2
7 14
13 24
11 27
7 21
5 8
14 2
13 19
6 25
3 30
2 21
11 31
10 3
5 13
3 4
16 35
3 3
17 16
10 18
10 2
9 37
14 29
11 8
17 4
9 34
18 18
19 6
16 7
9 7
19 19
12 27
8 28
15 27
4 3
9 2
16 20
5 28
0 1
9 34
2 11
18 10
7 19
2 3
12 7
12 32
9 31
6 11
4 3
1 27
15 26
17 12
7 8
12 32
19 33
2 24
16 35
15 30
18 10
5 26
12 5
6 7
5 31
14 28
8 27
16 31
11 15
2 25
6 7
7 36
12 23
2 25
12 30
6 21
18 4
4 18
1 33
17 17
10 19
16 5
19 17
18 3
12 17
8 32
16 5
8 22
5 26
16 32
0 21
6 14
5 15
5 27
7 15
29 5

12 6
29
11 3
11 3
11 3
3 4
10 0
4 2
11 4
2 1
5 5
4 1
4 4
3 1
5 1
11 3
5 2
6 4
7 0
6 2
6 0
3 4
5 2
2 2
7 4
10 1
7 2
3 3
9 5
6 0
10 0
24 1

8 48
136
1 5
3 23
1 9
2 41
6 27
7 17
5 25
5 19
0 25
3 25
4 31
1 47
7 37
0 18
0 27
4 18
7 0
3 24
3 37
2 6
1 46
0 14
6 14
3 7
2 29
1 33
6 39
7 27
2 14
1 18
4 37
4 32
6 3
4 5
0 36
5 14
2 34
2 30
0 18
5 28
0 42
1 22
0 28
3 3
7 8
1 44
7 26
7 25
1 6
6 23
0 20
1 4
1 38
1 30
3 5
1 35
6 31
7 47
3 21
0 9
2 15
1 25
7 42
1 17
5 32
1 42
5 7
0 0
5 44
2 24
1 34
4 38
4 42
5 42
3 37
3 6
0 35
7 23
4 34
7 7
2 15
0 28
4 35
4 44
0 23
3 23
4 34
4 29
3 30
4 17
4 32
5 32
1 11
2 21
7 29
3 26
6 43
0 17
6 27
0 26
5 41
2 36
2 32
0 7
4 27
3 11
7 39
1 24
4 46
1 33
7 21
5 2
6 14
0 26
4 18
2 32
4 26
4 26
2 4
4 38
4 12
1 28
0 30
7 28
3 20
3 22
1 20
0 5
3 1
1 43
0 35
7 3
2 5
3 33
7 3
0 9
24 1

39 25
273
24 14
7 3
28 1
34 19
26 1
35 1
9 3
0 8
12 0
15 22
31 19
37 2
13 15
30 0
17 13
17 4
13 15
33 1
22 22
20 15
21 23
32 21
25 11
3 20
0 13
29 15
29 8
10 24
32 20
0 16
32 16
26 12
35 24
32 20
12 7
3 1
23 22
13 13
32 5
21 23
13 19
33 6
19 3
29 19
13 14
0 15
33 5
23 9
16 11
4 2
30 0
31 11
37 22
35 23
32 13
16 19
5 19
28 9
35 6
13 17
11 1
11 6
4 21
28 11
1 9
19 13
33 6
11 20
5 5
20 16
8 15
24 15
1 21
24 18
0 4
1 15
26 23
31 3
26 11
38 24
25 4
22 1
3 21
31 11
23 10
4 8
6 15
12 7
35 0
3 4
5 19
30 16
30 7
36 17
21 3
18 17
2 16
28 15
20 13
27 9
36 23
31 1
25 7
30 20
32 2
3 1
8 4
21 2
22 0
23 18
1 1
14 11
34 16
19 15
10 20
37 23
34 7
8 21
17 20
5 19
7 4
17 10
8 22
6 6
13 22
34 4
3 13
26 11
17 18
6 12
17 15
26 3
29 24
4 0
31 24
11 13
33 5
36 6
24 1
36 13
16 14
38 10
6 9
14 9
2 5
17 3
4 13
31 14
13 23
15 20
21 12
10 5
1 9
15 2
29 21
0 10
16 17
21 9
4 14
5 8
5 15
25 1
1 3
17 5
10 14
5 21
33 17
17 20
3 13
6 13
23 21
4 9
26 24
8 14
29 12
20 18
10 17
26 19
12 10
7 19
21 0
5 20
0 1
17 16
28 9
35 18
26 12
17 24
12 3
9 11
7 22
13 12
20 1
20 17
38 24
32 18
22 9
35 7
30 5
6 5
23 2
7 0
32 19
27 9
26 6
33 1
19 2
19 14
19 5
18 9
1 7
10 5
7 2
0 12
10 4
13 9
3 21
31 9
8 0
24 1
7 17
36 8
24 6
14 24
38 12
27 5
5 12
30 2
5 1
34 18
13 2
26 24
28 14
15 8
9 15
35 5
8 9
19 9
32 19
23 21
14 8
9 5
27 17
2 15
9 9
0 15
22 5
23 4
24 24
35 6
3 3
18 0
27 1
27 24
15 7
6 24
7 20
9 19
25 3
22 10
22 15
23 19
11 17
21 16
17 13
38 12
15 6
20 2
22 11
2 21
26 2
3 0
6 11
10 5

38 19
177
11 15
21 18
22 1
3 0
1 12
2 13
13 1
9 2
28 15
15 6
36 7
5 4
20 8
29 1
16 8
25 6
25 7
2 16
33 4
3 12
15 9
0 15
37 10
17 4
15 12
24 10
8 13
3 18
11 9
6 13
16 10
3 15
3 10
3 18
20 16
33 3
4 0
29 6
26 8
36 17
17 17
31 16
31 6
4 16
9 4
25 2
36 1
15 11
20 14
3 12
18 6
19 4
8 14
19 10
15 0
22 13
14 3
19 13
5 12
8 17
24 16
11 1
18 18
27 15
15 1
10 3
27 14
8 17
36 10
17 11
12 8
20 6
22 15
22 16
1 17
27 9
24 11
0 18
3 12
7 16
21 11
27 15
37 13
17 5
0 3
12 17
23 16
0 9
12 14
31 1
6 0
1 12
18 1
37 6
20 15
34 16
4 5
7 8
17 13
30 14
30 3
4 6
14 2
21 1
15 6
33 16
9 13
2 17
11 4
30 1
13 12
18 0
29 7
17 16
14 3
17 13
25 2
26 12
35 9
10 4
9 10
35 9
20 6
36 17
36 4
37 18
0 10
32 18
29 13
12 3
22 16
23 4
12 3
0 1
28 3
26 6
28 0
32 6
10 0
17 10
15 3
18 12
6 12
7 11
28 11
31 2
31 18
9 2
8 4
0 0
13 8
2 9
24 13
1 15
29 9
24 17
14 3
1 12
35 10
21 0
24 18
35 1
4 12
14 7
33 0
4 8
34 3
0 0
9 0
11 11
11 0
12 10
9 18
31 4
34 16
13 18
17 13
11 1

5 27
7
0 7
4 3
3 22
4 8
1 9
2 3
0 15
7 4

15 35
26
11 10
13 15
10 2
14 34
12 23
13 10
9 33
10 22
11 6
9 1
13 2
9 32
0 6
13 8
10 28
7 29
2 8
5 8
13 6
6 2
8 34
2 23
13 20
10 10
8 21
11 32
10 1

42 36
706
19 0
24 31
8 10
6 9
5 31
37 7
11 23
1 20
14 1
39 1
41 27
21 30
12 31
33 2
41 6
23 1
31 12
29 13
23 13
26 25
13 28
3 23
3 30
35 10
34 8
11 35
0 33
8 19
11 8
35 8
4 12
38 0
16 34
39 22
19 28
0 11
31 5
0 2
1 21
13 34
29 6
6 0
27 33
7 11
2 23
21 23
11 29
3 7
9 7
15 2
28 18
20 30
1 26
20 22
35 33
18 30
8 11
22 29
23 20
13 25
21 27
0 19
8 34
16 4
30 23
19 24
24 6
3 16
38 9
13 12
12 10
4 1
16 35
8 27
27 28
15 31
39 9
7 25
28 28
2 8
34 28
1 24
16 22
37 30
38 11
0 1
12 31
16 24
24 16
24 7
1 16
25 22
16 15
10 8
24 21
31 24
13 35
38 23
11 30
33 35
12 19
20 22
4 18
31 4
38 26
24 3
5 15
3 13
12 22
36 34
6 5
32 35
30 12
38 7
29 18
28 14
25 20
21 0
22 31
36 24
1 12
7 1
10 5
25 3
3 30
23 24
0 26
8 26
40 2
34 7
32 25
6 19
29 32
41 19
26 35
25 21
13 23
36 9
37 2
23 26
1 23
23 0
33 5
33 1
34 8
1 20
10 19
37 24
23 34
14 10
0 5
35 3
24 6
0 4
30 31
27 30
39 31
39 34
7 4
22 21
26 12
19 19
9 2
36 10
3 3
37 10
22 28
22 32
37 17
15 33
3 18
3 1
16 28
38 27
11 19
30 33
30 15
12 34
4 18
35 30
12 32
25 23
34 15
10 7
32 4
39 5
32 5
19 15
10 30
7 13
15 5
12 21
13 11
3 13
32 18
16 21
3 30
29 23
41 17
27 25
35 28
28 34
39 17
28 24
24 16
19 22
25 22
41 21
7 16
1 18
26 28
8 29
5 21
10 18
10 31
33 35
35 2
7 24
27 23
2 11
17 25
11 20
26 17
40 27
15 9
22 0
7 28
31 30
31 25
21 13
20 29
29 29
11 4
36 13
4 3
39 10
2 20
16 11
12 12
38 17
32 17
6 22
3 32
36 24
14 26
22 20
19 4
32 34
31 25
2 28
29 13
11 24
25 22
27 24
24 17
24 24
18 33
10 24
28 28
14 25
33 7
3 27
36 24
34 25
4 30
41 12
37 24
29 11
9 3
4 27
31 32
28 1
22 35
14 23
38 14
35 23
14 30
36 26
24 3
9 11
14 31
13 2
7 17
38 25
41 3
40 23
13 25
40 20
20 20
24 7
17 4
11 18
20 26
13 14
18 8
38 24
34 35
6 3
2 32
27 17
6 18
31 5
2 34
34 20
31 7
15 0
9 9
3 8
27 13
27 22
23 35
6 30
37 1
22 2
35 4
21 11
15 0
10 0
17 18
21 26
3 11
21 19
2 0
14 13
37 11
18 20
12 18
37 22
17 33
8 34
3 22
10 23
40 9
22 1
8 30
27 26
23 11
24 5
14 5
15 12
9 17
7 21
40 1
7 26
39 19
12 16
34 25
8 32
38 15
41 25
13 30
29 19
21 3
33 28
14 28
19 32
28 23
30 24
30 30
13 4
17 28
2 11
12 4
18 5
29 1
10 24
11 12
34 13
34 33
23 24
4 7
8 2
30 25
13 16
34 15
15 4
25 23
40 29
40 17
40 1
3 0
19 17
27 1
37 10
15 9
8 21
4 3
24 12
13 15
12 30
2 20
29 4
12 5
36 25
3 33
8 20
25 33
9 20
28 16
31 9
0 22
36 9
38 12
12 21
30 18
20 22
15 0
22 6
3 15
4 27
39 13
24 17
37 35
27 34
18 28
26 33
27 22
6 26
26 23
11 4
34 35
15 0
12 18
40 9
1 7
31 26
37 27
28 24
18 9
35 28
32 30
12 25
20 13
40 9
21 14
29 6
41 20
27 20
10 21
15 25
19 35
28 2
19 26
0 18
13 16
33 8
5 6
35 31
21 4
40 35
2 10
40 28
39 28
21 2
7 3
38 12
4 30
28 12
22 14
9 8
11 2
14 18
30 12
6 19
29 34
6 14
26 10
30 9
32 26
41 31
9 12
34 17
2 32
31 6
24 2
21 15
2 22
13 5
10 15
11 9
37 34
4 31
39 25
28 28
18 34
30 32
12 16
21 34
0 13
16 2
25 34
9 24
5 35
20 11
22 9
10 11
19 2
7 10
21 0
32 12
17 6
39 19
30 29
20 24
15 30
17 3
37 34
28 28
36 28
15 31
1 5
41 35
24 32
4 13
24 18
41 0
13 31
25 3
24 26
15 13
27 35
34 34
13 3
14 34
38 10
22 23
27 25
7 34
39 32
17 21
0 31
17 21
16 19
37 28
27 21
1 13
4 28
15 30
3 5
24 4
37 10
20 13
40 17
36 6
20 6
34 11
31 20
16 15
18 13
32 27
0 8
1 20
5 5
6 33
39 8
29 19
25 16
25 9
10 1
27 3
39 23
22 24
35 18
24 12
41 10
15 30
12 6
30 29
18 0
29 21
40 22
19 14
9 24
28 15
18 0
33 32
25 26
25 6
21 9
6 27
5 13
32 20
22 1
18 27
14 22
38 35
31 30
14 16
0 27
10 18
27 29
17 0
27 4
20 32
7 9
33 18
22 17
11 16
3 29
1 2
2 29
35 16
11 24
29 29
20 8
15 19
6 12
16 22
17 15
16 24
22 33
34 12
34 25
23 23
0 9
15 25
22 33
25 15
39 12
12 27
34 33
36 23
1 35
28 8
34 31
34 6
15 5
15 8
5 1
37 15
31 1
22 27
29 35
7 30
28 7
36 15
21 31
37 14
15 12
23 24
11 34
11 23
14 19
18 16
15 31
32 2
36 8
10 10
0 33
20 6
33 8
36 3
14 5
3 4
34 31
25 8
21 11
8 30
22 26
17 29
32 1
26 28
13 12
35 10
15 19
8 4
5 15
7 20
10 15
8 12
11 19
10 14
15 2
41 19
27 13
38 3
39 10
5 16
35 8
18 12
30 18
3 28
22 20
9 19
15 4
0 6
18 13
35 33
3 28
38 6
23 5
2 34
28 6
7 26
19 34
41 9
17 7
0 32
8 32
35 35
36 26
7 5
40 8
2 4
3 5
24 35
25 5

14 26
157
4 23
2 4
2 10
13 23
2 7
4 16
1 17
11 17
9 17
9 6
6 21
2 17
8 14
1 23
4 22
1 11
7 16
13 18
13 11
11 25
0 10
7 1
6 24
2 6
12 2
8 25
1 7
12 10
3 18
8 17
5 22
8 12
10 20
9 10
4 21
8 15
8 14
12 14
3 23
0 21
12 20
6 1
11 13
9 0
4 18
3 11
1 14
9 12
5 13
13 2
11 12
0 1
13 1
11 19
1 16
8 21
4 19
0 20
12 13
4 12
12 7
7 0
6 19
0 22
4 4
11 2
5 19
13 0
13 24
10 14
2 11
10 16
6 13
12 22
8 15
13 25
7 14
12 23
7 11
1 22
13 3
2 20
4 17
0 0
10 18
5 20
1 22
1 5
5 21
6 23
6 15
2 11
9 12
1 17
9 22
3 23
11 25
13 2
6 10
3 3
11 18
0 1
1 17
9 15
0 4
5 6
11 0
7 0
0 8
6 5
1 25
3 2
0 12
5 11
3 1
6 16
9 7
10 3
6 12
4 12
5 9
3 0
8 25
5 0
10 11
2 8
8 16
9 15
3 10
0 23
3 4
5 20
13 5
13 22
4 0
2 13
3 11
7 17
0 23
0 7
10 11
9 11
12 9
11 22
1 19
11 4
2 13
7 16
6 0
7 11
8 7
5 23
11 3
8 13
13 22
2 16
10 12
26 5

48 30
479
12 7
36 1
41 29
3 24
35 19
4 3
23 19
43 14
45 12
19 2
45 1
20 26
36 11
29 11
41 13
0 20
29 28
38 3
13 20
32 11
40 5
9 9
43 7
3 28
22 8
45 16
2 4
12 21
44 20
32 8
6 20
43 13
35 18
8 6
32 21
34 17
8 9
4 26
5 29
3 15
15 12
21 9
26 26
35 7
33 2
30 18
44 12
5 13
10 27
1 24
37 2
23 21
15 2
37 26
29 25
17 1
24 9
3 17
0 20
15 8
20 12
20 25
7 12
30 7
3 12
32 23
19 14
42 29
22 15
6 3
19 13
28 19
3 29
12 14
41 6
41 15
40 16
34 14
34 9
1 26
42 10
36 8
37 18
0 9
35 27
33 7
29 14
45 17
24 15
36 21
4 26
45 21
4 27
25 29
37 0
4 29
22 12
16 28
8 23
7 4
3 11
31 21
42 25
32 10
43 7
40 9
27 23
45 5
19 7
35 28
35 29
1 18
35 7
5 14
39 10
43 24
19 15
15 2
1 0
44 13
33 23
37 0
40 22
24 23
42 27
27 4
41 11
25 0
33 22
5 14
0 2
29 26
40 10
22 29
45 23
13 5
28 12
43 12
0 11
9 28
23 4
2 17
3 14
43 13
18 17
17 26
37 27
11 24
23 19
5 5
25 9
7 6
12 20
35 0
8 2
14 14
25 0
44 13
47 18
34 13
22 6
7 0
30 29
29 19
36 20
0 4
8 24
14 24
47 17
23 4
9 0
33 0
11 13
35 4
36 23
45 16
23 27
17 7
17 20
20 17
20 10
17 3
17 16
41 28
2 2
27 3
29 9
18 12
33 12
20 6
35 26
40 23
26 11
4 6
15 16
37 18
25 17
16 22
17 19
33 8
4 29
13 14
29 7
4 25
32 21
1 15
19 1
31 20
40 23
1 25
34 15
47 7
27 22
34 1
39 21
19 26
18 2
3 16
16 7
26 2
28 19
14 25
26 26
32 19
43 17
20 26
36 29
30 25
14 14
20 5
12 10
26 29
37 11
27 13
29 21
6 11
23 1
6 27
43 0
32 12
19 6
38 8
2 3
42 9
28 28
17 14
37 2
12 12
11 9
40 6
44 15
33 4
0 15
21 8
42 3
24 8
27 4
36 6
17 4
27 26
26 22
45 2
21 27
40 20
24 8
37 23
43 24
28 12
14 22
15 8
42 10
8 12
27 25
39 7
0 9
8 18
34 27
28 5
14 19
42 10
34 24
9 12
10 15
22 6
43 1
5 19
37 6
34 12
1 29
19 22
18 19
41 22
16 23
1 6
35 19
32 8
11 10
28 16
27 29
8 19
34 16
39 25
19 8
18 27
3 26
37 13
4 20
28 17
5 23
26 19
43 20
42 29
36 8
19 21
17 2
46 11
38 1
40 1
18 2
44 5
46 28
30 27
13 27
12 28
19 5
0 16
22 25
18 22
24 19
2 13
21 15
14 9
14 18
7 8
17 18
39 17
35 26
16 5
18 0
32 23
6 6
33 3
10 26
28 26
10 18
13 20
46 4
24 22
15 25
30 22
31 4
29 27
25 10
36 15
43 14
20 5
19 20
0 9
39 8
30 26
40 15
20 9
25 29
25 5
35 11
0 7
35 26
25 12
5 6
4 0
5 27
26 4
29 25
2 28
18 25
5 23
3 18
29 14
31 8
39 2
24 25
15 22
11 25
33 8
44 7
32 25
44 10
19 4
22 10
8 0
29 15
13 24
44 13
37 8
17 26
29 26
30 9
12 15
20 4
24 17
42 9
10 18
32 13
7 1
42 10
26 11
7 5
35 29
24 26
33 11
41 18
24 0
44 5
37 0
45 28
37 8
24 10
37 29
35 23
28 21
34 19
7 9
41 1
11 19
42 4
14 28
24 6
45 17
22 24
12 4
36 21
39 15
15 27
35 25
45 2
14 4
14 15
19 14
11 3
19 20
27 11
45 10
38 7
29 25
32 20
32 6
14 22
31 6
32 0
4 15
34 1
19 5
43 14
16 0
31 2
10 6
34 19
24 14
33 13
19 24
32 4
6 24
40 11
38 0
22 21
15 6
45 15
36 9
13 13
8 10
38 8
13 15
21 27
32 2
42 7
10 13
37 15
6 8
21 23
15 3

25 35
49
18 31
18 30
18 28
23 10
20 19
21 26
24 20
23 3
5 14
23 29
4 29
4 2
24 22
6 20
6 25
23 25
9 33
18 8
22 20
12 23
11 15
10 23
1 34
6 22
2 12
22 16
19 23
21 10
14 31
14 14
21 24
23 28
1 3
9 20
5 0
9 4
6 14
13 16
22 3
1 34
6 7
10 0
10 5
4 7
21 15
0 23
0 32
19 17
18 24
22 1

32 27
341
29 7
23 0
30 11
18 4
16 23
6 7
2 19
21 15
13 10
13 13
7 9
6 4
26 17
10 10
29 21
9 24
5 23
25 19
9 2
20 21
21 15
2 25
30 26
0 23
14 16
22 21
31 1
12 14
17 26
8 22
5 8
14 26
1 3
24 14
10 8
31 9
1 4
16 16
7 14
30 25
30 26
2 4
25 2
11 24
19 9
14 16
1 4
11 10
5 3
5 22
27 4
25 2
13 10
13 17
21 23
2 6
0 8
19 9
23 16
31 18
9 0
30 1
14 12
18 0
28 22
22 2
1 19
29 11
0 0
30 15
23 8
31 26
10 16
4 0
0 17
6 5
13 14
3 16
21 3
5 15
20 6
30 24
0 13
0 26
26 15
18 2
20 10
18 18
18 15
0 0
8 8
10 19
23 24
1 12
1 25
9 12
26 0
17 20
9 3
9 3
25 7
18 6
27 13
17 26
7 9
24 13
21 23
11 0
26 3
5 1
16 19
24 5
5 11
16 19
2 10
1 6
26 14
19 13
0 20
12 22
19 13
6 10
4 12
18 4
31 13
28 2
20 19
16 11
10 21
13 9
26 12
21 11
13 26
26 8
10 8
0 4
26 6
14 15
5 10
16 15
0 10
11 23
29 6
20 21
9 17
4 4
18 11
28 2
12 20
12 5
12 23
18 3
10 10
28 20
20 4
23 13
1 22
0 15
20 26
22 7
14 20
6 24
21 13
5 8
30 21
11 16
14 11
3 22
17 8
1 10
4 4
17 1
18 10
17 9
17 6
11 0
11 24
22 23
1 0
1 22
3 23
9 15
4 14
23 12
19 0
16 26
0 11
10 13
9 17
27 1
23 10
9 13
8 14
13 13
19 0
18 5
19 0
6 20
10 3
22 17
13 26
6 2
6 5
21 11
4 21
31 20
15 8
16 24
30 7
5 20
9 10
3 1
27 6
30 17
4 9
20 25
6 10
2 26
5 22
26 18
7 21
19 1
6 7
12 26
20 14
13 13
13 14
26 14
29 26
20 24
12 11
30 24
31 14
6 18
13 11
12 17
17 14
31 13
12 8
25 7
12 18
30 22
28 5
18 2
8 5
12 2
5 23
30 2
13 6
6 5
29 7
2 17
5 16
23 21
30 12
8 24
28 6
6 12
3 11
16 23
6 19
24 17
19 6
4 13
26 19
30 3
27 9
14 21
14 6
18 26
14 22
23 11
10 22
8 20
27 23
1 0
3 24
13 24
2 3
18 3
20 25
23 7
21 15
6 0
20 22
5 2
13 10
26 24
14 4
13 16
15 26
3 13
27 4
4 26
27 26
13 1
20 13
16 21
30 22
21 10
17 12
12 9
27 4
17 21
6 6
4 19
16 4
27 17
21 17
3 16
14 14
26 20
15 13
31 6
9 14
17 4
27 2
10 12
5 2
4 21
6 3
16 2
18 8
1 1
25 11
27 12
22 13
1 20
18 0
23 16
29 25
22 14
9 1
22 4
6 17
5 26
12 5
21 20
6 19
11 8
2 0
10 1

6 9
24
1 3
5 6
2 5
3 0
5 6
2 2
5 2
3 3
3 1
1 5
1 2
1 4
3 3
3 5
0 1
5 6
0 0
1 7
5 8
5 6
4 0
5 7
1 2
3 6
13 4

43 34
602
2 10
8 16
28 13
1 22
34 29
1 6
40 29
33 32
39 14
26 24
24 3
1 7
35 14
29 29
18 30
13 19
35 9
16 7
38 28
21 25
9 17
26 0
24 0
21 12
33 5
5 16
14 5
29 31
40 18
13 30
2 20
33 9
21 28
24 13
27 24
13 0
28 5
1 23
18 4
26 23
17 3
40 31
13 27
40 8
23 19
42 22
31 22
40 30
25 6
17 26
7 16
22 21
31 13
4 2
11 11
42 12
4 7
21 7
0 17
23 31
23 26
9 8
0 5
3 32
1 27
1 24
22 3
5 30
7 8
34 16
38 17
37 18
32 2
3 32
19 16
17 20
35 11
24 23
17 0
23 14
10 0
39 27
11 21
34 32
8 21
27 8
42 22
21 10
5 6
25 23
23 17
42 17
17 19
19 1
10 19
20 12
19 7
34 16
33 6
16 5
27 9
5 28
32 1
7 13
26 18
4 14
5 15
17 8
13 27
20 6
20 2
13 15
33 26
40 19
41 14
13 20
18 30
20 26
34 3
3 0
6 30
15 29
15 6
23 7
11 2
23 13
5 8
31 8
7 15
12 24
4 25
25 20
42 0
25 4
10 30
3 23
33 4
39 32
37 21
37 7
39 13
14 26
28 11
0 24
42 19
23 21
35 11
1 14
31 19
38 10
26 9
36 29
34 14
31 1
33 2
29 20
14 5
38 21
7 18
10 33
20 6
30 33
34 20
31 2
25 2
0 27
17 6
18 27
23 27
2 9
23 24
39 20
37 18
24 13
17 22
40 15
22 27
42 20
0 17
15 23
15 25
21 8
39 5
1 10
29 14
35 26
39 23
18 18
9 3
3 26
30 3
18 31
40 26
23 9
15 13
9 2
10 4
39 4
7 16
39 7
14 33
9 15
0 30
7 32
32 29
21 28
37 4
1 5
39 25
27 17
9 21
26 29
6 7
29 15
25 0
19 23
37 19
24 33
22 11
1 20
6 9
41 21
12 23
17 3
9 31
13 1
20 31
3 1
9 10
11 4
24 5
37 19
12 12
41 13
32 26
39 5
30 28
6 25
27 28
15 21
31 21
32 16
0 8
18 4
26 6
8 26
22 1
34 11
12 8
11 25
15 9
22 2
12 7
24 19
4 1
40 17
40 19
23 0
18 25
29 33
0 11
5 30
26 17
22 21
15 8
4 12
32 6
6 28
31 21
8 14
9 5
31 0
34 3
35 9
11 16
42 8
29 13
38 20
10 8
29 26
4 24
38 21
26 23
17 3
35 31
6 14
31 23
2 9
39 0
23 6
19 11
22 6
13 23
17 32
20 24
3 15
27 24
8 28
3 6
19 31
33 11
7 4
29 18
1 18
16 26
26 12
41 26
41 27
19 18
0 22
33 21
1 1
38 2
20 28
12 5
2 22
8 14
42 8
6 14
0 0
26 21
6 29
29 21
1 27
14 1
41 6
0 27
5 13
38 12
42 29
2 32
12 29
10 9
35 8
32 25
9 17
3 14
16 12
16 26
3 19
29 3
24 16
42 8
42 12
14 26
39 32
13 28
8 13
26 13
42 19
41 21
19 14
36 1
35 27
25 19
20 3
2 29
2 1
16 4
9 0
18 32
24 11
25 17
22 10
32 33
19 21
3 26
40 33
25 25
6 0
35 8
7 21
30 24
6 17
29 32
26 21
30 2
15 4
31 31
33 5
31 15
32 21
18 20
30 14
41 15
17 33
32 8
25 17
40 8
5 24
33 6
35 14
39 23
9 10
19 5
17 6
10 15
11 31
26 21
26 30
41 7
28 4
30 11
40 14
29 14
4 23
33 33
6 26
17 31
6 11
22 22
8 2
41 29
6 6
3 6
8 20
6 23
11 16
8 13
12 24
15 16
33 0
15 4
12 4
38 4
39 8
14 2
11 2
27 23
0 10
2 24
28 25
22 8
29 26
16 28
13 25
11 1
6 16
2 15
34 5
0 23
20 0
42 1
8 14
11 32
12 2
5 4
11 30
2 3
4 32
35 27
25 32
30 27
12 10
3 20
23 28
40 2
8 8
26 24
25 30
19 14
1 25
15 18
22 20
28 17
4 1
10 18
42 29
16 11
4 6
4 31
37 14
11 12
29 27
24 19
20 10
10 26
9 5
11 18
6 29
0 11
22 8
5 23
1 19
5 1
3 28
10 30
4 22
38 3
41 32
10 24
10 19
8 29
22 19
33 25
24 27
7 23
21 3
28 3
4 15
4 12
16 16
2 7
23 7
26 12
39 2
37 24
37 7
11 19
6 19
27 21
16 18
14 7
12 7
4 24
25 1
8 11
15 1
30 4
38 23
21 32
0 22
42 1
15 9
36 11
27 11
23 18
15 17
21 2
5 31
11 9
24 18
14 8
25 5
36 29
1 10
31 14
19 15
8 9
34 28
5 29
7 8
4 22
21 13
7 22
14 2
39 32
35 11
28 26
37 21
0 5
2 15
25 10
16 19
29 24
16 19
13 6
15 27
38 23
29 8
14 24
23 10
7 20
17 33
32 19
1 23
28 7
15 10
25 27
36 16
16 4
3 32
10 21
6 19
33 26
7 20
21 15
39 30
5 26
30 20
22 30
3 26
18 19
39 26
31 8
5 12
27 33
19 4
2 13
3 14
1 26
32 5
24 27
38 30
9 25
36 21
3 8
8 3
29 21
4 6
24 1
9 24
8 3

14 14
29
12 13
8 10
9 11
12 9
11 8
7 1
3 13
11 10
12 2
1 8
4 6
3 0
4 13
4 4
8 2
5 11
11 3
1 2
7 0
2 9
7 1
6 13
6 10
2 7
12 3
8 8
6 8
12 8
2 12
9 4

29 43
226
22 36
13 14
0 21
27 8
19 20
14 5
10 35
19 0
2 4
5 3
17 10
7 37
28 18
4 10
15 1
17 30
6 26
0 14
14 9
9 35
3 3
19 16
6 20
20 9
8 8
12 34
4 23
23 39
24 11
4 21
12 2
23 12
26 6
4 28
28 14
28 31
10 17
12 24
23 12
3 6
10 30
24 7
25 2
6 37
6 42
1 40
21 27
5 24
3 5
21 14
26 4
3 27
2 16
14 15
26 27
23 20
28 4
6 10
27 2
20 16
28 26
15 29
2 24
5 24
18 4
11 2
3 42
14 14
27 34
23 32
22 30
18 8
6 14
19 18
7 5
7 3
26 4
19 32
17 40
0 10
23 33
17 39
24 34
12 23
28 17
11 7
28 5
8 29
2 13
23 35
14 8
22 21
0 22
15 22
2 29
11 42
18 16
8 22
14 40
0 5
2 38
8 24
26 6
4 38
7 3
10 35
8 29
28 19
18 11
8 15
20 39
18 5
1 4
10 27
24 6
8 4
5 8
4 41
18 3
12 6
14 11
11 25
3 40
3 22
0 11
8 18
27 11
11 9
28 13
0 13
6 42
16 0
20 0
0 10
18 2
14 13
25 2
27 0
2 39
1 17
6 15
27 42
2 20
9 39
13 41
21 27
24 9
25 17
20 34
13 21
13 7
2 37
19 17
28 19
0 23
1 1
20 1
13 16
21 33
23 18
13 25
28 9
20 5
26 26
6 22
18 39
19 7
3 14
0 31
5 25
8 40
14 42
8 12
9 7
19 11
25 31
24 12
27 31
28 41
28 23
5 27
15 41
13 5
8 16
21 14
11 17
13 0
7 33
19 13
12 12
11 10
22 7
8 36
14 13
28 11
17 2
2 17
17 1
16 10
15 18
14 20
17 5
22 2
21 23
10 15
19 36
9 39
28 4
5 17
27 41
25 1
22 7
3 26
9 39
9 9
0 41
26 8
13 13
18 32
14 1
10 25
8 30
6 16
21 0
21 17
20 1
20 3

18 30
89
4 3
10 24
9 29
12 25
12 27
7 23
8 23
5 10
15 14
16 23
11 29
6 16
11 23
3 29
3 8
3 13
0 18
17 19
0 4
9 8
16 20
0 16
2 25
17 27
10 24
3 23
13 11
17 24
14 13
6 16
2 9
16 9
0 26
9 29
15 24
1 28
15 25
16 0
3 15
0 7
2 24
8 7
2 7
16 11
6 3
8 9
15 21
1 6
14 15
17 9
6 6
6 24
15 27
13 22
10 18
1 22
3 11
15 11
10 18
11 28
12 2
14 28
3 14
10 24
14 11
16 6
15 24
0 29
17 20
9 9
5 13
3 11
9 20
9 4
14 26
16 19
7 24
17 12
16 15
5 27
5 4
10 17
17 19
12 16
2 17
7 21
12 2
2 25
16 16
19 4

17 43
26
15 26
4 23
2 4
4 9
1 27
2 26
16 30
12 5
5 41
12 31
0 33
13 8
14 41
14 28
0 29
12 5
5 35
8 42
11 41
4 21
11 16
10 36
4 31
15 40
6 41
7 25
30 1

19 33
143
5 10
16 20
1 30
17 13
9 20
2 11
2 15
3 32
6 2
0 30
15 0
11 26
5 29
13 9
1 22
2 13
12 4
8 13
0 18
8 18
14 5
3 0
0 10
0 0
9 27
16 22
15 17
8 25
6 2
7 19
17 25
9 12
4 5
1 15
18 28
14 29
14 7
3 20
14 4
7 32
4 10
18 5
9 18
7 26
10 23
16 5
0 21
2 3
18 4
11 12
1 16
1 23
5 26
3 8
8 28
10 24
9 20
9 15
16 30
4 31
4 20
14 22
1 28
3 8
12 7
17 11
15 25
6 11
14 21
7 27
10 23
2 14
9 29
8 0
6 23
3 22
17 25
10 15
18 0
13 14
10 29
16 24
14 29
3 5
18 23
9 19
12 4
15 28
3 8
10 16
12 26
3 16
17 11
11 12
10 1
1 16
8 29
14 20
5 28
14 24
18 23
4 14
8 20
12 7
11 25
15 19
4 3
13 20
8 2
9 0
15 4
9 2
6 21
18 5
13 27
14 32
6 8
11 23
2 27
16 25
16 11
5 27
1 30
12 32
4 19
16 0
16 0
3 30
1 3
13 13
5 1
5 25
14 25
7 16
6 0
6 5
18 0
5 12
9 13
17 5
12 30
15 9
6 6
22 5

25 22
266
17 1
21 10
7 19
19 20
5 3
9 16
2 1
13 9
12 2
5 12
14 14
2 9
17 11
0 15
0 6
12 6
21 5
15 20
4 14
0 11
14 14
24 10
3 3
15 0
4 16
15 16
16 16
13 18
4 13
22 17
7 9
19 0
7 13
23 6
6 0
2 19
13 8
9 15
13 18
6 5
24 20
24 19
18 21
7 10
12 12
24 5
20 19
1 17
5 1
16 18
12 4
9 1
15 0
1 0
13 10
18 18
3 12
5 16
3 20
14 5
13 17
7 12
15 8
6 21
19 19
18 20
18 10
15 20
19 9
19 8
13 6
0 11
15 21
0 20
10 15
4 20
5 5
2 2
21 13
16 0
16 8
5 19
16 16
24 11
20 0
13 21
15 5
12 14
18 8
24 1
8 0
10 12
21 9
3 9
12 3
17 0
7 7
3 18
8 4
17 14
3 19
11 13
7 7
12 7
17 15
20 21
9 14
19 6
19 4
17 21
19 7
21 21
20 10
2 8
20 10
19 18
12 11
9 9
9 21
12 6
9 15
23 4
4 1
21 17
16 0
13 3
12 18
19 20
3 18
16 0
16 9
15 21
9 14
9 20
4 8
13 7
0 14
12 8
23 9
14 15
1 10
18 3
13 21
16 6
20 10
11 11
7 10
18 4
22 17
8 4
24 2
0 1
21 11
19 6
3 15
13 15
3 12
13 16
7 2
21 3
17 14
23 13
23 6
13 9
15 7
11 7
13 10
17 16
6 19
11 6
21 5
3 2
13 3
11 7
2 20
10 15
0 14
8 5
11 12
8 21
3 19
9 2
13 19
10 6
8 14
16 21
23 5
21 6
1 8
15 7
5 20
4 12
10 0
18 12
2 20
12 10
12 13
4 18
17 5
3 8
21 4
17 8
14 15
4 0
18 6
15 10
13 3
22 3
19 6
23 11
21 20
1 1
18 19
20 12
8 13
10 17
11 10
19 5
0 19
12 7
24 4
19 2
14 0
1 10
13 10
16 10
18 19
1 18
5 8
14 8
4 17
2 7
21 5
4 0
10 11
18 18
9 21
8 1
2 19
21 14
22 9
1 4
17 14
4 15
22 5
18 10
8 8
15 21
5 12
16 17
18 12
8 17
20 0
17 11
2 16
4 15
24 10
12 10
11 18
22 19
8 16
18 11
8 12
10 12
2 6
19 19
30 2