20

21 49
81
6 26
18 32
10 33
16 47
12 35
18 42
2 32
14 4
17 45
18 18
20 40
3 30
0 36
1 0
4 46
17 27
1 6
7 38
14 2
18 1
9 20
9 35
15 9
14 38
19 8
16 25
0 45
13 40
0 31
18 36
18 40
14 2
16 11
4 40
7 0
17 34
7 11
15 30
10 16
4 46
5 26
5 30
0 41
11 3
5 15
5 37
16 44
15 39
14 21
2 1
13 43
3 31
1 29
16 28
7 35
12 27
3 45
10 14
5 36
15 13
3 38
7 21
13 36
12 3
20 16
14 11
3 34
10 40
8 4
14 46
2 27
18 13
15 9
18 11
16 17
2 30
17 42
11 47
6 45
20 20
17 34
7 5

35 28
332
28 14
0 8
32 12
23 16
28 3
27 27
33 23
3 18
5 25
28 0
14 14
32 12
18 14
26 9
16 4
14 20
29 17
21 13
29 3
32 20
18 23
12 23
13 16
15 21
10 10
23 21
16 21
24 0
8 19
30 1
21 2
12 26
12 2
12 18
7 0
6 8
31 2
7 14
11 13
26 15
8 22
4 24
5 14
25 24
31 8
2 22
24 2
20 23
21 14
26 27
18 21
10 27
2 13
9 9
14 17
30 21
34 10
32 15
5 19
8 17
12 12
12 4
4 15
30 23
31 16
14 18
13 25
23 22
28 8
29 7
20 20
8 18
28 24
18 8
23 19
19 18
34 4
5 5
24 16
14 22
5 14
18 16
23 25
33 9
18 21
29 13
0 8
26 24
3 16
3 6
8 24
25 3
29 7
23 27
19 8
8 23
16 21
17 6
15 14
18 24
9 4
30 11
16 18
5 21
13 9
9 12
27 18
7 11
34 21
30 26
17 16
25 20
7 14
16 25
6 9
22 2
10 12
22 18
22 7
32 7
26 6
21 13
20 13
6 20
0 6
31 21
5 26
24 27
12 21
29 7
32 10
15 5
23 14
18 1
4 26
26 4
27 4
8 4
7 19
4 7
8 8
26 3
8 13
32 2
30 26
30 7
0 10
9 5
33 24
28 19
16 13
3 13
1 11
11 23
3 6
25 22
5 12
0 17
1 24
26 0
1 0
11 5
12 18
17 17
18 21
12 10
27 19
5 1
9 17
33 5
23 1
15 14
11 11
18 13
25 24
10 16
26 17
5 21
5 16
3 19
13 6
22 1
1 19
28 26
23 27
18 5
25 12
14 1
4 17
19 7
34 16
12 20
0 19
12 14
15 2
9 6
34 4
31 6
8 10
33 15
30 14
13 15
24 14
5 2
27 21
1 21
7 8
29 15
13 25
30 19
29 3
11 21
3 8
28 12
12 3
31 25
3 5
30 1
13 3
6 11
2 1
26 4
5 9
28 7
26 16
34 2
24 8
26 24
17 4
26 16
3 27
33 20
21 21
3 20
6 15
14 13
25 24
18 11
2 26
1 23
26 11
12 14
33 16
0 22
18 7
29 8
6 10
5 23
15 27
12 14
27 11
28 9
23 13
5 19
11 0
14 26
5 1
2 16
13 15
4 7
16 19
11 13
3 21
20 27
26 24
19 10
21 4
13 14
4 13
27 2
24 20
28 0
26 17
17 18
25 23
34 16
20 5
19 15
27 26
2 21
7 2
6 15
14 15
6 1
5 18
34 15
2 10
21 0
20 14
12 10
1 23
6 21
32 2
0 16
17 21
12 11
34 17
12 5
29 22
17 21
30 20
13 23
5 22
6 24
31 17
5 3
5 12
7 23
29 9
34 21
8 23
12 21
3 1
29 12
14 2
21 17
29 2
33 7
7 24
18 22
15 18
7 26
17 17
20 10
34 17
29 7
7 11
30 3
14 15
8 7
4 8
8 15
15 4

11 20
54
1 6
4 17
9 6
6 4
7 12
5 4
8 3
3 7
10 1
7 13
6 3
7 12
10 0
2 11
10 0
4 12
3 5
7 16
3 19
10 8
8 14
1 15
0 1
7 13
7 15
0 3
9 16
1 8
3 3
10 19
8 9
8 15
10 8
2 5
6 13
4 5
9 2
0 4
1 5
8 12
3 14
10 1
3 3
2 2
9 8
2 1
4 17
5 2
1 8
6 3
9 14
2 4
8 11
0 9
14 3

23 19
199
13 11
7 17
10 18
12 15
16 10
4 9
9 17
5 14
10 17
12 11
14 4
15 9
18 17
18 15
14 12
12 5
12 18
18 16
12 16
19 18
20 11
4 12
9 15
9 6
15 13
9 7
18 11
11 13
14 8
5 13
6 12
5 6
9 9
22 9
14 2
9 17
5 16
18 4
21 4
13 14
11 11
19 11
4 3
8 18
17 2
13 13
6 7
19 14
18 7
10 14
15 11
18 9
11 12
6 10
4 10
6 17
15 15
5 6
8 18
8 4
17 4
17 6
21 9
19 16
22 13
22 9
10 17
6 18
16 15
12 11
1 0
19 12
6 4
4 2
14 1
3 1
10 2
5 18
10 11
20 0
20 1
11 13
9 5
11 13
10 18
8 7
11 11
10 18
10 8
2 11
19 15
8 3
4 4
19 16
1 2
4 4
0 3
16 3
6 6
15 13
9 3
11 10
5 17
14 7
14 16
9 18
18 17
17 18
7 5
17 8
22 10
17 14
6 18
0 15
4 4
19 15
9 16
18 5
12 4
21 16
17 3
10 8
8 8
22 1
3 11
21 2
3 18
1 13
17 11
21 12
17 15
18 1
21 4
3 9
9 1
1 5
15 16
16 2
6 7
4 7
10 18
11 3
22 8
22 7
20 4
15 7
4 7
21 6
8 14
12 4
10 10
0 4
9 6
20 5
14 12
14 17
0 6
5 1
22 13
10 17
0 2
3 18
10 3
14 8
18 11
0 3
12 9
15 17
2 13
4 4
21 14
14 14
16 15
12 6
18 12
3 18
4 9
3 16
1 8
18 2
17 18
19 7
10 7
3 6
1 10
22 16
1 11
3 10
16 6
14 7
9 10
12 2
0 14
11 6
3 6
5 12
0 11
22 5
3 9
25 1

33 11
148
30 10
4 1
13 0
10 2
11 2
29 5
24 10
11 3
15 2
11 10
8 8
25 1
25 3
5 1
8 6
14 1
23 9
12 1
29 8
7 9
0 7
3 1
6 2
15 3
7 7
0 3
19 1
23 9
1 3
29 7
20 6
32 0
24 10
10 1
9 9
27 4
7 8
24 10
12 8
31 0
31 3
11 4
29 9
13 1
4 9
23 5
22 6
13 5
24 6
12 10
32 2
27 6
2 5
2 10
9 9
22 5
30 9
4 0
15 5
28 2
9 8
22 4
11 2
29 7
21 9
26 9
22 4
24 8
14 7
26 10
32 7
7 7
27 3
2 8
25 7
30 7
23 8
25 9
30 10
30 9
9 2
15 0
21 7
27 8
31 5
27 7
9 10
20 7
16 7
4 9
14 0
22 2
19 4
20 5
6 10
16 6
10 7
19 2
30 1
18 10
4 5
7 4
23 1
16 6
9 3
24 2
30 8
32 4
20 2
7 7
28 6
18 4
28 4
13 8
21 9
32 8
17 4
9 1
23 1
17 10
25 4
30 3
9 4
10 9
4 10
18 3
15 6
5 2
21 9
19 2
7 3
28 10
7 10
17 6
20 9
21 3
29 6
14 10
2 6
12 3
28 8
16 0
14 8
16 9
5 10
29 4
26 6
8 7
24 3

41 31
177
15 30
10 3
6 28
12 17
16 6
35 20
30 9
18 15
0 2
4 20
29 16
7 23
15 5
8 25
14 21
6 24
39 27
40 26
40 28
1 14
36 20
4 16
12 19
23 14
13 14
5 26
27 6
3 0
22 9
32 13
22 1
12 17
21 26
21 19
17 22
15 9
24 24
5 27
23 8
28 22
34 18
15 28
3 4
18 10
17 20
20 10
33 20
7 29
4 22
33 14
31 6
16 2
33 28
12 24
33 6
39 15
1 15
32 30
8 25
35 9
0 6
28 7
31 1
14 17
21 0
13 5
12 5
24 12
6 24
15 15
13 13
32 2
33 16
8 0
6 18
1 29
21 3
2 1
40 4
16 0
26 26
24 29
13 14
29 11
39 26
0 14
39 26
5 29
8 19
6 3
18 9
1 17
5 5
5 27
13 8
18 30
24 17
17 2
27 16
37 30
7 25
32 22
15 23
37 26
12 6
25 6
24 21
26 25
24 1
26 14
20 11
11 13
27 23
33 16
15 10
2 29
12 22
22 9
25 11
7 5
1 9
7 24
38 10
3 13
21 4
18 28
12 16
17 9
27 26
2 2
15 11
7 6
9 5
3 10
7 7
0 19
23 30
9 17
25 12
2 3
34 14
4 7
20 4
1 6
22 4
11 9
35 14
40 5
27 5
30 14
35 18
37 27
18 0
28 14
26 18
26 5
37 3
10 6
16 16
33 24
12 11
22 21
29 17
18 5
1 6
1 25
15 23
0 19
13 4
38 5
22 27
22 17
17 20
18 26
38 26
14 9
29 10
28 4

45 14
94
36 0
16 1
44 4
33 1
13 3
35 6
1 1
1 12
4 9
15 10
21 7
2 4
11 9
36 10
7 3
20 5
40 9
21 7
3 7
10 2
17 13
33 0
42 2
20 2
1 0
33 2
10 5
10 1
26 12
44 3
12 0
4 10
28 4
7 9
11 10
1 0
33 13
19 1
13 0
39 2
0 10
5 1
27 10
31 3
4 13
23 7
27 3
43 9
4 8
24 3
43 10
6 5
38 12
32 3
43 4
2 2
12 8
7 4
12 0
27 5
26 5
5 13
32 10
35 7
8 6
35 11
10 12
38 11
23 10
19 7
3 10
31 13
28 9
38 7
24 10
21 13
42 5
20 2
34 3
12 0
43 12
6 8
17 4
12 12
35 9
41 10
1 10
21 4
6 1
34 2
29 8
5 13
33 2
29 13
15 2

47 26
152
41 13
30 17
7 6
18 10
11 21
40 6
16 4
34 15
2 1
16 18
20 3
38 9
39 13
31 10
39 8
14 25
33 0
36 15
3 7
24 24
40 21
20 13
16 16
7 1
14 7
35 18
14 16
27 8
45 19
15 12
26 18
14 20
33 2
30 7
33 9
23 22
38 20
40 3
29 4
28 15
10 16
22 7
16 5
0 24
36 14
15 12
25 18
36 13
44 10
15 24
32 21
6 18
37 2
38 2
28 10
39 9
38 3
45 4
27 11
7 15
33 15
3 10
34 23
29 0
40 3
0 22
23 23
39 8
15 7
31 21
43 25
24 15
7 8
25 20
17 24
6 17
45 9
46 3
28 20
37 22
14 2
34 10
42 16
19 0
29 23
23 24
17 13
9 6
9 3
25 5
23 21
8 0
23 0
3 3
38 20
13 11
25 13
3 10
11 13
18 4
2 3
40 1
22 19
20 4
12 0
38 13
29 5
20 13
32 9
32 5
37 22
24 23
36 21
22 7
18 15
20 24
32 22
4 25
6 12
26 1
37 13
37 8
42 4
18 2
21 13
6 25
30 5
24 22
30 0
3 18
14 11
40 10
0 5
3 21
30 0
6 7
8 1
27 10
7 2
12 0
46 18
0 16
14 19
36 15
3 13
41 15
7 13
37 13
4 20
16 9
0 10
14 5
25 3

11 17
89
5 5
10 0
5 7
3 6
0 2
2 14
1 2
4 2
2 11
5 0
8 2
7 0
9 14
3 12
9 16
5 12
2 13
8 8
3 6
2 4
2 1
3 7
9 10
9 16
7 1
1 10
4 6
7 16
1 7
0 0
2 9
9 14
5 13
7 7
5 10
4 6
4 5
3 1
1 9
8 0
1 4
10 0
0 10
8 6
6 2
4 14
1 7
10 8
10 11
4 6
0 4
7 5
3 3
1 9
4 13
1 16
9 13
4 15
9 15
4 9
5 8
3 10
2 1
10 1
0 4
5 6
1 7
10 5
7 4
9 8
5 4
1 15
3 12
7 8
5 5
10 0
6 5
9 8
3 7
4 16
10 3
8 2
1 11
4 13
7 16
8 3
6 5
5 8
4 8
10 3

30 17
128
26 5
4 8
16 11
11 11
10 1
6 10
12 10
3 16
12 3
0 8
2 13
6 8
16 11
16 13
21 1
3 15
0 4
0 12
9 6
3 11
23 10
1 3
0 8
4 11
22 7
19 1
8 1
2 11
27 7
25 1
3 6
16 5
2 12
1 7
16 6
9 0
20 2
0 16
17 11
17 15
29 13
20 14
21 7
2 11
15 1
3 15
29 7
19 3
13 11
5 3
3 1
2 11
26 15
19 5
11 16
2 8
2 9
21 5
28 12
14 3
6 13
21 13
3 11
5 7
12 16
5 11
23 10
13 0
22 3
6 15
2 7
20 3
17 8
1 7
1 8
0 9
5 10
12 7
28 6
3 7
26 13
19 6
7 14
21 10
11 15
18 11
18 5
8 2
22 14
4 9
19 2
24 4
12 3
17 16
17 0
1 3
3 6
15 4
19 12
24 11
9 11
16 12
26 4
3 5
18 10
8 0
0 15
11 15
15 12
3 11
5 13
7 15
6 5
18 13
22 13
21 14
28 16
7 16
22 14
20 10
12 10
11 3
10 1
10 11
1 2
22 10
23 16
1 3
21 5

44 15
231
11 8
0 8
12 10
34 2
0 11
25 2
42 2
33 3
5 2
38 8
42 6
20 8
23 4
2 10
34 9
40 4
25 1
3 13
36 1
29 12
24 4
6 12
43 10
2 7
10 9
43 2
37 13
30 13
35 8
33 0
14 7
31 7
36 9
21 9
22 10
4 10
25 14
39 0
7 14
43 9
4 2
29 9
23 2
5 2
32 3
42 2
24 1
3 1
19 0
19 10
20 9
27 7
21 4
15 13
2 12
27 0
39 0
22 0
23 3
13 6
6 13
26 0
30 13
28 5
34 14
39 4
29 1
18 10
33 12
43 3
10 2
5 1
37 6
31 4
14 3
0 12
13 1
17 4
29 10
3 13
12 3
26 8
38 4
15 8
4 5
43 1
3 12
3 13
2 14
7 0
11 12
13 0
32 5
35 13
4 8
11 11
10 11
19 13
34 5
36 8
24 1
31 1
39 1
21 2
4 4
22 1
38 11
33 14
26 5
5 1
19 7
4 14
7 13
19 7
12 5
22 13
17 13
32 8
31 7
20 9
23 2
36 3
21 12
19 1
5 3
42 2
35 6
4 13
23 4
34 4
0 2
34 11
12 7
20 0
10 2
2 13
9 2
39 10
12 3
30 8
25 14
0 14
34 1
16 7
18 7
6 6
10 0
11 11
25 9
5 12
26 2
2 11
11 11
3 2
37 14
8 1
1 11
20 2
26 7
1 4
5 13
13 8
37 5
36 1
32 9
17 5
35 11
37 8
19 12
21 7
43 2
1 0
37 14
16 12
31 5
34 7
13 2
14 4
43 13
14 5
29 14
11 0
18 6
19 5
43 10
16 14
29 3
39 4
24 11
35 8
26 13
41 12
26 6
4 3
26 14
31 3
23 11
28 13
8 10
41 12
3 4
40 0
31 2
5 12
41 3
5 2
39 12
41 2
3 4
31 5
29 6
23 1
11 7
15 14
35 12
19 10
31 6
9 12
6 14
30 8
43 8
23 11
29 9
3 0
13 14
42 4
13 7
34 5
35 10
7 10
38 3
24 5

36 46
3
16 42
8 33
25 6
14 2

40 26
50
39 21
24 9
1 5
28 14
0 12
7 25
35 16
15 8
29 12
34 21
18 17
11 23
27 24
34 4
4 10
4 12
20 18
8 23
1 0
17 2
7 4
27 15
39 12
29 20
3 4
9 18
35 15
24 13
12 13
27 0
27 9
19 3
12 24
23 16
24 3
11 1
8 6
39 21
9 20
26 15
7 10
13 2
38 8
28 13
8 0
26 18
30 22
7 22
35 14
34 9
17 4

23 13
36
2 5
7 0
6 0
11 12
6 1
7 7
19 3
7 12
4 6
13 6
19 7
18 7
17 6
17 7
19 8
13 5
2 0
20 8
13 5
5 11
1 3
17 4
13 9
7 9
11 5
16 12
3 6
15 10
21 0
8 6
5 9
10 11
5 11
3 4
5 9
16 11
21 5

34 14
70
33 9
0 3
19 7
5 5
20 3
21 9
33 13
26 6
32 9
30 9
13 8
16 12
17 9
32 0
21 6
21 10
1 13
16 7
3 3
5 2
14 8
7 0
6 13
30 11
19 0
9 7
23 9
30 11
22 4
23 7
8 12
22 3
6 12
21 12
20 2
32 0
19 7
21 7
1 12
14 7
31 2
13 4
3 1
10 1
9 12
32 7
22 4
18 11
22 9
2 12
28 6
24 1
26 3
3 8
5 4
32 6
33 6
1 10
14 13
29 12
9 12
33 10
28 7
25 10
21 10
24 1
31 1
20 7
30 12
30 8
7 3

16 49
300
15 8
12 11
4 10
9 41
6 21
0 34
2 23
13 20
6 28
10 38
11 4
9 38
1 2
11 46
4 47
13 10
0 24
7 0
6 14
6 14
10 2
15 20
3 5
3 25
4 27
10 2
6 37
15 5
6 3
4 17
8 41
5 40
2 41
8 11
0 24
13 6
11 37
1 5
2 18
10 31
1 22
5 41
14 28
15 37
2 10
0 29
4 18
11 30
0 40
12 48
9 16
8 48
9 42
13 34
13 30
12 15
9 7
11 32
7 0
4 32
13 2
0 26
14 14
14 15
13 21
8 47
5 44
11 44
13 35
6 0
1 46
4 33
4 14
15 23
13 23
6 45
3 27
0 35
2 14
6 22
11 3
11 26
3 33
7 10
0 24
14 20
11 15
4 19
7 13
2 38
8 3
10 46
2 23
13 39
1 43
11 17
9 40
8 10
14 36
4 31
2 26
2 19
12 9
7 32
3 23
3 5
12 3
9 10
7 15
9 43
1 3
9 45
10 2
12 25
14 29
15 41
0 38
2 47
8 41
11 32
10 33
12 8
1 30
13 46
11 29
9 34
7 32
11 30
8 48
15 22
0 21
7 29
9 12
4 24
7 38
13 42
11 30
6 46
7 13
8 4
12 23
2 16
13 14
9 41
3 26
12 44
14 1
13 5
13 40
8 31
8 39
6 8
9 43
0 44
15 21
15 44
9 25
11 19
4 0
5 46
14 4
9 29
12 15
11 48
2 13
8 8
11 28
10 27
15 31
4 9
15 16
4 3
7 17
5 29
9 10
13 0
5 27
10 20
0 17
10 21
8 48
11 14
7 3
9 13
6 10
7 32
12 4
10 11
5 20
8 17
10 24
3 27
0 0
2 32
14 34
13 2
5 48
2 42
10 1
11 47
14 25
15 12
8 16
7 18
3 11
3 43
6 46
12 41
9 29
9 33
15 10
8 15
2 27
13 40
5 15
13 9
0 22
5 30
12 10
3 47
3 1
10 1
13 34
6 29
10 18
14 12
6 2
13 10
7 26
10 11
15 32
0 25
10 5
9 31
14 41
11 18
5 28
7 38
8 10
7 24
1 9
4 45
1 22
11 30
3 35
1 29
12 46
11 28
13 33
8 3
1 26
7 42
14 22
4 41
2 2
10 20
14 37
1 14
6 0
10 10
8 18
1 33
8 29
1 28
4 25
0 12
11 39
0 39
10 42
12 18
3 35
1 34
5 27
2 25
6 18
15 41
0 34
3 31
15 18
15 33
15 42
10 36
1 19
7 42
12 17
11 30
2 36
9 37
14 42
1 16
9 2
8 37
5 34
6 26
8 18
7 22
0 15
4 24
10 14
9 16
14 1

6 30
29
0 29
0 23
2 26
5 23
1 25
1 13
0 11
2 24
4 13
0 16
3 26
5 15
2 5
2 10
1 1
3 20
4 9
0 14
3 24
0 16
1 0
2 5
0 17
0 21
2 24
2 15
4 3
2 11
0 21
10 2

8 22
7
1 9
3 3
0 2
1 10
2 14
0 1
1 13
24 5

5 41
81
2 22
0 35
4 34
0 14
2 11
2 17
4 37
0 25
1 40
1 21
0 30
2 7
0 35
0 2
4 7
0 6
3 26
2 3
0 14
4 13
3 15
4 11
3 40
2 11
0 14
2 35
0 4
1 0
0 27
0 28
3 20
3 22
1 21
4 28
3 20
4 14
1 32
3 5
0 18
3 8
2 6
0 8
4 1
0 39
3 5
4 33
0 36
3 20
1 24
3 14
2 8
3 38
4 35
4 5
4 34
2 40
2 30
0 38
1 14
4 32
1 6
2 9
0 35
3 36
0 22
2 0
0 15
3 10
1 12
3 1
3 29
4 2
2 3
0 24
0 20
3 27
0 16
1 32
3 9
3 31
1 14
23 1

16 28
15
3 2
0 25
2 1
14 23
13 17
0 25
13 24
7 11
13 9
4 3
7 26
13 20
12 15
8 6
7 0
7 2