11

43 15
54
42 13
0 13
6 9
13 6
32 7
42 7
11 10
18 13
5 8
3 12
39 12
15 5
41 4
29 7
8 3
27 5
40 11
11 6
12 6
7 12
34 4
21 12
30 8
25 3
1 13
13 8
21 12
15 12
28 7
26 3
0 12
11 4
37 5
21 14
16 2
27 7
5 8
38 9
42 6
22 10
39 9
8 1
35 0
38 14
10 6
39 13
24 0
17 8
24 11
38 5
11 5
15 0
38 8
35 10
20 4

26 30
38
7 14
22 15
16 6
15 12
16 4
6 10
16 5
4 1
16 4
18 20
16 24
7 20
23 5
19 19
7 9
22 20
21 1
13 29
16 9
15 15
9 23
5 0
18 23
12 17
0 18
16 2
0 29
20 7
23 29
6 9
16 4
1 29
10 27
13 3
24 22
6 7
13 23
11 4
30 5

43 28
36
22 18
28 14
26 22
25 6
25 1
40 12
27 16
23 27
12 15
25 9
36 5
23 2
40 12
26 3
4 19
40 10
22 22
14 2
0 10
21 23
6 7
24 14
32 25
34 23
12 1
18 3
39 24
5 11
12 19
4 24
4 12
27 3
6 15
23 25
18 12
27 22
10 2

30 35
59
13 8
1 18
27 12
12 10
12 5
13 9
19 13
8 10
4 3
26 1
14 10
2 17
23 34
17 16
8 31
14 6
22 19
27 16
18 14
22 1
25 22
19 30
4 15
1 28
8 14
7 31
23 29
28 32
20 3
14 13
19 34
21 31
19 31
6 11
27 16
9 5
27 31
11 32
27 18
3 1
3 3
29 19
0 7
1 33
25 0
28 34
27 14
19 26
15 33
14 25
29 30
11 4
17 9
5 3
12 22
24 0
4 30
23 21
19 14
40 10

37 37
95
7 27
33 32
8 26
20 12
34 31
5 17
9 28
33 6
8 31
0 2
4 6
25 9
31 3
36 16
31 25
20 35
21 10
33 13
1 21
15 1
30 36
31 15
27 6
2 4
32 31
15 35
35 23
21 23
22 21
34 3
0 21
7 0
29 13
34 27
9 27
3 28
10 28
23 20
14 1
10 30
20 20
16 12
6 24
34 30
15 4
29 22
0 1
3 28
6 12
20 36
7 19
11 20
23 22
32 29
13 9
15 12
35 35
14 20
27 12
4 15
14 34
29 34
22 24
30 26
9 19
28 31
2 30
21 10
27 24
6 12
10 0
30 32
36 3
9 30
30 12
25 15
26 6
14 17
33 35
7 14
19 33
4 27
19 19
9 1
20 5
9 21
18 32
30 33
33 11
35 22
17 33
29 26
30 16
28 2
2 2
100 15

7 30
15
2 25
2 20
2 6
0 24
5 17
4 10
6 24
4 18
3 18
3 0
2 0
5 2
5 14
5 12
0 14
5 1

24 30
55
1 13
9 8
13 4
8 24
13 11
14 11
1 7
13 26
5 15
22 13
15 15
13 16
14 8
18 19
14 4
10 4
22 28
10 14
5 18
19 9
18 6
13 23
22 21
2 8
10 12
2 22
15 0
12 10
20 8
11 29
8 4
10 16
17 22
6 0
9 1
8 22
13 8
6 18
10 28
15 17
15 12
22 6
13 10
15 4
4 15
15 2
21 27
22 1
22 8
22 24
14 13
1 9
23 4
20 1
1 23
36 6

23 53
155
13 5
7 9
2 7
0 34
0 3
10 24
12 51
10 30
14 21
21 45
22 3
1 4
7 6
16 51
4 22
0 11
19 45
16 1
6 31
16 45
21 0
22 9
7 50
15 16
20 41
21 7
4 14
13 26
12 27
22 21
17 39
13 41
21 19
4 26
2 9
0 11
14 29
3 24
1 49
12 41
5 36
13 31
7 8
15 20
7 50
11 13
17 44
13 27
21 21
9 4
4 46
4 47
0 38
2 17
5 47
5 17
4 38
1 43
11 1
13 6
8 32
13 29
9 35
13 13
10 37
9 26
13 8
3 8
11 23
21 20
10 19
4 24
15 18
3 9
12 42
1 36
7 46
2 11
6 4
3 13
3 30
13 19
16 19
21 38
13 43
10 5
22 35
21 10
0 7
19 35
4 52
1 16
6 16
5 9
12 17
11 3
5 45
13 30
15 12
14 43
7 15
18 2
18 45
4 7
4 6
20 32
15 4
15 19
5 37
21 23
0 38
16 30
2 8
17 44
1 50
13 43
8 22
11 31
2 3
14 7
5 51
8 37
17 18
21 15
12 48
0 7
3 47
18 4
13 42
11 42
19 31
1 23
10 48
2 52
22 38
15 11
3 50
7 39
9 33
16 47
6 49
11 27
2 46
2 28
6 12
17 42
19 19
18 49
8 4
6 49
22 46
21 47
6 27
6 30
13 44
200 25

33 14
171
0 10
31 7
22 8
22 10
31 3
31 0
18 6
4 8
27 2
17 9
14 4
14 9
12 10
22 0
17 11
3 2
3 7
8 4
18 13
25 13
18 1
23 1
18 12
22 13
23 13
2 13
9 3
29 12
21 10
12 11
2 6
8 8
19 8
29 12
12 3
30 7
5 5
27 5
27 7
27 3
13 6
27 0
22 1
17 13
31 8
13 10
5 4
2 13
7 3
20 10
21 4
1 9
9 0
20 3
11 10
0 11
29 0
12 12
27 4
12 6
22 13
4 10
19 10
9 11
24 3
24 4
15 0
14 13
25 4
4 7
28 0
12 7
15 5
32 9
22 9
26 13
13 11
20 6
7 13
24 2
23 5
22 6
10 9
23 4
21 11
13 11
9 1
22 6
16 6
14 4
25 4
15 6
6 2
24 4
24 6
30 6
5 0
29 1
11 4
15 2
7 9
23 5
5 5
0 2
22 13
2 9
8 9
26 8
6 13
8 2
7 2
7 10
6 11
28 6
29 2
29 9
17 13
17 4
32 11
9 8
26 0
18 12
32 12
4 10
2 2
22 8
31 10
5 13
4 6
1 3
20 9
1 1
21 11
30 3
23 10
24 6
28 0
22 9
27 1
4 7
24 5
1 12
20 5
14 8
0 8
14 5
22 13
26 3
12 2
12 6
6 3
11 6
3 2
8 3
8 0
11 3
10 8
29 11
25 0
10 2
19 6
28 0
4 6
32 7
25 1
17 10
14 12
23 10
26 9
9 10
7 0
121 11

20 35
77
9 27
13 24
10 16
19 21
2 17
9 17
3 34
19 32
8 23
19 5
16 1
16 27
2 12
0 11
8 25
1 22
1 7
10 32
2 7
9 27
9 10
7 3
15 15
16 0
14 26
6 10
1 10
7 8
18 4
19 28
0 19
2 17
9 19
17 24
12 18
6 23
4 6
19 5
14 1
16 1
0 18
0 27
2 3
14 22
3 5
17 2
1 23
15 32
2 16
17 19
13 21
5 30
1 1
5 23
13 4
16 12
16 14
12 33
19 5
15 23
17 20
2 30
17 5
7 4
7 31
10 22
3 2
13 18
15 1
7 31
2 9
9 34
18 7
0 15
1 18
13 11
13 0
500 50

54 8
69
1 7
34 1
6 4
20 5
14 7
47 6
30 6
5 7
50 0
26 1
31 0
43 3
28 7
52 3
23 5
51 1
36 2
45 1
37 2
19 5
0 4
52 3
29 6
42 2
22 0
39 5
26 6
6 1
48 4
47 1
9 2
14 7
24 4
15 2
26 4
48 0
20 7
11 6
23 7
25 7
19 7
51 2
8 3
16 0
3 6
44 6
18 5
42 5
43 2
22 0
28 7
7 6
46 2
32 1
37 7
4 1
22 0
47 5
5 2
44 3
35 3
30 7
20 0
27 2
31 3
40 0
45 5
47 0
12 7
99 11