10

6 54
75
5 11
1 1
0 39
2 8
1 24
3 46
0 47
4 9
0 13
4 0
0 25
3 47
2 27
3 5
4 0
1 50
0 45
1 18
1 10
5 46
3 9
5 15
4 37
3 2
1 15
1 51
3 29
3 41
1 34
3 12
0 27
5 0
2 30
3 11
3 34
1 37
0 41
1 22
3 6
2 53
5 52
5 47
1 45
1 12
5 28
4 28
5 31
4 42
3 8
0 16
1 40
2 33
4 52
5 31
1 12
4 48
3 51
3 14
3 32
2 20
3 21
5 5
5 30
4 49
1 2
0 34
0 4
4 31
0 17
4 7
4 52
0 7
1 11
2 38
4 35
100 10

20 6
54
3 1
15 0
7 5
17 0
4 3
6 4
1 4
4 5
4 3
8 2
9 1
16 2
15 3
10 4
3 5
1 1
9 1
12 0
16 5
10 3
19 3
18 4
3 5
19 1
1 1
17 2
14 4
17 5
11 3
4 0
4 5
8 2
17 5
5 5
5 4
19 2
2 3
14 3
17 1
7 3
2 3
9 3
16 4
14 4
5 3
15 0
11 3
15 2
7 0
9 1
10 4
0 0
17 2
0 0
30 5

36 26
76
2 13
33 3
16 25
14 4
8 22
7 0
13 18
23 11
33 12
12 20
16 12
0 5
25 12
7 15
13 23
9 22
31 7
31 4
12 21
34 18
16 9
29 2
18 11
7 1
1 9
22 13
26 3
27 24
22 17
32 8
28 11
28 18
9 16
0 18
17 17
27 22
6 8
19 23
4 5
6 18
20 4
11 3
16 0
30 10
4 8
10 2
17 15
17 16
4 9
16 22
33 13
27 11
20 24
18 24
20 21
19 25
29 5
29 23
24 24
31 8
2 1
5 6
33 5
14 14
24 1
33 21
14 13
9 20
22 1
14 6
32 9
30 16
35 6
33 6
34 20
33 0
50 10

8 42
67
4 6
1 31
7 19
2 1
0 32
6 7
1 28
0 38
3 14
1 34
0 32
0 25
3 19
6 35
1 28
6 39
7 11
6 33
2 23
3 15
6 21
6 34
4 37
5 18
1 21
6 30
7 33
4 17
2 21
3 1
5 41
7 32
4 11
7 38
1 4
6 12
0 14
0 36
0 22
0 40
1 4
4 21
4 11
7 32
3 39
3 30
3 10
2 10
6 18
7 28
0 9
7 14
1 39
5 19
3 35
2 31
1 26
7 3
2 39
6 26
1 32
2 22
5 33
5 26
3 7
4 40
7 32
20 4

27 38
33
12 28
4 26
19 25
14 3
13 21
3 15
14 18
7 13
20 35
26 13
9 25
3 14
17 18
13 28
16 28
24 29
13 16
3 31
3 36
5 29
25 23
26 32
4 24
12 31
16 30
13 37
10 15
7 27
24 15
7 36
14 34
1 18
0 23
4 1

39 43
51
14 34
2 9
14 19
29 7
23 20
4 20
15 9
8 23
18 31
21 28
10 17
18 27
27 39
17 41
26 18
28 18
7 6
26 31
32 13
4 28
13 7
2 24
16 38
15 40
19 34
5 3
20 1
38 21
32 0
34 16
11 12
29 37
26 36
29 38
17 35
27 5
19 24
14 12
0 40
0 25
24 1
30 31
34 8
36 17
27 3
10 24
4 42
25 10
21 41
14 11
36 8
6 2

26 46
186
7 19
20 35
11 3
24 40
25 44
22 40
25 23
17 45
24 2
14 44
4 19
4 36
20 18
12 12
0 31
22 43
21 24
24 42
8 31
23 30
24 13
3 7
23 24
14 15
22 6
17 9
10 15
1 13
3 4
3 2
19 39
7 22
8 2
10 22
15 23
1 31
20 23
8 17
15 19
21 15
20 38
16 42
2 10
24 39
7 27
16 28
19 44
17 13
2 41
21 19
16 34
1 26
14 22
24 1
19 43
6 38
5 9
8 24
10 9
2 17
5 2
6 43
24 3
23 21
18 1
5 6
10 45
10 30
15 22
0 45
4 0
4 2
18 27
11 26
10 24
15 43
2 21
19 9
24 34
15 26
14 3
22 35
25 0
24 7
20 11
23 1
1 40
11 16
20 4
11 13
17 0
2 14
24 12
13 22
16 19
25 41
22 5
14 15
12 1
24 1
12 43
21 19
10 8
1 15
12 43
10 28
13 26
18 20
2 17
7 44
2 40
3 13
11 9
18 13
22 17
0 28
17 33
10 38
15 13
9 11
11 17
0 30
0 16
17 22
20 30
15 19
7 44
20 39
19 4
5 1
19 41
15 29
0 10
2 6
14 30
2 13
23 17
11 16
20 42
10 43
16 42
6 10
3 14
11 14
17 44
20 43
19 28
7 20
17 5
22 24
24 18
19 18
21 19
1 1
1 34
1 9
15 43
0 12
21 36
13 11
19 44
12 14
0 19
1 44
1 2
12 45
14 4
15 28
3 3
5 27
6 45
5 26
20 38
19 39
0 8
1 31
1 42
23 15
4 13
16 0
1 29
9 33
10 27
4 39
19 17
7 44
21 3

24 35
183
14 23
17 20
2 21
1 19
20 26
6 1
16 22
12 1
12 0
12 11
1 2
15 29
14 13
14 18
16 25
16 4
15 0
10 33
5 3
19 30
20 5
21 25
0 16
14 16
19 11
5 11
21 15
20 17
19 27
10 18
15 6
21 13
13 21
10 21
18 14
13 8
4 13
19 6
11 15
3 3
1 29
1 4
6 14
10 22
7 22
3 32
3 2
1 33
4 18
10 8
23 27
6 24
11 27
22 0
8 4
7 8
23 23
18 9
17 11
6 28
0 7
3 18
17 27
21 6
22 27
19 10
10 33
10 13
22 23
16 34
17 13
17 17
0 27
21 0
22 18
14 8
0 17
9 22
22 0
9 22
13 5
23 3
18 29
10 4
13 16
4 14
3 32
10 8
2 5
20 22
10 25
6 15
21 17
11 17
1 25
4 30
1 31
9 11
21 20
13 2
16 8
7 25
8 21
23 29
14 17
6 1
10 20
3 2
5 17
20 28
23 29
9 32
12 18
0 7
22 24
11 1
5 27
10 23
11 25
20 27
5 3
1 13
8 33
2 13
3 18
10 6
18 19
10 29
3 8
7 19
20 9
9 10
3 13
0 5
4 6
23 23
15 2
23 11
19 6
19 31
16 12
12 20
17 2
16 0
5 30
17 31
6 9
15 23
19 17
10 27
15 12
15 20
19 26
6 1
9 9
21 28
18 4
22 8
11 3
19 3
13 9
23 21
10 14
7 6
21 11
12 9
18 12
2 27
1 11
6 20
15 15
21 34
11 0
8 13
18 11
6 4
10 29
13 1
8 34
13 33
7 5
22 0
18 30
40 8

42 40
49
25 38
31 17
36 6
28 25
21 5
1 4
5 3
33 8
37 35
27 8
14 33
18 25
14 19
8 6
9 22
22 18
28 20
40 37
30 1
33 28
3 32
35 10
6 38
34 24
34 29
25 32
14 1
29 2
5 24
12 13
10 38
3 14
33 16
41 18
41 1
16 25
28 29
33 19
11 14
10 2
10 11
40 32
17 13
20 14
14 8
7 0
29 19
6 5
1 37
7 1

44 20
108
6 13
18 6
1 18
6 13
3 10
20 15
25 19
9 6
37 15
22 19
31 14
26 15
43 15
10 10
32 0
23 11
32 8
43 14
7 0
38 6
9 5
21 9
31 12
32 19
31 5
4 1
12 7
39 0
19 10
6 10
38 10
26 8
6 2
3 16
14 7
8 0
18 7
16 14
40 12
19 18
29 16
15 8
9 15
20 0
2 0
17 7
5 5
5 12
32 1
30 11
41 4
28 2
41 2
13 15
3 17
23 6
20 8
20 19
40 6
33 17
20 6
5 9
38 14
40 13
14 18
25 7
22 16
40 15
18 4
20 18
13 4
42 14
27 8
18 5
43 19
9 3
42 3
15 8
31 0
2 2
13 11
8 5
26 11
13 13
3 13
8 14
37 9
1 17
30 11
38 10
14 2
35 3
39 2
10 11
22 12
2 12
3 19
10 12
15 1
8 7
21 13
4 5
23 6
38 9
22 8
17 18
3 1
31 7
10 2