10

49 34
41
2 19
14 22
16 21
31 30
43 8
13 9
48 0
37 8
12 23
5 8
33 31
14 15
37 23
32 10
29 14
13 12
44 14
46 18
24 10
39 1
5 1
0 18
41 9
22 25
4 24
42 26
13 33
31 12
5 31
37 29
32 16
4 11
4 8
41 17
4 19
18 11
5 23
14 8
31 3
28 3
25 17
5 1

36 48
84
0 18
5 29
16 33
35 17
11 33
23 43
21 7
4 34
33 10
3 3
33 30
16 25
22 40
18 41
10 3
35 27
23 10
1 27
35 2
6 30
24 30
14 15
20 23
2 29
0 26
9 0
8 2
28 17
20 42
32 16
14 29
7 3
23 8
0 6
31 17
9 14
0 38
4 1
13 38
22 12
13 7
30 38
26 42
9 27
21 7
30 33
19 22
3 18
28 32
35 14
32 2
5 25
9 1
13 38
9 30
6 41
2 12
16 27
19 24
27 40
14 42
29 6
25 19
8 28
9 23
26 32
35 36
29 46
8 35
22 2
16 0
14 46
13 15
18 23
21 30
22 44
5 21
1 16
33 4
11 39
34 10
35 21
30 45
26 39
50 14

59 20
59
48 11
4 4
16 1
57 3
31 4
1 4
55 19
21 19
23 17
18 11
0 9
4 16
4 12
16 1
10 15
57 17
52 1
26 9
41 7
24 19
49 12
42 8
28 13
21 11
20 1
48 15
5 7
22 0
22 11
57 3
10 8
49 11
39 9
15 10
50 18
34 9
0 0
38 0
27 0
15 1
16 10
31 10
23 16
9 0
5 18
5 9
41 9
43 7
42 18
43 1
54 15
29 2
7 16
32 18
34 14
18 17
33 14
52 4
10 12
4 1

51 48
109
29 9
48 23
38 20
29 21
29 36
41 45
31 5
10 32
18 37
37 36
9 1
45 39
18 44
4 28
33 40
11 12
9 36
1 24
42 4
6 6
24 46
3 14
7 35
48 26
31 42
13 4
47 39
29 37
42 34
1 37
48 22
30 18
10 36
46 42
7 1
42 9
37 45
1 29
6 32
38 10
28 40
18 0
3 5
45 35
11 34
13 19
6 26
24 38
46 9
35 34
40 4
46 15
29 47
46 4
18 32
48 38
20 27
34 46
37 14
50 14
16 27
13 7
50 26
12 2
7 5
37 39
20 22
27 13
24 12
17 20
12 11
14 18
31 25
9 44
47 26
29 4
22 20
30 30
13 22
39 6
4 4
12 38
23 29
42 42
13 4
38 43
11 46
4 25
3 19
3 40
48 4
12 46
26 17
40 26
46 39
49 5
19 21
33 7
36 45
47 23
21 7
34 24
46 30
46 8
47 37
19 10
28 2
35 14
47 18
50 10

40 6
130
17 4
26 4
34 3
24 0
6 1
29 0
24 3
8 2
27 4
13 0
7 0
38 0
6 5
35 2
20 0
28 1
31 3
25 1
30 4
29 1
19 1
15 0
10 1
32 2
5 4
29 5
16 3
31 3
32 0
39 0
9 3
36 4
20 1
28 0
10 3
39 1
8 1
27 2
34 2
24 1
20 1
14 0
10 2
21 3
25 2
20 2
9 2
16 2
23 3
14 3
16 5
16 2
22 4
2 2
12 5
18 4
13 4
18 4
6 4
14 5
16 1
12 0
28 4
10 3
39 1
7 3
28 4
39 2
38 4
37 3
32 2
23 5
21 2
31 1
30 4
8 4
39 1
35 2
28 1
1 1
24 5
2 2
37 4
6 0
35 4
30 3
4 4
8 2
18 1
4 0
36 0
20 0
31 3
39 0
20 0
37 2
17 5
0 4
32 1
39 1
35 5
6 0
1 2
27 1
16 4
22 0
28 4
6 0
16 2
19 0
33 0
12 5
35 2
30 2
21 3
37 5
39 4
20 5
36 0
3 0
31 2
3 0
13 5
6 2
19 3
26 1
24 5
9 5
34 2
13 3
66 6

12 47
83
6 42
1 38
2 5
11 41
7 23
9 37
7 26
7 30
2 32
0 27
2 40
11 28
11 28
0 45
5 42
11 23
7 3
5 39
2 3
4 2
2 39
0 18
2 10
8 26
11 4
6 38
11 6
3 27
5 3
9 2
11 13
1 18
2 8
8 1
2 11
10 1
4 40
7 5
3 3
2 28
7 2
5 46
8 18
4 33
7 1
2 34
1 4
8 28
9 24
9 44
7 29
2 33
8 13
0 22
6 16
6 30
5 22
2 41
11 5
5 1
7 44
5 30
11 7
4 21
11 27
8 25
0 44
5 37
2 12
4 11
9 43
10 3
5 9
11 31
1 21
0 24
6 44
6 8
8 33
7 44
5 9
4 34
10 35
20 2

69 70
62
50 60
2 54
66 30
59 27
18 55
64 12
65 61
68 65
16 57
29 66
2 68
38 0
47 36
34 20
39 1
2 17
25 38
34 68
33 28
50 16
62 50
63 63
11 16
23 2
35 26
33 69
41 23
58 57
22 59
22 33
15 28
19 15
47 67
22 65
8 17
62 60
11 3
47 10
11 48
42 58
20 29
62 27
61 10
39 48
45 66
43 18
10 8
15 38
55 10
63 35
24 43
52 31
11 57
33 11
21 46
62 50
19 4
13 4
17 32
2 55
36 5
26 56
10 3

44 49
102
34 22
2 26
20 48
19 5
17 16
35 9
3 20
37 32
14 31
16 35
3 11
43 30
7 35
7 14
14 18
11 15
36 18
2 29
16 24
27 40
2 13
3 5
23 4
30 28
11 24
41 5
41 35
13 39
3 33
33 33
15 44
22 33
17 14
0 8
38 0
4 45
42 24
37 24
13 22
26 31
33 6
34 34
43 35
8 24
2 38
19 0
42 16
22 5
0 4
35 20
9 37
14 43
18 10
28 3
27 45
1 3
29 40
12 21
17 40
38 8
31 7
2 28
37 9
43 10
8 47
23 2
14 6
26 15
8 28
11 0
21 16
40 25
6 31
36 48
14 32
21 45
37 48
31 15
2 47
4 23
9 42
1 46
18 12
38 31
27 18
19 25
3 5
18 44
1 35
4 6
19 9
2 15
12 40
32 23
39 21
10 37
19 42
24 11
43 9
16 42
19 11
21 0
40 13

29 14
126
18 0
17 8
23 12
11 2
9 10
21 0
22 9
19 4
17 13
14 13
20 9
7 5
25 3
20 4
19 13
23 0
24 4
26 6
7 2
23 7
24 9
17 8
5 7
28 0
28 2
10 4
28 4
3 4
9 8
12 8
15 13
8 11
11 13
25 7
17 8
18 6
28 8
9 2
22 9
15 7
28 1
27 7
25 9
27 10
26 7
3 6
0 9
2 9
7 10
20 0
0 6
11 9
11 2
15 4
22 10
21 10
4 4
17 13
27 5
7 8
19 13
18 7
12 4
15 2
8 12
15 11
13 5
28 3
1 13
13 10
19 2
12 1
4 9
2 13
6 12
17 8
8 11
16 8
16 11
17 8
21 1
5 7
14 1
14 4
7 4
0 4
9 5
16 3
26 2
7 4
16 10
21 12
8 7
19 12
15 6
11 1
11 13
2 12
24 5
17 12
5 2
15 2
3 9
24 13
15 9
17 12
22 11
24 6
2 1
18 0
21 2
10 11
2 10
15 8
26 13
18 13
23 11
11 10
13 10
11 12
14 4
25 6
7 1
4 10
16 12
9 9
50 10

14 34
131
10 12
6 23
9 22
12 22
4 19
5 31
4 15
12 23
12 5
8 8
11 15
13 21
7 23
6 6
9 6
0 29
9 27
8 4
9 23
0 2
5 7
13 30
3 12
13 9
10 30
4 32
2 11
10 6
4 25
7 22
0 22
11 15
5 8
10 20
11 20
12 31
13 30
6 30
8 9
9 31
7 28
9 30
1 29
12 19
10 33
5 5
10 26
1 25
3 27
2 32
1 28
5 31
12 29
9 32
5 10
0 4
4 26
3 0
11 0
9 25
0 21
9 17
0 21
11 5
12 0
3 7
8 22
5 6
4 26
5 30
7 10
0 27
1 8
13 17
7 10
13 8
4 0
8 23
7 9
11 13
11 13
7 17
5 19
4 19
5 2
5 17
11 5
8 27
10 11
3 14
11 33
12 31
3 4
9 19
10 22
5 6
4 22
4 30
6 9
0 11
4 12
13 19
6 28
10 22
4 12
7 22
3 31
3 22
3 7
13 13
6 7
0 20
3 24
9 29
13 23
11 17
0 30
4 16
1 19
11 23
3 5
3 26
7 18
4 1
7 18
1 20
3 18
4 20
6 9
10 32
5 27
20 3