75

58 25
58
5 22
41 7
5 10
55 24
54 20
21 23
54 7
20 24
23 10
38 20
40 7
56 20
57 16
22 1
56 9
33 7
25 11
28 12
20 21
16 16
13 13
7 18
23 6
8 19
23 2
17 5
30 20
11 22
34 22
53 13
9 13
26 15
28 8
44 6
34 3
49 18
8 4
41 21
39 7
55 8
18 16
26 11
13 18
53 7
9 11
23 1
15 8
36 16
55 0
30 14
28 2
56 1
56 23
25 21
15 12
37 13
10 3
13 20
19 2

11 14
11
9 1
5 11
5 12
10 4
9 9
7 2
4 0
1 8
4 3
6 10
0 12
5 2

7 38
7
6 36
3 3
6 15
5 10
3 28
2 11
3 1
6 1

24 16
24
9 0
11 7
23 4
18 3
15 13
3 2
15 2
7 14
5 0
17 7
6 15
13 4
9 5
15 10
6 12
21 6
16 14
21 13
3 11
14 9
12 15
3 5
13 0
18 5
6 2

53 61
53
47 23
2 26
9 1
12 44
36 52
47 48
32 59
14 22
25 39
44 4
10 8
7 16
31 3
38 52
34 6
1 58
12 5
34 56
27 35
8 33
9 58
41 11
8 50
4 16
30 30
45 7
9 54
47 49
24 11
15 2
9 44
17 15
10 53
43 58
25 32
19 0
43 14
5 30
10 4
15 3
10 1
18 35
12 1
14 13
16 18
5 20
29 57
0 2
16 0
35 51
33 33
34 10
9 33
13 2

40 41
41
20 7
10 17
7 9
25 30
25 33
18 14
3 37
2 2
20 23
12 28
5 30
27 3
11 27
6 1
3 17
18 12
6 24
4 6
7 24
7 17
12 8
8 27
19 20
12 7
38 25
26 9
39 8
38 23
26 3
6 30
13 35
21 35
3 29
31 8
25 9
1 21
16 35
21 21
28 36
30 9
20 40
10 1

45 61
61
0 54
38 13
32 50
16 9
37 13
37 60
6 24
2 25
5 27
44 6
38 58
44 16
22 51
12 45
17 7
40 32
29 52
25 28
10 56
18 57
34 55
2 46
22 54
10 14
0 51
13 42
24 37
7 48
4 37
34 16
32 19
8 53
35 59
37 51
42 35
35 24
28 24
15 30
42 21
2 10
29 49
1 51
25 5
34 37
15 48
29 45
5 15
5 59
2 39
33 60
14 60
26 23
26 38
9 32
21 42
30 18
39 41
42 45
32 25
10 47
10 1
8 2

23 75
23
1 60
5 40
3 39
18 69
6 52
2 65
0 12
0 52
9 34
21 33
12 21
22 4
14 11
14 13
20 48
10 46
0 50
14 73
3 2
1 10
7 20
20 66
4 23
5 1

70 12
12
54 1
20 2
20 9
46 0
67 4
69 5
22 7
58 8
33 8
61 4
17 8
65 9
2 1

71 44
71
7 7
44 10
64 16
21 40
45 8
1 1
1 39
19 40
39 39
54 2
22 2
57 28
54 30
32 42
67 33
21 34
46 15
45 21
62 32
14 14
45 27
12 22
29 22
42 29
27 12
56 26
17 16
53 29
51 21
69 17
33 21
33 6
43 40
55 32
1 22
34 26
52 43
59 0
9 13
34 19
27 2
13 7
8 26
3 22
64 1
56 41
41 1
5 17
15 28
0 26
22 18
20 30
47 8
22 15
51 36
42 2
49 18
8 30
66 30
0 2
45 12
10 21
47 14
47 30
43 7
55 28
66 22
40 39
53 23
7 40
46 4
19 1

50 3
3
39 1
26 1
2 2
9 1

13 63
63
10 59
12 60
9 23
9 43
9 15
7 18
5 56
2 46
9 10
11 10
7 38
2 28
9 8
10 22
3 18
0 8
9 13
7 6
7 28
0 39
8 32
7 19
4 48
1 14
4 31
2 19
2 39
8 62
6 3
5 7
0 56
4 4
10 19
11 14
2 12
1 36
5 62
4 36
1 30
7 36
4 56
6 30
5 11
12 29
7 47
10 57
9 38
5 43
12 50
5 48
7 50
12 21
4 22
6 39
4 45
2 57
4 10
12 19
0 28
10 56
8 24
4 8
8 14
14 1

37 32
37
20 11
14 27
6 3
7 5
32 0
22 10
11 3
11 13
33 31
14 25
32 23
26 15
20 0
28 9
33 17
18 23
0 18
17 3
27 15
9 26
3 0
24 24
10 18
8 28
3 6
30 22
24 27
10 12
29 27
13 26
11 5
32 15
11 29
15 1
21 1
22 12
26 16
1 2

23 15
15
1 6
16 4
16 0
18 13
15 10
12 14
4 1
12 11
8 3
14 5
11 8
4 6
16 1
7 0
21 9
17 2

41 14
41
5 5
20 13
1 12
12 9
14 0
7 10
31 9
6 7
32 3
18 0
16 11
11 13
8 7
20 7
5 0
27 13
25 13
35 10
10 13
13 5
15 0
9 9
23 5
40 6
16 8
29 2
27 8
1 3
33 5
39 9
39 8
19 8
7 3
12 6
38 11
9 7
7 12
36 13
11 0
31 0
39 5
16 1

41 32
32
30 8
8 22
37 6
10 7
1 14
17 7
7 1
4 13
31 24
22 21
20 25
7 4
13 28
32 10
2 20
4 18
15 8
9 24
7 12
22 17
18 23
5 13
40 25
14 11
31 16
6 16
29 13
11 0
3 19
17 15
39 18
40 31
14 2

31 40
31
16 25
8 20
10 29
7 38
29 22
6 8
11 32
7 0
21 38
11 17
19 18
15 11
4 39
23 8
17 24
21 18
18 22
10 8
25 0
22 27
5 13
4 13
14 27
9 26
12 0
7 32
8 23
3 32
23 34
15 10
14 9
2 1

35 75
75
34 21
0 41
21 49
3 45
24 50
29 72
1 67
34 54
6 28
26 59
9 5
14 5
4 33
18 61
26 50
0 36
29 48
25 55
7 52
31 21
6 45
9 55
27 23
9 30
30 64
11 45
7 27
32 4
12 53
6 0
34 11
10 59
13 37
33 18
12 56
20 43
30 70
23 48
23 66
25 63
29 54
18 38
6 32
26 19
18 39
21 18
10 45
20 35
23 13
10 48
29 27
11 6
13 12
6 18
14 37
25 46
29 35
4 66
8 0
19 58
2 2
14 61
25 42
25 50
29 59
28 32
21 33
22 65
28 69
15 29
8 25
10 0
19 48
0 71
21 47
18 1

18 6
6
2 5
13 1
15 3
11 3
7 4
11 2
2 2

48 25
25
26 21
37 18
13 3
42 0
23 19
26 13
27 19
13 23
37 8
13 6
0 1
21 1
12 16
16 8
44 5
15 19
31 13
38 4
25 5
38 19
8 24
46 15
34 23
4 24
29 9
1 2

35 14
35
34 4
33 10
23 13
34 13
15 11
1 6
19 8
29 0
5 13
27 1
0 1
5 0
23 1
18 4
19 9
7 8
20 1
11 9
18 11
2 8
7 2
26 11
12 8
25 12
3 3
2 12
17 4
31 9
20 2
27 13
7 10
20 10
25 8
21 3
14 12
12 1

17 13
13
0 10
2 4
1 2
9 7
1 0
15 12
6 0
5 11
14 5
8 6
15 6
7 2
13 9
0 1

38 33
33
26 17
29 14
26 29
2 2
10 21
23 26
29 24
32 25
7 2
8 0
30 10
2 3
15 32
0 6
29 18
20 7
7 26
27 19
0 30
27 10
20 13
3 10
6 2
32 7
27 7
14 16
5 0
27 2
30 23
4 29
7 8
28 5
29 23
11 2

57 5
57
20 3
46 4
55 2
41 0
30 3
36 0
9 0
2 0
48 1
34 3
29 4
25 1
20 0
31 2
23 0
44 1
29 0
22 2
47 1
54 1
19 1
12 1
50 3
21 4
4 3
30 1
26 3
22 0
38 2
49 1
53 1
46 3
6 3
23 2
36 4
36 2
28 2
32 4
12 3
27 1
29 2
16 1
18 2
19 4
6 0
12 2
45 1
7 3
24 0
0 2
5 3
51 2
52 3
12 4
21 0
42 0
25 4
5 2

66 17
17
38 14
40 15
10 8
50 13
64 13
14 11
28 12
43 8
63 12
51 16
1 6
6 13
6 11
16 8
53 3
63 3
42 12
13 1

59 16
59
2 3
42 0
46 11
49 12
47 1
51 1
5 14
11 15
15 14
0 0
43 10
39 3
18 2
45 15
25 7
38 9
35 2
58 0
27 10
53 10
54 9
10 15
42 12
13 12
55 12
48 1
31 5
11 12
13 7
39 1
26 4
37 5
49 14
10 14
10 9
0 7
33 13
14 2
30 1
4 4
29 8
25 8
12 14
27 8
11 2
31 2
48 11
25 13
21 8
6 0
57 0
24 6
16 5
5 2
39 9
5 7
41 13
57 13
37 10
6 1

70 5
5
15 2
64 4
13 2
62 1
29 2
3 2

66 14
66
53 2
46 4
2 10
0 12
48 3
57 6
17 3
4 3
44 10
55 9
29 7
7 0
45 5
36 13
50 7
12 11
59 9
2 7
19 9
62 13
56 7
17 7
7 8
43 12
36 2
16 2
60 12
19 6
38 3
64 0
24 12
22 8
50 10
64 13
47 11
53 8
61 4
15 6
12 3
35 13
28 0
59 13
10 10
50 3
17 13
3 3
41 8
51 6
46 7
13 6
26 5
23 2
32 2
34 6
17 5
65 0
44 9
24 13
48 9
62 5
36 8
43 5
9 3
36 10
0 11
1 3
12 1

44 68
44
23 11
7 9
14 16
33 20
41 10
9 4
24 67
32 35
25 31
39 0
24 17
29 6
32 29
5 39
8 11
31 16
4 51
3 5
5 59
23 4
32 47
14 63
32 56
1 7
13 33
13 26
8 37
19 12
10 44
42 9
17 52
39 7
12 46
24 7
3 18
3 27
1 66
27 29
18 31
7 4
2 42
8 29
31 67
23 51
10 2

8 52
52
7 27
7 39
1 4
2 38
2 26
6 42
2 20
7 21
7 49
5 51
7 35
5 29
3 44
5 33
5 38
0 38
5 4
3 23
4 25
1 50
2 43
3 41
3 8
0 23
3 10
0 33
0 42
3 0
4 12
3 4
3 16
3 1
7 40
5 18
5 36
2 24
3 36
0 12
2 42
2 45
1 2
6 43
2 10
5 9
4 35
6 9
6 21
3 6
5 34
1 11
7 46
6 26
16 2

35 40
35
23 14
21 7
1 19
7 6
25 9
8 10
23 15
33 13
26 3
19 19
27 33
19 1
4 20
33 18
18 27
32 38
31 11
0 38
33 33
33 35
10 39
6 24
29 3
29 9
1 16
30 21
17 11
21 22
15 27
20 9
13 28
3 15
19 9
4 13
33 4
6 1

23 61
61
19 17
15 30
9 7
4 31
1 19
22 47
20 51
14 13
20 38
2 53
7 57
15 52
10 48
20 60
22 54
17 39
3 9
8 35
5 35
14 54
14 25
11 39
15 51
1 1
14 14
9 27
1 6
18 23
4 50
11 4
13 48
8 28
20 23
19 46
4 18
17 22
3 29
6 1
17 49
16 2
21 9
13 30
5 44
14 39
12 22
20 14
1 15
13 17
4 51
5 1
6 13
10 1
0 34
11 54
19 20
2 26
21 32
7 51
17 25
12 53
13 28
1 2

72 70
72
55 69
43 12
11 14
67 17
17 10
46 52
60 69
29 47
42 39
21 66
2 3
50 15
36 4
61 14
61 58
10 61
35 51
55 54
63 15
0 59
57 39
26 26
23 52
1 45
69 50
35 49
39 34
52 50
70 41
14 44
56 59
7 63
70 48
62 50
0 22
30 41
41 40
69 66
55 7
50 64
2 48
67 1
49 28
7 19
70 61
65 9
29 40
18 58
17 29
51 18
7 58
9 64
3 19
36 45
70 59
15 17
37 0
48 25
39 68
10 20
24 8
53 55
39 58
22 28
13 12
24 2
9 13
58 24
51 9
6 5
58 32
1 33
3 2

48 13
13
26 10
16 12
1 1
3 5
5 7
30 7
38 8
18 0
45 8
33 8
17 11
18 3
30 1
1 1

61 71
71
17 70
56 65
33 61
44 15
12 30
37 26
26 68
17 10
49 4
4 26
51 15
52 38
11 48
23 17
60 33
28 46
16 23
58 17
46 6
11 10
48 14
16 56
24 26
36 1
0 54
54 15
10 33
31 35
40 53
43 63
57 30
48 25
3 39
22 37
11 16
4 38
45 3
42 25
44 68
12 57
17 1
37 50
17 61
31 19
41 64
9 53
16 50
2 36
54 63
16 3
44 48
44 55
4 0
43 13
28 69
3 34
39 33
5 20
22 65
30 35
41 10
20 14
22 14
26 47
30 23
58 34
32 39
16 30
25 34
27 9
43 0
9 2

52 74
74
47 17
13 64
48 31
11 5
10 5
38 9
32 60
21 31
20 46
46 1
6 19
7 8
34 6
8 24
23 4
20 31
30 27
28 26
20 9
33 25
45 49
22 25
43 37
30 51
5 53
8 68
42 15
18 34
22 26
3 33
9 61
51 34
39 37
26 58
45 55
12 26
17 23
5 71
51 73
17 61
7 65
11 36
8 6
21 65
21 35
46 42
15 14
44 6
1 62
19 42
28 43
21 8
30 37
7 55
51 54
8 38
46 43
8 1
11 3
45 16
39 4
51 1
4 27
51 24
40 32
21 37
29 63
50 16
50 70
36 8
9 71
4 71
28 64
0 15
9 2

73 56
56
27 26
23 40
23 2
59 49
17 11
45 49
39 9
33 14
51 12
16 8
0 5
13 26
50 37
33 25
70 21
49 4
26 35
4 6
28 7
28 31
53 40
32 37
20 40
26 28
0 52
25 14
31 2
50 54
54 3
44 30
38 32
58 30
36 28
20 8
55 43
27 40
49 17
13 44
4 28
60 17
12 30
3 31
63 40
60 28
0 47
50 29
55 46
16 21
0 41
60 39
66 28
46 2
25 44
47 3
3 23
65 9
12 2

35 55
55
21 6
22 20
5 4
25 18
31 30
19 16
23 10
9 22
3 7
3 28
16 2
13 24
27 43
8 46
19 29
4 6
14 37
10 2
25 0
17 5
30 15
14 26
31 6
34 51
1 44
9 0
14 48
19 44
0 13
2 20
2 22
1 2
24 34
22 5
5 35
28 54
4 28
5 5
7 17
34 2
20 3
31 11
17 42
5 44
4 36
28 0
11 5
34 30
9 25
16 37
16 48
3 36
13 44
32 45
10 37
3 1

16 65
16
15 0
13 22
3 34
11 7
4 62
2 50
5 9
8 2
6 22
12 52
8 46
11 42
13 2
0 34
6 24
14 22
16 1

44 33
44
9 1
42 15
30 19
29 20
3 21
4 23
19 18
26 16
29 11
33 21
3 7
31 12
5 20
2 3
7 30
28 21
38 28
7 1
13 27
29 25
29 28
0 2
34 29
24 16
26 2
41 13
15 27
21 11
35 17
2 30
39 9
23 10
42 10
34 30
28 29
27 13
2 9
40 5
17 10
41 31
3 16
7 32
34 27
10 30
0 1

59 55
55
38 31
29 31
55 17
3 6
45 3
5 18
4 42
17 2
43 7
16 24
19 48
34 36
53 4
41 31
12 23
50 29
11 9
0 46
32 43
6 45
55 39
46 49
14 12
43 53
43 30
23 52
42 54
52 46
8 13
49 32
17 45
36 3
42 8
2 40
41 28
46 5
10 13
56 3
55 24
33 49
45 39
21 4
55 2
11 3
31 11
32 12
17 44
8 31
23 30
34 7
58 34
32 11
40 52
37 5
44 5
6 2

16 32
16
3 24
2 0
3 3
4 14
5 19
3 14
6 16
3 27
13 24
7 4
14 30
7 16
8 9
1 15
6 24
6 30
7 2

44 33
44
17 17
4 23
8 13
23 2
15 22
13 12
13 18
26 17
39 30
21 10
31 25
5 9
12 16
13 25
16 16
33 18
42 12
12 10
43 7
41 11
39 28
22 31
16 6
10 2
21 11
37 23
41 8
33 31
37 30
35 14
34 30
37 31
20 25
43 22
1 32
20 5
5 4
25 5
40 14
8 15
1 30
20 3
24 23
2 9
2 1

30 28
28
10 6
12 2
22 2
27 27
22 24
9 6
29 1
6 25
13 22
3 24
2 4
0 27
8 12
13 25
29 12
4 18
15 17
14 14
24 2
19 4
29 14
0 15
3 16
21 17
5 23
26 0
14 19
16 10
3 1

28 23
28
12 18
3 20
16 22
19 10
11 1
7 15
4 13
25 11
13 8
6 17
2 14
11 18
15 7
17 8
8 8
12 9
27 17
22 1
5 18
20 8
16 18
2 9
24 17
21 3
7 3
26 8
7 0
4 0
13 2

52 32
32
46 7
22 6
42 14
14 6
15 6
29 0
43 17
3 23
29 31
43 5
13 8
7 7
41 5
47 29
17 19
46 6
14 31
27 20
19 19
36 23
20 30
44 27
24 8
28 20
28 4
5 11
33 26
6 14
49 24
41 21
31 17
13 11
4 2

3 16
16
0 10
2 1
2 8
0 0
0 15
0 14
0 7
1 13
0 5
2 9
1 6
1 15
0 6
0 9
2 11
2 13
8 2

22 2
22
12 0
16 1
8 0
3 1
4 1
21 0
11 0
6 0
19 0
18 1
9 0
21 1
3 0
8 1
7 0
19 1
17 0
10 0
1 1
6 1
18 0
10 1
3 2

28 53
28
18 39
18 22
11 23
20 21
15 47
9 1
9 42
25 6
12 16
7 0
13 17
8 33
4 6
8 8
8 23
12 15
15 10
21 18
23 30
5 21
26 11
15 14
14 49
0 1
15 51
1 17
4 48
12 19
10 2

60 52
52
42 18
7 49
50 43
1 48
5 29
22 40
57 17
29 44
39 14
34 49
47 51
25 23
15 40
44 34
7 42
2 51
22 13
31 33
24 26
4 11
30 13
34 24
10 29
7 14
43 7
20 26
39 37
33 46
4 7
16 21
47 14
25 41
0 23
25 12
10 31
9 36
46 20
59 29
37 44
41 41
9 32
25 3
43 9
26 49
38 15
54 44
15 3
43 34
42 8
10 45
51 34
20 17
12 2

22 35
22
19 16
21 12
7 3
15 21
6 31
8 26
0 28
9 25
17 3
18 6
11 29
14 30
1 17
12 12
0 19
3 24
20 0
18 29
10 13
5 5
16 22
8 17
7 2

32 40
40
12 27
6 34
22 38
0 14
16 18
18 25
29 16
1 20
24 24
30 3
12 22
23 7
25 26
2 38
24 27
7 27
20 26
29 7
5 12
25 22
29 6
10 7
7 16
28 28
9 15
19 5
7 25
1 0
21 4
11 15
15 29
18 3
6 31
10 6
28 21
30 36
21 19
31 1
26 11
0 4
9 1

56 19
56
22 6
35 7
8 1
16 13
34 2
30 3
0 8
6 8
26 15
8 16
11 18
30 13
12 3
46 9
2 0
32 3
19 18
17 13
37 5
7 15
4 4
46 1
48 0
32 12
44 15
15 17
20 9
41 16
35 11
33 12
55 11
52 8
45 5
15 7
41 5
28 14
53 8
8 10
0 12
22 4
18 6
31 9
13 12
46 10
1 16
19 12
49 18
4 14
36 16
7 17
52 9
18 0
25 7
20 7
32 11
23 1
0 2

36 17
36
11 10
4 6
7 8
10 3
27 7
12 14
29 1
31 11
9 15
15 6
15 10
20 16
13 0
35 15
35 11
13 14
33 8
26 1
7 10
31 0
31 16
2 15
20 15
25 6
18 10
20 11
13 6
10 0
4 3
34 6
4 5
32 1
6 11
34 14
21 12
30 8
19 2

41 57
57
1 8
21 35
16 49
13 37
15 17
25 5
18 53
26 15
10 29
21 4
4 38
6 24
6 53
5 13
32 15
21 49
15 26
19 25
6 8
24 24
10 44
2 18
13 5
7 10
38 34
19 23
21 25
3 47
28 14
14 17
18 54
21 39
29 46
30 53
0 48
30 48
18 1
20 45
8 42
9 23
38 36
12 1
18 13
36 31
16 4
13 38
1 47
12 24
0 55
12 12
13 35
30 42
23 30
18 25
0 4
14 24
1 37
0 2

42 62
62
6 60
13 21
2 9
14 15
14 61
0 6
17 20
7 39
10 27
41 36
9 10
15 37
36 23
10 28
29 55
6 16
6 18
7 27
23 31
5 2
40 58
6 1
3 8
23 38
33 22
18 61
33 53
39 60
15 40
27 13
11 3
0 10
20 51
30 29
21 35
25 39
27 42
21 8
6 46
4 1
37 13
26 60
20 45
29 50
18 23
36 19
34 2
16 39
15 27
14 56
20 46
0 32
10 50
21 20
31 15
34 14
32 11
0 46
2 25
28 61
22 20
26 47
14 2

17 37
17
13 17
15 33
13 3
14 24
12 30
2 8
2 13
13 28
4 14
2 26
15 21
1 13
4 24
14 36
13 13
2 36
7 4
5 2

56 28
28
47 24
18 27
53 4
10 4
53 15
29 12
26 20
6 4
48 5
37 0
36 9
52 2
24 11
24 6
23 6
33 25
37 19
13 27
21 11
3 20
42 13
15 1
15 13
48 10
29 23
29 18
23 7
50 18
0 2

66 35
66
49 13
27 11
18 0
37 17
49 9
32 10
17 14
12 29
32 14
45 22
22 26
42 22
16 32
58 25
62 22
32 18
9 9
3 11
29 3
54 3
28 7
62 3
39 30
33 2
11 15
63 15
12 1
5 0
0 29
40 17
51 9
50 9
0 21
6 18
52 24
21 30
28 20
0 26
17 9
22 4
16 5
31 29
21 6
1 10
48 25
55 5
53 7
61 28
59 16
15 3
8 27
59 11
39 14
31 24
15 0
50 33
56 23
64 25
20 22
20 12
61 5
39 25
11 4
6 7
57 8
57 12
10 2

4 36
36
2 16
1 17
0 16
3 27
3 35
1 5
1 22
0 29
1 24
3 33
0 17
2 28
2 11
2 33
0 13
2 5
3 1
1 13
0 2
2 30
1 28
3 2
1 34
1 0
0 1
0 27
1 11
0 11
0 0
0 3
3 3
1 8
1 25
3 14
3 32
2 31
2 2

74 20
20
38 17
36 14
1 19
11 8
10 5
18 1
63 18
6 3
4 14
67 12
17 16
13 9
61 19
33 17
52 0
12 4
12 1
26 15
50 19
2 14
5 2

38 38
38
15 2
3 21
36 26
2 9
18 27
31 35
4 12
17 28
7 9
14 7
13 4
10 16
19 22
27 37
3 24
13 14
6 36
15 20
0 34
32 33
7 16
25 35
19 14
8 14
14 6
3 16
19 16
23 14
33 10
5 3
7 0
25 29
0 9
25 15
16 27
14 31
20 6
11 14
7 1

29 36
36
25 19
8 4
21 25
27 12
12 34
25 26
11 11
20 4
21 19
20 20
0 7
27 28
20 30
14 20
23 5
0 20
18 29
19 29
18 18
24 5
5 0
25 27
16 4
3 12
28 3
12 17
3 29
25 2
22 4
7 17
12 12
13 0
5 14
14 32
5 23
5 18
5 1

16 12
12
10 3
5 9
9 5
4 8
13 1
0 2
8 2
3 11
8 5
10 0
9 7
4 6
4 1

65 27
65
33 7
53 0
46 10
53 19
35 21
24 1
57 1
25 9
29 6
10 5
40 4
59 25
22 9
17 9
63 22
23 1
2 7
58 0
48 1
54 9
59 9
23 9
40 12
29 24
58 10
17 0
29 17
22 16
59 16
0 13
60 3
3 2
27 24
55 25
11 20
60 5
26 10
43 18
47 9
51 15
29 14
55 9
9 6
21 5
24 24
26 24
3 6
64 16
19 21
21 6
29 9
26 11
13 20
52 19
44 7
32 16
13 13
7 19
10 12
8 11
11 13
9 23
30 25
3 11
48 2
9 1

66 44
44
46 23
35 35
54 40
63 26
11 37
64 42
1 32
37 14
26 17
63 24
34 24
8 2
63 10
37 32
54 5
5 14
62 2
39 6
16 38
19 26
29 42
25 5
30 9
22 21
7 25
47 11
32 26
60 14
60 2
11 35
43 43
33 15
23 19
39 3
2 25
34 38
60 9
15 14
44 32
59 39
40 18
46 37
54 27
55 43
12 1

23 15
23
11 13
15 14
5 1
17 7
9 1
17 1
16 11
5 8
22 11
18 1
19 1
20 0
1 7
6 9
1 13
20 9
7 7
8 14
22 14
4 7
3 14
19 10
19 13
11 2

39 11
39
22 0
16 5
3 5
8 7
19 5
15 3
2 2
17 2
17 1
30 5
14 4
18 7
6 6
27 8
15 10
17 6
35 1
35 8
19 3
16 1
12 8
0 9
33 1
5 4
8 6
28 3
10 10
34 2
20 6
25 4
2 10
29 4
1 7
14 2
38 6
21 0
31 0
6 4
3 10
1 1

69 74
74
4 48
66 35
50 21
56 18
0 12
27 4
12 69
45 18
40 6
24 36
1 3
17 45
55 42
4 16
30 20
55 54
50 66
57 52
43 11
28 41
35 21
31 29
51 66
0 2
38 28
7 27
31 23
38 32
11 3
12 5
24 34
53 53
42 41
35 51
62 59
40 26
63 34
20 12
36 56
30 67
3 27
27 54
3 59
51 10
58 28
40 72
39 39
49 17
7 29
49 21
40 33
12 20
49 46
52 70
40 13
8 0
32 60
22 24
67 17
39 56
9 69
41 0
15 17
49 26
23 57
55 40
67 41
64 1
8 60
5 12
68 68
47 21
34 17
59 46
0 2

1 29
1
0 12
19 2

73 37
73
58 22
1 30
52 8
20 5
56 11
20 17
50 18
53 10
9 24
56 19
28 16
59 6
52 6
72 0
2 5
23 1
28 14
37 5
56 21
12 30
23 25
65 5
12 32
52 34
48 30
52 22
44 34
27 7
49 5
46 18
7 9
12 0
19 31
71 17
70 8
63 1
67 15
59 24
31 31
50 30
33 11
18 4
57 0
19 23
2 35
16 21
67 30
69 5
44 7
49 24
44 9
55 30
20 0
46 0
47 28
60 27
71 33
20 21
51 4
5 27
69 23
53 21
66 13
24 2
21 0
25 13
71 30
62 12
14 25
3 16
33 8
70 18
5 8
12 1

39 36
39
23 24
13 29
23 20
21 9
3 22
3 13
36 8
5 14
26 14
10 24
29 0
16 1
16 3
14 1
17 31
7 0
16 23
35 0
24 15
33 22
31 30
36 19
26 12
25 6
24 33
10 19
11 21
21 30
19 9
22 21
35 1
6 22
9 8
35 31
31 19
13 9
1 12
33 9
2 11
3 1

1 74
1
0 8
2 2

4 31
4
3 7
2 21
3 16
0 15
3 2