75

50 11
50
1 0
13 9
39 7
38 6
0 5
3 3
29 8
22 6
7 4
11 10
27 7
38 7
35 0
16 6
40 6
7 0
36 10
33 8
20 9
13 2
9 0
24 7
42 5
39 3
37 4
35 9
5 10
4 0
30 1
23 7
9 6
2 3
29 1
11 5
31 9
45 3
45 10
8 7
23 4
46 8
22 4
18 2
42 1
19 3
10 6
3 8
37 8
31 1
21 4
5 2
19 1

63 60
63
11 39
50 3
20 46
41 24
50 56
38 2
47 57
4 30
14 11
33 50
3 34
2 13
47 24
5 32
9 0
21 15
57 33
34 16
5 3
54 52
19 33
30 25
0 10
43 56
47 14
19 21
6 22
42 27
19 8
21 44
3 10
28 0
46 34
11 6
7 56
23 34
15 31
29 43
28 52
51 26
38 43
20 52
53 25
25 54
29 35
24 45
11 30
39 45
20 48
35 9
43 15
29 52
3 16
14 24
44 29
46 32
4 11
39 12
47 5
59 7
51 21
9 19
16 55
2 1

56 26
26
30 19
44 25
40 17
52 8
48 23
2 0
43 7
25 15
23 4
40 8
37 4
11 0
37 7
53 16
20 17
12 4
47 19
53 2
37 14
52 21
53 23
22 20
42 16
3 17
19 16
37 25
18 2

47 59
59
3 55
39 18
45 33
38 19
18 50
1 48
2 20
39 28
21 34
35 50
20 32
11 11
16 37
14 44
10 12
46 3
13 27
5 17
14 6
4 32
27 37
32 21
46 26
0 23
39 46
33 17
42 18
37 43
12 33
5 40
29 3
26 57
3 0
40 28
21 28
3 25
6 25
45 16
6 53
14 48
24 45
7 43
35 40
13 18
22 54
44 28
14 29
14 52
33 9
7 12
45 36
37 18
34 22
23 8
43 42
2 44
42 3
44 46
11 50
16 1

36 27
36
2 19
33 21
29 5
25 2
6 16
7 4
17 6
19 6
34 22
12 16
9 15
24 19
17 23
16 13
28 0
26 23
23 18
27 25
19 14
0 20
19 10
15 5
4 6
22 3
15 18
19 3
28 3
33 12
19 26
22 12
9 7
5 14
32 6
2 26
3 21
34 7
8 2

74 2
74
5 1
70 1
70 0
62 0
56 1
68 1
13 0
34 0
54 0
6 0
53 0
7 1
0 1
59 0
43 1
72 0
66 0
64 0
50 1
22 0
69 0
16 1
57 0
33 0
59 1
41 1
6 1
38 1
11 1
30 0
0 0
13 1
60 0
42 1
2 0
4 1
45 1
21 0
35 0
24 1
8 0
31 1
68 0
20 1
52 1
53 1
72 1
10 0
4 0
18 1
65 1
65 0
35 1
12 1
32 1
29 0
46 1
21 1
71 1
55 0
48 1
66 1
48 0
26 0
41 0
3 1
15 0
40 0
51 1
73 0
5 0
47 1
36 0
31 0
1 2

38 72
72
25 10
21 27
5 14
11 38
27 1
2 69
15 54
19 10
0 59
8 21
19 9
32 3
4 32
24 52
34 14
21 52
22 59
33 3
18 19
14 17
5 9
5 27
17 26
18 0
2 70
1 61
32 36
9 35
19 29
6 8
22 62
11 66
0 30
5 6
8 16
2 8
18 14
33 58
35 33
12 39
5 59
2 17
35 37
8 22
4 44
7 22
28 62
22 21
6 71
1 70
8 6
28 7
9 71
31 15
14 21
1 48
35 36
17 9
9 13
6 17
28 48
15 61
25 35
15 41
4 12
4 57
37 12
36 0
24 0
1 34
13 59
0 20
11 1

13 45
13
7 6
11 42
12 38
3 19
4 36
11 38
0 37
6 1
8 24
8 19
7 19
6 42
8 34
12 1

66 33
66
42 24
14 30
53 17
60 19
12 30
33 17
3 26
46 13
15 13
26 7
9 14
43 27
52 23
22 26
65 30
21 21
51 8
60 1
55 0
26 9
64 28
33 8
16 24
13 26
30 8
48 7
24 27
62 19
56 14
11 27
22 5
50 14
13 31
9 31
6 28
14 22
29 1
20 29
42 7
47 23
5 10
34 22
40 16
51 10
59 0
36 3
47 19
19 26
47 28
38 10
41 7
56 20
49 29
32 5
43 26
37 7
37 13
62 31
55 9
37 19
42 5
61 21
47 15
18 15
7 30
17 2
0 1

49 6
49
23 1
15 1
45 3
45 1
33 4
21 2
8 3
29 0
23 2
25 0
13 4
30 3
5 1
28 4
34 3
17 4
41 4
8 5
37 5
29 2
9 2
16 0
7 1
25 2
1 5
28 5
12 3
14 5
12 0
3 5
39 4
39 2
26 1
0 2
44 2
42 2
32 1
22 2
48 4
47 3
26 5
25 5
38 5
18 1
28 1
48 0
36 3
7 2
6 2
3 1

6 3
3
5 1
1 2
5 0
14 2

9 6
6
3 0
0 3
2 0
1 5
1 4
3 1
12 1

4 50
4
1 12
2 11
3 7
2 49
6 1

17 55
17
14 35
8 19
16 53
5 27
0 35
3 22
8 45
0 2
8 20
3 26
1 40
15 48
10 13
7 54
11 7
6 51
6 34
1 1

37 20
20
18 19
21 3
2 2
13 15
3 14
34 12
23 19
24 8
0 13
30 6
11 6
8 3
20 19
33 17
7 3
10 4
22 8
24 10
3 19
19 2
14 2

60 17
60
20 6
35 3
24 10
38 15
41 0
47 12
10 0
55 14
33 6
4 13
43 14
55 16
26 2
43 3
52 8
18 13
2 16
28 8
22 9
17 3
13 15
44 9
46 2
26 10
10 2
2 12
5 8
12 6
39 16
47 5
45 3
39 7
18 16
8 8
46 7
20 8
3 4
14 13
45 1
3 6
54 0
57 2
10 10
22 15
25 8
21 0
16 5
53 1
42 13
51 14
15 14
41 3
29 14
57 16
19 8
41 6
42 1
56 4
26 1
43 1
8 2

63 42
42
17 24
9 21
42 40
61 17
48 38
23 32
50 33
60 27
10 12
60 5
58 16
56 35
29 9
53 27
43 29
24 9
58 18
57 28
22 29
34 24
31 40
53 17
8 2
55 38
12 21
46 24
14 6
52 36
15 5
23 11
8 12
41 28
39 32
43 40
5 8
35 1
43 37
34 13
24 14
10 13
25 34
27 11
15 2

48 44
48
39 41
12 37
40 21
12 12
14 4
45 15
38 39
36 27
28 30
20 38
24 24
24 9
33 31
2 18
1 36
7 17
41 20
7 29
17 38
41 19
39 17
36 29
27 36
38 21
4 37
9 6
7 35
35 15
11 18
0 40
42 14
1 30
39 25
34 43
47 25
47 40
46 0
0 18
26 38
43 7
44 39
1 21
7 16
30 2
25 26
16 32
37 1
24 34
5 1

29 69
69
8 8
14 6
16 16
26 14
24 68
27 20
24 28
15 3
1 0
28 19
6 7
2 21
3 1
14 26
21 7
22 3
4 32
10 60
26 12
19 48
17 31
27 22
2 32
19 53
25 10
10 47
14 21
21 54
7 2
0 30
8 62
0 54
15 16
20 21
5 55
7 16
25 9
9 27
1 21
18 30
28 64
6 32
14 68
28 43
17 21
24 10
24 45
1 58
17 13
23 35
3 63
8 12
11 8
16 50
17 43
2 54
11 29
9 4
1 25
19 8
10 30
25 32
7 37
26 47
11 23
23 8
16 11
1 15
17 50
11 2

71 38
38
27 22
57 30
24 21
27 37
21 31
59 37
66 34
44 36
56 15
12 5
23 35
6 6
0 13
35 16
14 1
22 27
46 9
50 29
70 22
30 28
68 3
9 7
62 13
1 12
36 13
50 22
67 28
68 21
60 26
2 29
6 12
65 5
70 1
40 14
58 8
23 17
56 35
69 16
15 1

51 51
51
36 18
12 45
21 37
43 10
17 4
39 30
49 11
42 0
48 33
8 20
2 26
48 23
34 24
5 18
8 48
42 33
49 44
25 43
5 27
2 12
9 40
23 12
24 27
37 14
45 35
50 7
25 48
21 46
43 43
4 33
21 30
16 13
40 1
35 1
8 41
15 26
20 27
0 38
12 8
35 36
36 33
35 23
18 4
40 37
18 50
13 1
50 39
45 48
24 3
12 13
35 45
9 2

16 3
3
5 1
14 2
2 0
18 1

3 66
3
2 57
2 59
0 9
13 2

72 5
5
45 2
20 0
9 2
26 2
12 3
10 1

8 1
8
0 0
4 0
3 0
1 0
2 0
6 0
5 0
7 0
0 2

60 50
60
51 20
16 32
0 24
10 32
28 8
41 2
8 7
31 45
13 44
6 45
52 29
34 31
40 1
2 34
40 47
4 38
21 38
20 17
47 23
11 45
58 27
12 22
20 20
18 12
16 44
50 2
31 30
28 2
43 38
48 47
3 25
8 0
28 38
58 6
32 24
9 47
3 40
53 15
52 40
25 19
17 16
39 9
34 16
29 49
36 18
48 2
9 5
30 42
44 28
57 5
43 4
25 7
28 48
12 21
20 38
26 32
16 33
28 28
35 38
2 10
8 2

56 29
56
37 9
9 15
16 3
12 9
42 20
13 9
15 12
40 23
34 11
54 13
19 16
5 8
54 3
42 28
30 6
23 25
21 11
31 17
19 18
19 14
45 22
8 18
3 25
24 16
52 28
46 12
37 22
20 1
50 15
7 7
21 13
37 15
54 27
11 6
12 17
31 25
39 24
19 17
21 20
37 10
48 25
32 28
25 7
16 15
54 7
42 3
51 13
39 1
55 5
23 8
5 13
8 25
17 5
9 6
33 6
15 19
12 1

4 61
61
2 55
0 14
1 41
0 5
0 2
2 59
3 6
1 25
2 51
2 6
0 60
3 50
3 48
3 10
1 49
2 35
2 26
3 51
0 3
2 11
1 18
3 54
3 47
0 42
0 24
1 55
2 27
2 52
2 4
0 23
0 19
2 7
1 27
2 44
1 43
3 24
2 21
2 34
3 2
1 54
2 49
2 40
2 1
1 15
1 3
1 16
2 47
0 26
2 18
2 10
2 20
1 9
2 48
3 39
3 49
1 14
0 7
1 20
1 52
1 28
2 16
17 2

4 2
2
3 1
1 0
16 1

54 43
43
15 23
2 14
26 40
20 19
29 11
30 34
42 40
47 25
0 25
4 30
44 32
17 10
40 19
21 36
3 31
10 42
36 33
0 21
21 20
23 8
51 30
46 27
5 27
47 36
26 14
42 23
16 38
41 35
22 12
43 20
21 35
16 42
23 21
1 28
45 0
31 1
22 10
9 14
27 30
0 7
21 4
41 21
33 25
18 2

50 26
26
49 22
46 8
34 4
31 8
41 10
28 6
22 12
17 8
49 5
12 19
12 21
8 14
24 2
20 9
16 1
26 19
26 24
29 3
10 23
46 16
35 20
41 14
42 17
2 21
5 9
31 11
11 1

74 51
74
37 43
34 5
9 42
30 34
54 46
46 21
58 42
1 49
5 17
20 30
28 12
66 9
67 16
42 19
58 44
57 38
63 50
59 1
28 29
35 10
0 37
48 15
49 6
32 35
11 13
73 26
6 6
15 24
57 31
16 49
27 17
50 40
73 11
23 8
14 33
55 27
33 38
43 14
69 44
5 35
11 47
58 50
18 7
51 15
17 33
53 18
12 34
23 24
40 8
65 16
69 29
46 42
7 20
15 47
57 48
38 15
24 32
20 9
6 34
10 6
30 19
41 10
62 36
63 44
0 25
30 4
14 16
50 35
39 41
11 14
9 15
46 17
40 12
27 6
15 1

26 35
26
4 24
19 34
21 34
8 0
9 27
11 12
16 29
19 18
5 21
3 16
6 18
21 4
10 22
3 22
8 10
17 6
8 14
19 12
11 19
17 9
8 27
13 20
14 14
24 21
10 8
9 11
14 2

31 26
31
4 20
19 8
25 21
13 8
23 8
4 6
5 8
12 11
29 0
10 5
16 24
15 15
11 20
2 7
2 16
7 25
1 5
7 10
8 23
9 14
26 5
16 3
14 0
9 24
4 18
11 1
5 16
15 6
17 23
23 17
27 13
6 2

21 39
39
19 28
13 16
1 31
13 36
8 25
11 19
17 31
5 1
6 35
19 9
15 32
2 16
20 0
0 31
18 3
0 3
18 10
18 31
9 11
5 3
14 31
6 29
15 21
13 31
2 5
6 22
1 29
17 17
4 0
8 29
14 20
16 32
13 15
18 33
19 16
5 9
10 33
17 24
14 17
4 2

49 60
60
14 8
4 34
45 16
26 0
18 5
33 40
14 36
44 3
34 30
1 51
2 32
38 3
35 42
20 13
9 49
5 48
20 10
38 52
36 48
33 28
8 44
20 56
4 18
5 35
17 16
24 25
31 11
35 14
38 44
38 1
16 44
2 15
13 0
38 24
18 45
27 1
40 22
29 54
21 0
19 40
23 19
25 22
43 3
43 18
15 54
41 36
34 43
31 4
3 50
22 10
24 6
16 53
27 12
11 0
37 12
23 31
5 11
2 54
30 28
46 22
7 1

38 6
6
24 4
14 3
34 0
8 5
19 0
17 4
2 2

40 20
20
29 11
31 8
8 13
4 17
22 15
29 5
8 2
21 19
39 18
27 13
39 12
9 11
5 15
4 7
28 9
9 6
12 10
23 17
7 16
21 7
6 2

22 40
40
20 36
16 34
10 36
7 26
10 17
5 23
15 39
11 20
16 32
7 30
21 30
15 25
12 30
5 4
10 5
1 27
11 2
6 24
1 21
19 10
20 38
16 26
12 35
7 23
10 21
7 20
8 34
18 3
10 29
6 22
19 20
5 13
11 30
6 25
17 27
7 14
20 18
3 38
11 0
9 9
9 1

17 68
17
16 45
14 4
16 22
9 60
6 50
15 61
15 13
0 35
12 1
7 51
13 48
12 37
11 41
8 42
4 59
13 18
16 17
8 1

32 51
32
7 27
4 49
31 6
23 30
4 40
29 15
20 19
0 31
18 37
20 0
22 0
16 27
9 32
15 49
20 24
22 34
19 6
27 18
27 40
1 43
21 1
6 30
7 50
11 15
1 9
22 43
16 44
5 17
3 50
13 7
22 46
28 50
12 2

70 40
40
6 28
34 0
61 16
38 39
6 24
19 26
38 24
25 16
24 7
63 9
4 24
17 2
6 38
21 19
32 36
58 16
39 39
59 28
49 10
26 36
5 4
44 25
21 15
57 25
66 28
32 26
61 27
17 0
25 20
55 30
54 30
67 13
44 23
48 23
36 1
69 25
42 9
4 9
66 36
17 23
18 2

34 21
34
4 4
5 17
11 6
16 19
11 3
23 17
31 14
27 5
26 1
32 12
13 13
28 7
26 9
9 0
20 0
9 15
26 12
0 1
7 13
17 18
6 7
14 11
31 16
16 9
30 4
24 7
0 5
5 5
17 0
6 11
7 6
11 16
3 7
28 2
19 2

29 46
29
9 42
9 38
18 40
8 10
14 30
15 2
4 27
8 32
22 15
22 27
11 35
28 44
11 34
18 42
26 36
14 12
21 6
8 30
13 24
14 17
11 19
8 2
0 10
23 5
26 43
28 23
15 43
5 43
4 18
1 2

60 35
35
19 19
30 7
7 32
32 26
55 31
56 18
14 2
35 7
46 33
18 13
19 11
44 9
8 21
1 27
50 20
43 17
25 1
5 9
10 16
43 25
31 18
53 12
48 13
54 25
14 23
33 28
56 31
6 14
20 9
0 5
0 0
30 21
23 9
9 17
20 4
4 1

67 45
67
37 25
6 38
42 9
60 28
63 29
23 35
39 24
9 27
23 23
13 33
61 30
48 37
51 40
32 26
48 7
61 35
55 5
30 13
33 42
56 30
39 9
16 4
40 7
37 7
48 16
35 0
17 25
43 33
46 20
52 18
62 16
1 25
9 15
30 43
40 41
28 2
34 39
64 32
47 10
15 7
9 1
44 43
36 21
50 16
38 7
19 17
26 44
34 2
43 5
44 8
32 11
6 8
50 11
47 19
63 19
25 32
48 14
64 3
31 23
60 13
20 29
4 0
55 32
61 15
30 41
22 11
1 7
16 1

71 55
55
5 41
22 22
68 0
29 50
7 12
14 54
33 39
70 42
16 2
64 15
28 13
67 13
10 47
12 15
44 40
0 2
32 18
18 49
51 10
11 47
51 54
68 18
39 43
47 12
68 22
45 0
69 26
59 32
9 0
54 21
61 28
41 14
43 26
20 18
2 37
51 53
59 9
70 35
55 29
50 11
41 17
5 28
12 24
61 43
63 46
58 49
3 3
62 17
5 47
46 8
70 46
28 3
54 48
0 24
12 41
12 1

54 24
54
41 22
7 22
16 11
17 22
12 17
2 0
4 0
16 16
49 10
28 6
34 13
5 2
18 22
12 4
48 2
48 18
10 10
3 4
13 4
28 13
10 4
29 16
20 20
49 3
14 0
47 16
28 21
8 0
9 4
42 2
28 12
24 8
4 16
15 6
38 12
20 21
43 20
22 21
23 22
36 4
1 19
20 5
30 17
17 13
19 22
21 15
39 9
22 23
48 22
18 15
38 21
19 6
16 20
13 11
4 1

32 1
1
31 0
16 2

21 71
21
7 21
4 42
7 29
17 47
6 9
6 48
3 37
15 65
7 66
15 23
13 46
14 8
19 29
12 14
10 7
2 52
15 14
19 51
10 68
16 58
15 51
7 2

74 74
74
53 6
73 72
33 37
48 33
30 72
31 35
31 45
2 8
35 43
51 7
49 66
72 59
54 71
37 51
0 73
22 3
19 14
1 67
13 52
20 29
63 6
14 59
57 34
20 64
67 3
57 69
56 56
39 10
63 11
53 29
64 5
63 67
28 12
6 44
27 31
6 27
3 67
21 26
67 31
26 46
65 51
69 40
45 12
26 19
17 56
17 13
21 61
37 59
31 19
60 68
23 40
60 49
71 45
52 42
7 29
48 35
14 53
69 8
12 68
35 17
54 17
26 61
31 66
35 22
19 57
63 65
36 14
27 20
15 41
28 37
55 10
36 57
51 49
61 28
7 2

26 40
26
7 17
2 11
23 0
24 15
18 16
4 3
8 37
23 37
11 27
4 17
6 31
11 19
9 21
24 20
0 4
12 37
22 14
4 5
0 20
4 15
2 37
14 11
12 19
22 2
12 11
7 10
10 1

5 15
15
0 3
1 10
1 6
3 5
3 3
4 1
0 6
3 13
1 1
3 14
4 10
4 11
2 3
0 5
1 0
4 1

73 12
73
19 10
11 3
33 10
12 9
26 2
45 11
62 6
49 3
29 5
28 4
38 3
24 5
0 3
5 0
68 7
18 0
20 3
59 3
49 2
43 1
6 11
53 5
18 7
59 1
58 5
43 6
57 10
23 10
23 11
64 11
43 5
70 5
10 0
21 3
10 1
5 9
14 4
69 3
11 4
58 9
9 8
53 7
19 4
39 1
6 1
40 4
14 7
22 0
47 0
52 8
71 3
57 2
2 1
20 5
31 5
37 10
43 10
35 5
35 9
43 4
8 3
33 1
19 3
59 8
29 9
25 6
5 6
51 8
42 4
21 0
42 0
19 6
32 3
15 1

55 9
9
37 5
15 0
2 1
49 5
20 3
21 8
16 4
45 8
31 1
7 1

24 34
24
17 30
12 22
6 27
15 17
12 7
0 33
17 11
7 12
19 1
22 33
10 19
17 27
6 21
12 21
16 29
20 18
22 25
22 9
12 32
2 6
7 27
4 26
12 8
15 25
15 2

75 31
31
0 14
47 15
64 12
5 21
36 13
16 5
13 25
44 27
19 22
5 18
30 1
7 28
66 25
41 25
58 27
62 21
62 22
39 0
56 15
61 16
34 28
9 27
43 24
0 4
54 13
47 1
63 29
46 7
44 20
36 16
60 16
12 2

7 63
7
4 21
1 13
0 4
1 11
3 46
4 59
0 3
19 1

26 18
18
10 14
17 16
2 12
22 1
4 13
6 10
2 8
24 2
2 15
0 6
19 16
13 13
8 13
10 13
23 7
15 1
0 12
24 13
18 2

57 2
2
52 1
13 0
2 2

27 38
38
13 26
25 13
23 21
14 19
26 35
7 21
13 8
8 25
15 5
18 32
5 2
16 18
13 32
10 37
13 29
14 15
18 18
10 10
8 28
12 34
25 32
2 17
15 20
11 20
14 27
4 28
21 2
3 20
8 24
11 7
16 7
23 3
3 9
18 19
2 2
11 21
7 19
5 11
0 2

10 38
38
7 2
3 17
4 1
6 17
0 27
2 21
1 25
5 1
2 12
0 16
5 17
0 15
2 18
2 6
4 3
3 14
3 36
7 1
7 15
0 29
8 29
0 36
4 8
7 17
9 36
0 28
5 12
6 37
6 27
1 4
4 23
8 21
8 22
3 23
0 31
0 19
7 22
6 29
1 1

36 45
45
17 17
15 6
10 19
15 15
23 2
31 36
31 14
33 17
21 44
18 2
27 17
10 9
33 32
18 28
13 22
31 8
25 2
20 14
17 25
6 36
15 37
27 18
35 7
14 43
29 19
35 2
33 30
21 33
20 39
27 16
18 3
19 7
25 27
10 25
30 0
13 14
26 11
19 39
9 19
27 23
20 2
11 32
14 38
23 14
7 15
7 1

25 38
25
24 17
2 6
16 27
12 37
14 19
10 3
14 23
12 27
18 12
16 18
11 6
16 21
9 15
11 7
11 23
6 12
8 4
11 29
10 24
17 3
0 5
2 8
24 15
19 10
12 32
12 2

58 14
58
9 5
9 2
28 4
52 8
43 7
43 9
43 3
28 6
24 9
17 11
26 6
18 9
2 9
16 4
0 3
55 9
39 0
3 11
37 11
55 7
35 11
41 13
9 9
30 9
55 10
5 11
14 7
20 1
51 5
53 1
55 0
18 13
52 9
7 0
14 9
14 10
25 8
17 9
8 10
35 9
6 8
49 5
0 11
2 5
19 1
32 11
32 6
42 13
27 9
54 2
21 7
35 1
47 9
51 7
32 0
12 0
15 12
36 4
8 1

20 40
40
17 26
18 1
19 32
12 17
0 32
2 27
2 0
14 24
18 21
15 15
16 4
12 33
0 2
17 35
10 33
9 5
6 13
4 38
2 14
12 25
3 12
7 39
8 6
8 29
5 39
9 22
4 0
18 17
7 12
9 31
11 39
1 15
8 31
13 24
3 21
2 1
15 38
15 25
5 4
12 9
14 2

34 38
34
13 12
28 11
33 13
16 19
17 12
18 32
10 20
9 35
0 30
31 13
25 30
25 0
25 7
27 20
10 25
0 27
15 32
8 11
21 30
20 28
14 13
26 16
27 4
32 19
29 8
2 25
5 9
14 29
29 26
6 3
19 13
17 27
29 31
11 11
10 2

56 71
56
34 1
8 69
26 50
52 17
50 49
15 58
29 5
54 45
14 15
29 35
31 62
51 48
8 29
37 65
3 43
22 20
45 42
20 22
18 57
15 9
13 38
12 9
11 44
5 50
13 6
48 6
30 54
48 11
53 57
29 29
23 2
31 57
54 38
28 60
20 8
47 23
54 61
14 54
15 17
6 20
33 35
18 28
2 67
0 17
8 31
40 65
47 70
47 46
18 48
32 41
37 38
12 40
15 3
4 68
44 40
45 5
0 2

50 14
50
34 3
27 2
5 9
48 13
20 12
15 9
10 4
2 8
32 12
36 3
46 13
44 8
43 4
3 2
47 9
41 6
20 11
2 1
38 5
45 12
0 10
16 11
38 7
14 8
9 11
7 6
16 0
18 1
19 11
19 1
34 0
7 8
39 4
16 4
21 5
39 0
30 1
20 10
41 10
6 8
11 10
16 3
10 1
22 7
43 8
16 1
30 2
45 7
11 4
46 1
9 1

7 73
73
5 59
4 33
5 54
5 23
2 67
4 19
5 55
6 20
2 10
3 69
1 3
1 19
0 41
5 68
2 23
5 71
3 66
0 26
0 9
4 65
1 21
5 35
5 4
6 2
4 12
2 35
1 13
6 52
4 7
4 25
6 43
6 45
2 4
3 65
0 63
0 10
0 52
0 43
2 2
1 69
3 58
2 39
1 36
3 42
1 57
6 35
0 44
5 69
6 32
0 12
5 30
4 59
3 12
4 21
4 18
3 4
0 47
2 61
4 37
5 64
0 14
4 26
0 33
1 6
5 21
2 34
4 44
2 30
6 39
6 55
3 46
6 17
0 18
13 1

43 25
25
32 20
28 0
36 23
37 14
4 18
32 22
3 17
0 5
33 18
12 5
32 9
9 5
25 23
17 21
41 23
35 15
3 22
13 4
33 15
13 1
9 21
35 19
29 10
26 9
15 0
0 1

1 28
1
0 17
7 1

75 8
8
0 4
26 6
8 4
43 0
11 1
67 4
57 3
70 4
10 1

38 30
38
1 26
13 24
8 15
5 19
37 19
15 26
32 20
3 13
13 20
4 14
18 28
1 14
32 2
2 13
27 10
19 11
35 14
16 10
14 26
10 14
32 19
31 9
13 29
10 25
22 19
0 3
3 15
33 28
21 12
22 25
30 26
27 24
5 3
14 18
2 2
7 9
31 15
11 17
16 2