75

53 5
5
1 1
39 2
29 3
52 4
38 0
18 1

25 17
25
18 8
5 14
12 2
22 14
7 5
1 5
1 12
12 9
23 3
3 7
9 3
14 13
14 6
14 4
11 12
18 12
11 10
17 14
12 14
24 3
8 9
9 10
13 15
1 8
23 13
9 1

39 2
39
10 0
31 0
27 1
32 0
23 0
22 1
37 1
5 1
15 1
2 0
14 1
5 0
17 1
23 1
9 0
33 1
32 1
7 0
20 0
35 1
27 0
20 1
34 0
29 1
4 0
13 1
8 0
22 0
0 1
3 0
18 0
30 0
2 1
3 1
16 0
34 1
21 0
31 1
19 1
12 1

38 54
38
4 12
13 52
17 52
11 18
22 51
6 20
28 46
9 30
27 40
1 34
32 5
16 43
25 41
31 19
13 3
23 5
3 6
36 44
23 28
2 13
23 51
21 28
4 17
35 53
26 17
34 30
1 29
4 45
13 38
9 26
11 42
25 6
26 26
10 48
8 41
30 20
32 41
25 11
4 2

63 68
68
58 9
37 35
58 8
13 4
0 27
3 62
55 2
23 22
27 14
35 8
47 36
13 38
43 49
44 61
16 66
34 42
11 62
39 13
42 24
59 27
41 2
48 1
35 56
43 33
17 7
5 56
60 54
48 66
5 15
43 40
2 64
39 1
14 40
24 17
0 52
14 48
21 50
18 16
60 59
21 53
38 51
59 48
14 67
7 40
0 53
59 0
50 60
21 12
37 66
41 64
15 48
47 30
25 64
31 19
48 67
44 46
33 45
40 7
43 14
28 11
14 5
43 45
29 9
19 0
9 55
24 63
51 38
41 36
16 1

25 75
75
19 8
21 50
18 37
11 0
13 68
24 23
21 4
1 55
3 22
15 22
15 11
11 24
5 69
20 51
2 58
16 57
4 32
8 65
5 28
12 54
24 17
3 17
9 18
22 74
0 43
2 32
18 16
16 23
6 48
19 41
8 66
17 7
9 20
10 61
12 27
10 45
18 11
21 36
8 10
14 15
20 40
4 24
0 21
3 43
9 33
6 12
14 73
9 72
16 6
4 72
16 34
18 61
4 59
9 70
8 18
23 60
21 43
24 18
9 55
8 50
10 25
9 64
18 21
10 6
1 57
22 19
24 52
0 20
19 68
12 7
16 27
11 39
5 1
0 61
24 41
15 2

13 60
60
8 8
4 41
12 33
9 15
7 8
7 30
5 48
6 29
2 44
7 56
7 37
5 43
7 0
11 19
11 30
10 35
12 1
2 57
1 43
4 28
8 51
8 4
10 45
3 3
10 4
2 51
0 40
10 59
11 37
11 28
5 54
4 55
3 41
6 27
3 22
7 43
1 3
8 25
11 25
6 1
8 17
12 20
12 25
9 2
5 41
2 40
2 29
11 54
10 24
2 54
10 36
0 11
10 34
0 24
7 27
0 39
11 26
4 59
11 7
8 59
17 2

72 15
72
27 14
10 8
46 12
42 8
23 0
14 13
40 5
42 11
68 4
54 11
10 12
34 2
71 2
25 2
5 5
34 8
55 4
50 11
44 1
34 13
7 1
51 13
49 7
51 5
37 14
24 13
7 0
67 9
8 1
28 4
68 5
49 8
46 9
68 11
70 9
1 4
58 8
51 3
44 4
24 0
40 3
59 6
61 14
58 1
21 5
24 14
69 2
44 8
71 9
25 14
6 4
25 0
0 13
24 9
63 8
10 14
54 0
50 4
38 5
36 13
40 7
19 11
29 5
16 7
8 3
69 5
34 11
38 8
66 3
18 10
16 3
70 1
0 1

66 37
37
44 3
15 15
63 8
29 5
63 12
65 5
39 14
20 24
38 1
26 13
40 17
5 36
40 27
23 34
33 32
10 2
48 3
9 33
8 35
19 20
34 7
43 15
45 11
30 21
10 6
14 31
31 20
65 36
42 14
63 2
37 17
28 17
44 19
27 32
42 10
23 26
8 12
0 1

44 39
39
16 18
33 32
30 6
5 33
20 10
2 23
18 14
19 26
9 16
13 32
12 1
8 4
36 0
30 20
39 2
30 22
37 14
9 23
35 22
21 6
40 15
31 8
16 11
15 3
19 8
41 15
4 17
37 29
24 10
4 28
28 22
10 32
22 8
17 4
2 12
35 6
39 29
8 36
30 21
9 1

46 73
73
37 11
28 25
11 11
14 55
39 63
29 62
9 26
5 27
35 70
29 6
39 62
2 13
43 16
44 30
9 14
26 27
1 52
5 9
45 70
42 6
1 49
30 60
34 64
19 67
21 61
7 60
16 27
0 64
41 13
42 8
43 19
31 0
21 3
12 24
34 8
12 71
9 55
7 14
1 9
40 23
7 35
1 60
14 71
42 9
36 0
37 26
31 9
33 17
4 31
41 39
0 2
24 33
37 72
21 62
38 2
8 63
16 58
1 55
21 64
4 61
40 25
28 3
23 38
1 15
28 71
27 67
25 6
38 67
27 49
29 41
40 59
45 43
26 7
13 1

65 14
65
5 6
47 13
24 6
61 5
55 0
62 0
48 8
60 7
19 3
49 13
15 3
54 10
57 1
31 1
7 2
42 10
26 5
42 1
38 2
23 8
6 8
9 1
34 10
9 8
43 2
30 12
26 0
0 3
38 10
51 0
18 7
43 6
44 6
47 7
50 3
59 4
39 5
2 9
24 4
20 4
25 10
59 13
56 0
42 2
48 6
42 0
22 10
9 6
21 1
61 3
23 9
8 9
11 8
29 10
17 2
9 13
45 4
3 6
16 5
34 4
60 5
8 5
59 11
9 3
54 11
0 2

62 67
62
4 57
5 14
48 31
3 62
48 45
41 8
20 26
29 4
30 33
53 15
26 22
39 4
17 48
10 3
57 30
26 6
18 38
48 15
35 61
19 57
29 42
59 47
21 7
25 53
22 62
15 52
47 60
2 4
36 56
18 7
53 33
35 55
25 20
5 6
27 16
27 44
49 31
25 50
8 48
55 40
52 25
61 18
53 35
46 49
18 0
34 26
0 28
52 63
39 42
21 32
3 48
39 5
3 31
26 2
44 58
58 37
26 16
49 48
51 26
28 56
27 2
2 21
5 1

25 21
25
22 20
5 1
22 17
24 4
15 19
14 7
12 2
2 1
15 3
12 10
1 3
11 11
13 8
22 14
3 6
6 1
1 17
1 12
6 9
2 0
10 4
24 3
17 17
7 19
5 9
12 2

15 69
69
4 30
7 33
13 66
6 28
2 23
8 23
4 10
9 22
1 68
10 39
9 6
5 45
1 8
6 29
2 27
7 58
8 40
10 59
0 51
12 24
8 0
1 22
11 26
0 5
9 0
10 52
11 68
7 41
1 65
11 32
9 54
12 61
1 62
6 50
14 18
6 36
10 3
8 58
5 23
5 61
9 15
11 48
10 21
11 8
1 42
12 35
3 11
14 59
11 6
13 39
10 32
14 55
2 42
3 40
0 32
9 46
5 34
14 63
1 3
5 13
6 59
12 23
9 13
1 64
13 13
5 18
3 62
8 27
12 9
10 1

48 21
48
25 17
32 11
18 14
26 8
31 0
33 18
35 18
44 19
19 0
7 13
15 10
46 4
47 18
15 1
6 4
29 5
22 18
22 3
17 1
5 3
45 20
21 10
41 14
9 10
13 8
7 9
28 19
46 2
0 5
0 14
45 15
11 3
42 1
9 14
47 1
3 6
13 12
34 13
34 18
7 19
0 2
2 8
4 13
37 10
0 1
24 19
31 19
37 9
14 2

17 68
68
0 32
6 29
4 8
11 13
16 35
1 37
3 15
5 8
16 25
7 4
16 41
15 28
16 1
4 16
4 40
11 2
9 38
7 21
6 43
7 41
10 12
15 2
2 20
13 57
2 4
4 22
13 37
6 33
9 19
2 16
2 5
4 55
6 15
7 63
12 57
0 21
10 30
15 64
6 39
3 27
1 3
12 56
12 38
7 28
11 52
15 48
14 29
3 5
16 37
6 10
5 26
5 46
8 36
7 25
1 15
5 1
11 38
12 20
2 17
1 0
0 33
1 5
6 34
15 14
16 14
2 57
16 11
1 11
4 2

36 37
36
16 19
1 5
4 14
0 5
6 20
35 27
20 9
17 6
18 2
34 16
4 9
20 6
33 24
23 28
26 34
7 32
18 31
2 6
26 6
11 35
32 6
15 32
30 7
29 7
10 14
16 4
27 13
13 8
21 20
18 10
7 17
30 33
30 0
26 35
33 8
29 12
7 2

22 74
74
3 40
2 51
14 50
16 53
13 22
15 43
18 54
3 50
21 44
14 15
0 39
20 62
10 17
16 36
0 20
18 7
11 34
10 32
15 70
18 11
0 56
5 55
19 66
3 54
9 72
18 67
20 6
15 65
10 31
6 39
2 14
14 20
4 60
4 44
7 11
18 47
4 66
18 64
17 43
20 45
10 23
20 5
20 60
14 40
16 55
0 43
3 65
13 73
5 51
18 5
10 39
12 59
5 42
0 53
5 57
13 13
3 11
8 5
21 4
14 39
8 49
19 25
6 16
18 40
10 9
10 16
17 23
6 25
12 62
13 5
0 18
9 7
12 32
16 16
3 1

72 50
50
6 6
55 21
34 16
11 39
40 40
43 33
60 14
8 34
17 15
48 28
21 29
40 4
62 4
35 39
69 7
21 26
20 12
16 37
35 15
6 10
69 44
17 41
26 40
23 41
1 34
41 38
55 24
4 37
1 7
14 9
5 15
40 41
9 28
33 41
16 34
46 19
2 22
44 39
64 26
56 15
48 39
54 33
47 38
36 42
32 29
60 33
40 7
13 38
65 34
2 11
8 1

12 26
12
6 2
1 0
6 17
9 5
3 10
2 20
6 22
11 16
1 16
6 16
9 19
6 4
2 1

33 37
37
7 23
7 7
16 24
2 1
29 35
31 7
10 20
19 15
27 22
29 34
31 29
14 36
20 16
28 11
9 12
15 25
25 14
30 3
17 22
20 5
3 0
32 26
8 27
6 36
19 25
4 18
10 18
13 36
1 6
16 28
27 0
29 32
7 36
7 6
32 23
32 13
31 11
18 1

35 16
16
13 2
34 2
2 1
3 9
7 2
28 1
12 14
30 12
13 12
5 7
7 3
18 12
27 4
5 15
15 13
34 13
0 2

14 57
14
9 52
9 11
12 38
11 21
5 48
2 47
6 34
0 32
2 18
5 8
9 36
4 45
13 3
11 12
19 1

23 35
35
3 19
22 20
3 8
14 21
16 5
16 3
13 10
8 19
15 3
17 18
1 31
15 28
10 8
5 20
19 10
12 21
10 23
5 4
20 28
21 22
22 34
22 26
1 18
2 17
0 7
6 33
16 13
1 10
2 11
4 16
14 18
22 6
18 9
2 13
5 7
10 2

69 16
16
3 5
67 0
2 1
20 14
61 9
28 10
47 14
3 11
60 0
2 8
49 9
57 11
46 15
29 3
7 13
37 15
15 1

20 23
20
8 4
7 7
1 2
2 10
12 10
0 8
4 12
0 2
2 19
12 6
5 7
0 4
12 1
0 11
19 13
12 3
18 22
16 22
4 1
16 20
4 2

59 72
59
50 43
58 18
23 0
40 14
23 23
24 39
39 2
1 14
24 0
25 18
32 52
47 15
58 48
46 64
11 52
18 27
27 23
25 65
22 27
15 56
12 66
56 36
45 24
0 20
26 56
17 24
34 20
46 18
58 50
46 63
19 22
37 8
51 54
43 18
1 34
42 37
56 50
4 9
11 54
3 48
13 20
46 3
42 53
9 9
14 62
54 20
22 20
15 52
7 71
39 22
45 62
36 17
50 0
28 21
19 50
57 35
54 35
42 34
55 13
19 2

44 49
49
26 5
36 4
40 24
17 38
24 1
42 46
0 35
7 29
19 23
34 14
14 27
13 5
22 38
10 23
21 46
33 26
32 28
40 27
25 14
28 25
31 31
7 38
36 46
26 41
4 26
35 1
9 36
22 16
15 3
25 30
26 4
43 28
4 46
34 16
8 38
43 10
3 0
43 40
33 25
42 12
5 45
20 22
38 19
8 30
29 23
8 34
43 1
18 5
35 32
12 1

41 12
41
16 3
26 10
33 10
36 1
17 9
29 0
29 1
22 1
40 11
14 5
33 2
22 7
36 5
29 6
0 3
20 2
12 10
3 11
32 1
18 2
3 1
40 9
28 10
27 9
24 0
4 10
3 4
32 10
24 2
35 5
13 9
33 8
32 6
37 6
30 5
0 4
16 11
38 11
35 3
19 5
11 5
19 2

3 46
46
1 42
2 4
1 21
0 9
1 26
0 15
2 29
0 14
1 0
0 28
2 26
1 15
1 22
2 39
1 12
0 38
1 18
2 30
2 35
0 19
0 30
0 23
2 16
1 27
2 9
2 3
1 33
0 40
2 40
1 19
1 24
2 5
0 45
0 2
1 16
2 45
1 43
2 34
1 34
2 24
1 35
1 23
2 43
0 37
2 2
0 34
13 1

57 71
57
55 32
32 60
50 38
19 12
9 30
46 45
0 9
54 25
11 36
29 19
48 21
54 21
1 24
29 8
41 36
13 3
0 33
49 53
3 53
4 60
45 33
48 49
24 3
32 29
9 43
19 25
13 46
12 48
7 6
2 34
6 64
18 11
15 18
2 20
54 46
4 51
46 57
30 20
49 39
7 60
42 64
55 9
50 29
39 42
30 56
31 11
9 50
22 19
23 21
38 8
21 50
13 68
51 24
16 23
47 60
15 24
39 17
12 2

59 4
59
27 1
55 1
7 3
22 0
20 1
34 0
25 1
11 3
55 3
29 0
16 3
1 1
15 2
43 3
33 0
28 3
54 3
49 1
8 1
11 1
0 3
23 1
15 0
28 1
54 1
23 2
0 0
46 3
2 2
47 2
22 1
35 1
8 2
47 1
35 0
3 0
41 2
43 0
16 1
56 1
6 2
56 3
36 3
39 3
50 2
16 0
5 0
49 2
46 0
33 1
30 3
6 3
19 1
55 2
21 2
22 2
52 2
13 3
35 3
3 1

27 15
15
13 2
26 2
1 6
15 12
17 10
25 9
14 1
22 0
0 6
20 5
13 7
2 14
6 7
12 2
2 3
14 2

72 8
72
68 0
15 0
67 5
47 5
33 6
57 6
7 4
50 2
14 2
8 5
52 2
51 3
4 0
53 3
32 1
62 2
4 1
49 4
55 0
43 7
29 2
54 2
8 4
17 3
45 4
7 5
52 3
62 1
24 6
10 5
60 3
26 0
61 2
9 6
68 6
55 6
61 7
48 4
56 5
20 3
23 1
16 2
56 7
5 3
19 1
62 5
11 3
65 1
32 3
52 7
54 6
10 3
31 3
15 4
22 6
56 3
9 5
52 1
68 4
39 4
11 4
9 3
0 2
8 1
69 7
18 2
9 7
36 1
33 4
1 3
51 7
57 3
3 1

38 1
1
29 0
10 1

74 71
74
19 47
48 1
36 61
72 42
48 53
45 37
38 16
49 17
4 6
17 24
50 49
72 54
26 4
35 48
13 51
62 15
61 57
59 1
48 25
8 25
50 57
3 29
11 13
16 38
66 54
12 30
2 48
52 23
4 62
52 68
66 20
39 53
46 45
49 43
0 59
21 5
54 17
72 25
36 5
9 57
20 45
72 46
54 70
27 41
12 29
60 7
35 53
71 28
51 18
44 40
2 42
34 56
55 67
61 8
60 10
37 59
19 39
8 8
31 13
37 12
6 17
69 4
50 6
11 46
64 62
32 15
4 66
18 28
61 17
63 69
6 9
21 68
9 1
35 19
5 2

73 63
73
20 40
19 29
47 16
57 2
7 20
24 32
35 41
2 3
5 18
11 46
8 3
34 54
27 36
66 11
69 42
70 4
43 15
26 28
57 29
23 0
17 31
8 33
46 18
63 49
50 4
30 13
46 0
42 44
21 62
9 35
43 19
32 40
68 5
26 47
37 37
3 60
34 57
57 33
49 14
30 11
42 2
44 25
24 38
36 5
71 30
41 59
14 10
62 36
48 39
67 43
51 4
34 56
14 59
46 41
2 53
12 20
42 8
70 29
53 45
16 54
7 16
21 50
49 50
10 13
57 11
48 33
36 10
54 57
15 42
57 61
53 8
27 54
69 39
13 2

28 29
29
7 15
24 28
20 12
17 8
14 9
19 10
15 15
1 10
14 10
7 5
11 10
20 25
6 9
9 14
13 25
18 2
19 11
13 9
24 12
4 11
2 3
1 27
14 24
23 21
16 2
10 16
21 13
18 27
26 17
3 1

58 20
58
1 2
54 6
30 16
36 7
16 17
14 0
26 3
34 8
5 8
7 12
31 2
44 14
48 1
45 9
35 8
15 6
27 0
12 14
5 3
45 11
14 14
32 16
14 5
26 18
44 6
52 18
10 2
53 5
12 1
57 18
1 3
46 7
50 4
6 11
33 14
46 9
7 13
50 16
29 13
57 5
50 12
31 12
37 13
52 16
34 2
7 17
17 4
16 2
40 19
36 14
12 15
57 8
31 0
4 8
52 4
1 9
21 11
17 7
0 2

63 9
63
56 0
52 3
3 7
59 5
27 5
57 7
2 8
37 0
27 1
38 2
50 3
40 6
28 3
61 0
41 7
15 6
28 6
59 8
42 8
55 5
15 8
62 8
56 5
52 5
60 7
61 4
35 7
32 4
20 5
5 0
50 8
54 5
20 1
24 7
35 2
59 3
37 7
42 7
54 0
40 1
4 4
0 2
16 7
25 7
27 8
58 2
40 0
40 4
41 0
48 5
43 6
37 3
11 6
16 1
55 2
32 8
29 6
48 4
57 4
29 7
4 8
39 8
30 6
9 1

72 72
72
55 37
47 12
16 17
62 46
60 58
29 65
17 5
18 17
34 2
22 12
47 0
53 43
27 46
64 26
67 9
65 22
29 67
30 0
54 25
26 9
62 47
51 66
42 35
51 51
52 35
27 45
65 71
56 4
12 22
23 40
13 58
2 16
21 9
16 30
24 42
39 20
64 16
71 25
9 43
21 14
55 17
62 49
46 15
26 25
15 28
36 38
15 2
15 41
11 62
52 39
42 59
38 1
10 29
26 37
47 40
6 66
8 64
13 4
51 1
13 33
26 38
40 16
14 7
43 14
40 21
44 29
39 32
44 20
27 33
40 39
60 63
65 17
11 2

3 52
52
0 8
0 7
1 18
2 18
0 14
1 25
0 12
0 18
0 22
2 42
1 4
2 6
2 16
2 19
2 43
0 48
1 39
1 40
2 0
2 51
2 1
0 50
1 28
1 17
2 21
1 10
1 15
0 27
2 40
1 44
2 49
2 2
2 15
2 46
2 23
0 49
2 17
2 9
1 43
0 26
1 48
0 51
2 35
0 13
2 25
0 5
0 24
1 41
0 36
0 31
1 22
1 2
8 2

58 33
33
2 14
33 14
17 29
33 27
39 19
12 23
29 2
14 16
19 11
28 22
15 17
13 3
6 14
54 12
0 25
10 16
18 9
27 3
24 21
47 9
45 19
12 7
16 12
33 30
36 8
6 16
49 29
11 26
47 4
57 22
18 24
51 16
50 2
13 1

29 11
29
7 2
12 9
9 10
10 2
10 6
0 1
17 9
18 10
27 0
8 2
8 3
11 9
0 8
8 7
11 5
13 6
10 8
21 3
21 10
11 0
22 2
14 0
16 7
26 7
16 8
9 5
24 3
12 0
7 3
0 1

7 27
27
1 3
2 19
5 0
1 14
2 16
4 4
1 23
4 1
0 6
3 7
5 16
6 3
4 20
3 25
6 1
2 26
5 17
2 2
4 18
1 13
6 25
3 6
1 10
6 12
5 19
4 17
3 9
6 2

74 24
24
27 15
5 3
50 20
32 5
50 12
33 22
37 10
9 4
50 3
70 8
15 23
62 5
18 1
57 7
3 12
67 2
33 18
12 14
37 16
50 17
31 22
50 6
59 22
1 2
14 2

68 57
68
56 14
14 32
54 21
47 33
15 56
4 34
5 22
39 41
0 28
35 2
40 37
55 41
31 36
6 52
52 37
64 15
2 51
61 47
33 47
29 34
57 22
62 40
65 21
60 56
48 45
8 14
56 46
31 17
28 29
52 36
3 50
22 24
65 24
28 7
13 37
64 51
48 4
42 9
24 38
22 18
17 53
15 6
34 52
38 44
10 43
20 34
6 28
34 54
5 43
48 21
7 0
52 21
24 24
11 3
10 1
14 43
57 52
27 12
48 9
20 39
16 12
64 16
50 40
50 10
36 2
33 1
10 14
34 35
15 2

54 41
54
47 6
36 17
20 38
29 21
34 28
4 33
0 12
26 6
19 21
17 35
48 14
19 7
17 14
6 31
53 10
23 29
35 26
2 17
43 16
17 16
4 39
38 7
39 7
0 35
6 20
14 39
13 31
31 33
53 15
16 7
37 1
29 10
1 31
32 24
42 12
16 9
16 34
21 10
24 34
17 18
17 8
12 36
4 37
45 28
6 9
45 12
45 14
35 37
38 39
30 28
45 16
49 18
4 0
5 17
19 2

24 70
24
23 67
22 30
18 16
0 63
2 49
3 18
6 23
14 66
1 6
13 51
17 47
17 69
0 6
2 30
23 10
16 49
2 64
22 3
8 65
17 63
4 68
6 67
17 53
14 45
4 2

11 53
53
10 20
5 31
2 32
0 44
3 29
0 38
3 51
9 43
2 48
3 35
7 0
5 25
9 26
6 34
2 46
1 50
8 3
7 48
2 25
4 29
10 25
5 26
7 45
0 36
2 44
8 9
7 2
6 51
0 25
3 12
10 43
1 25
10 18
1 15
10 37
9 33
3 25
7 12
6 28
8 17
10 52
0 15
8 12
9 0
3 1
8 38
7 51
9 17
5 44
6 0
2 51
3 31
2 45
12 1

59 8
59
56 2
16 4
16 7
38 2
24 3
53 5
0 6
4 6
13 7
2 0
28 3
1 7
33 6
5 0
34 5
49 1
0 7
11 7
40 5
39 0
18 1
55 1
53 7
32 4
57 4
57 2
7 0
42 7
49 4
8 7
40 0
12 1
10 4
55 5
0 5
18 0
12 6
42 1
6 7
49 3
5 7
31 1
24 4
22 3
23 1
39 6
15 0
20 3
25 5
17 4
6 2
4 1
16 0
46 4
55 4
13 0
10 1
29 3
44 6
11 1

37 3
3
32 2
2 2
21 2
10 2

56 16
16
28 10
17 0
20 13
26 6
43 1
19 13
13 6
39 15
23 5
40 12
25 4
9 10
40 15
15 0
29 1
40 7
12 1

52 27
52
33 25
35 18
34 14
40 5
12 17
34 16
39 16
23 3
34 24
22 7
38 23
16 21
10 8
36 24
38 14
33 8
44 3
11 21
18 18
49 2
42 23
37 17
29 20
48 9
49 8
19 1
35 23
43 18
21 14
31 0
15 16
37 14
19 13
49 11
5 4
31 26
41 14
7 6
13 21
30 6
11 17
46 8
30 5
11 26
4 26
7 9
50 14
17 6
38 2
44 11
50 24
18 7
12 2

61 48
48
4 40
14 36
26 14
37 45
48 15
2 7
58 36
47 19
39 28
54 10
22 13
17 46
17 2
47 21
19 41
52 12
49 11
4 14
8 20
42 17
50 34
25 46
0 4
54 25
37 19
30 3
19 28
56 34
0 15
17 18
15 0
27 0
21 27
42 23
54 31
15 28
43 12
59 18
28 44
35 15
1 33
6 3
22 25
32 37
26 21
32 20
0 14
10 17
14 1

50 48
50
18 32
34 7
40 21
46 37
46 34
28 8
31 18
27 18
27 29
12 8
6 36
10 26
19 46
18 27
16 10
25 26
5 24
46 9
13 41
18 24
35 47
17 35
2 30
27 38
34 21
33 2
35 5
15 1
17 33
40 46
22 11
20 8
14 17
6 22
11 41
29 9
24 35
14 5
8 21
45 9
18 26
12 22
18 22
45 45
37 32
1 1
23 46
21 10
5 16
4 10
12 2

12 9
9
0 2
5 7
1 4
8 4
9 8
2 4
5 3
1 3
6 2
14 2

41 10
10
21 8
25 9
11 4
16 4
27 7
4 4
6 3
7 9
32 8
6 7
19 1

73 48
73
45 14
8 41
67 42
30 19
63 1
4 33
33 12
43 14
14 13
46 33
56 34
31 24
7 43
2 15
25 41
27 27
61 9
72 9
7 27
23 29
65 15
41 15
26 12
58 7
67 15
41 6
18 24
3 5
56 2
31 19
33 45
34 32
70 12
8 22
61 1
13 21
9 2
49 38
33 28
63 21
46 2
28 10
40 15
59 17
43 18
27 33
1 23
48 32
70 3
20 19
38 9
2 13
38 0
21 28
0 34
58 5
16 41
31 41
64 14
15 2
52 14
5 36
19 36
48 8
10 14
55 24
63 40
46 34
53 3
26 20
57 8
68 44
13 11
0 2

46 39
39
34 19
42 16
24 15
11 12
3 38
2 34
29 3
13 15
27 33
16 19
42 0
14 28
4 12
41 21
15 10
28 3
28 12
39 7
27 34
37 15
19 30
44 7
29 6
29 24
44 20
30 6
9 7
43 35
8 12
35 37
0 16
3 8
39 18
20 25
25 36
19 9
17 8
1 35
37 19
7 1

12 55
12
8 17
3 34
1 39
1 25
6 43
3 49
5 18
0 4
3 31
9 6
5 39
9 36
2 2

54 74
54
33 0
53 21
24 33
21 28
7 67
32 66
30 26
35 31
43 58
14 51
29 37
21 24
25 37
43 38
4 4
30 34
27 2
40 44
16 15
9 11
41 47
21 29
46 0
31 44
38 4
28 21
53 7
29 44
16 37
52 6
32 0
47 15
21 47
17 41
37 25
27 15
40 47
35 56
40 69
23 25
6 1
14 46
33 31
48 38
22 0
45 42
11 46
20 24
21 50
19 47
42 14
30 48
41 56
53 8
2 1

10 27
10
1 23
1 0
7 7
1 21
1 1
0 6
5 7
2 23
9 26
3 19
1 1

42 39
39
41 11
37 16
21 11
8 17
6 22
2 28
28 30
14 38
4 7
41 24
4 23
35 2
13 6
15 36
26 19
5 6
39 24
20 13
12 9
13 22
25 10
24 6
23 1
17 17
35 31
3 38
34 20
29 5
2 13
8 16
27 8
24 21
25 14
35 25
24 26
1 2
17 14
2 17
39 18
9 1

5 73
73
2 53
0 46
0 38
4 23
2 50
2 43
3 72
4 29
3 60
4 59
1 11
1 46
4 8
0 70
3 25
2 57
2 12
1 1
3 26
4 22
3 9
3 47
1 13
3 17
4 19
1 39
4 44
3 59
3 29
1 4
1 3
2 36
1 5
1 31
0 11
2 60
1 56
3 19
4 67
3 43
2 20
0 49
0 71
3 66
3 53
3 46
0 42
4 70
4 20
3 61
3 71
2 37
1 50
1 51
3 42
0 44
1 12
3 41
4 25
3 62
0 33
4 10
2 11
0 50
4 42
4 21
1 24
3 34
4 55
2 3
1 0
4 9
2 2
17 1

7 5
7
3 2
0 2
3 4
1 2
5 2
0 1
0 4
1 1

33 36
36
0 33
27 29
16 12
9 25
8 4
10 35
1 11
0 34
30 5
4 6
9 27
0 27
7 7
30 16
8 14
31 28
0 0
12 24
31 29
15 24
13 15
8 17
5 7
16 23
21 4
1 16
24 24
17 30
19 22
17 17
7 25
21 30
16 20
22 25
10 9
7 16
5 1

19 15
19
2 7
2 0
13 6
14 10
10 13
6 1
17 14
18 5
5 14
7 0
18 6
6 9
8 4
12 3
4 5
1 10
12 10
8 8
9 14
0 1

73 25
73
48 8
49 0
50 19
38 17
7 5
7 11
7 17
14 12
46 8
6 13
60 9
32 19
46 0
47 23
9 0
3 6
56 6
69 10
30 13
35 6
70 16
14 22
49 5
63 23
7 22
39 14
23 7
42 0
67 3
5 13
17 8
49 3
65 14
21 15
8 4
46 9
40 4
34 3
62 24
59 10
33 21
72 7
60 13
32 2
57 13
35 11
37 15
42 13
60 15
6 3
11 20
29 4
54 13
37 1
28 7
9 2
41 0
43 13
49 4
63 8
48 19
47 9
4 14
39 0
20 23
52 13
15 6
56 2
41 23
0 14
46 10
49 14
30 4
12 2

45 42
45
41 33
15 32
6 31
9 8
17 40
22 6
3 3
25 28
13 0
24 40
43 23
24 27
14 30
17 3
20 9
26 9
2 19
42 1
23 12
13 6
14 13
5 38
32 0
24 7
22 38
2 31
24 4
40 1
2 27
23 1
33 3
35 26
36 9
42 8
40 41
8 28
44 0
29 21
26 22
26 18
18 21
10 11
39 37
26 29
23 19
15 2

51 64
64
28 31
9 34
4 53
9 18
10 34
35 31
23 34
42 53
12 14
5 29
39 3
50 52
13 26
17 7
11 34
47 37
45 46
15 30
14 15
35 40
50 59
19 49
40 35
3 1
31 28
5 23
50 13
26 45
4 60
44 43
26 14
15 38
29 20
38 26
2 11
30 63
5 38
1 40
46 21
5 50
25 21
33 3
33 62
22 14
30 51
24 27
49 33
43 43
43 11
10 42
44 57
20 58
7 12
39 34
16 13
40 29
33 56
4 43
20 48
26 15
46 50
17 30
17 47
34 29
15 1

20 8
20
8 2
14 5
16 1
9 7
2 3
5 2
12 4
5 7
3 7
6 5
11 0
7 2
1 4
5 1
17 5
11 7
4 3
8 4
14 2
1 5
17 1

41 12
12
15 5
39 2
17 0
17 8
33 3
5 9
14 9
14 6
16 2
6 8
26 9
1 9
16 2