40

5 110
38
1 95
2 35
3 95
2 2
2 52
3 3
3 99
2 68
1 70
4 9
4 45
1 101
4 91
4 106
1 55
3 34
3 91
2 50
4 18
2 17
2 42
3 37
3 106
3 109
4 97
4 96
2 83
1 87
2 57
1 33
4 25
2 12
2 21
2 92
3 55
3 21
3 35
4 81
638 125

101 200
116
37 197
37 131
43 31
93 195
35 179
86 166
95 19
27 138
19 175
14 71
51 88
69 38
74 116
89 147
91 110
31 38
14 143
6 40
23 115
8 183
57 133
87 21
89 122
16 184
32 189
13 6
87 57
87 145
66 36
37 160
58 116
8 5
16 173
86 107
64 91
39 24
82 118
98 152
23 93
67 122
71 123
32 171
99 79
7 25
84 137
25 64
77 67
28 60
87 187
53 36
22 6
18 62
92 162
59 99
21 21
32 14
69 175
78 4
38 71
5 25
46 184
71 112
62 15
87 168
25 52
7 66
36 149
47 178
45 43
6 162
21 131
7 197
71 24
61 123
38 1
31 12
70 7
34 154
47 49
11 179
39 117
94 169
39 61
57 194
98 110
6 93
55 169
68 196
19 132
62 86
84 34
80 66
84 72
24 26
92 148
59 27
38 185
31 11
72 37
65 14
54 56
43 68
33 71
61 99
40 185
73 69
36 116
30 190
77 1
62 30
77 135
71 129
32 77
16 134
28 177
46 148
1059 154

84 197
44
82 39
33 162
49 165
23 52
36 132
30 77
80 164
45 154
25 175
43 88
16 112
80 150
61 116
53 166
75 184
53 50
31 145
50 29
49 159
29 184
16 70
41 46
73 81
61 3
2 178
40 177
45 171
9 190
54 72
25 71
35 167
73 25
40 55
55 106
36 14
16 24
31 33
17 39
8 74
9 51
34 14
4 38
13 82
16 143
1170 194

48 7
166
45 1
2 4
45 6
1 2
10 5
44 6
20 6
17 2
22 4
4 3
44 5
33 6
33 4
35 5
23 5
42 3
41 4
20 1
23 1
42 4
41 5
15 3
15 4
18 1
7 1
34 6
7 6
18 2
8 3
8 2
15 6
26 3
5 6
19 2
40 5
13 5
32 2
21 6
42 6
28 6
33 5
9 1
21 3
8 4
46 6
19 3
23 6
33 3
17 3
30 5
31 2
28 5
3 4
39 5
22 1
29 6
20 5
43 5
3 2
9 6
14 3
38 6
37 5
24 1
27 6
30 3
40 4
13 4
7 5
35 3
18 6
37 6
16 3
25 1
12 4
36 2
26 6
17 5
5 5
31 6
11 1
47 2
6 4
14 1
36 5
21 4
1 6
12 2
17 1
13 3
44 3
47 3
26 2
32 5
10 3
35 2
24 5
18 4
32 6
19 4
38 3
14 4
36 3
34 2
7 4
17 6
29 1
12 1
29 4
13 6
4 5
45 5
24 3
41 1
45 3
20 4
31 4
5 4
10 2
13 2
43 1
1 1
3 3
24 6
26 5
39 3
38 5
30 2
35 6
6 3
22 2
36 6
7 2
22 6
36 1
31 3
31 1
27 2
46 4
22 5
11 5
14 5
33 1
37 2
39 6
8 6
16 4
40 6
27 3
29 5
28 1
47 1
16 1
18 5
12 6
3 5
43 4
37 1
1 5
12 3
25 2
47 4
3 6
29 2
31 5
4 2
652 6

174 27
184
28 17
152 17
152 9
99 10
131 13
156 20
37 4
155 4
5 3
113 13
153 5
52 24
75 19
161 14
73 23
136 20
14 14
173 15
61 23
58 10
110 26
101 8
126 17
75 1
101 9
99 22
151 5
119 18
8 25
77 2
168 18
150 9
151 19
52 23
51 11
69 22
107 16
132 13
62 20
103 5
118 9
69 6
155 26
61 19
47 22
84 17
171 23
7 20
110 25
93 19
139 19
36 8
153 11
28 16
155 15
75 10
90 25
57 26
154 1
75 2
100 23
13 13
167 20
113 6
58 7
129 5
28 19
147 2
137 21
127 11
149 5
110 9
130 16
16 1
61 22
29 24
46 12
89 7
85 14
12 16
153 3
150 19
7 23
78 18
36 17
50 17
124 21
68 8
1 18
168 7
58 16
136 8
94 24
35 4
56 23
14 12
158 8
20 7
145 14
16 21
67 10
102 1
33 10
115 12
15 25
45 23
71 2
123 11
112 15
127 14
31 16
11 15
154 5
36 19
61 20
103 8
65 1
155 2
18 20
163 23
19 25
40 18
36 22
123 24
108 13
34 7
44 24
54 11
94 26
44 18
139 2
107 13
160 26
63 23
153 6
151 8
39 9
138 1
164 11
139 7
22 22
171 12
18 14
11 24
24 6
60 9
148 24
22 10
48 21
105 2
132 2
4 23
92 18
158 17
161 13
38 16
158 26
77 7
151 9
86 22
158 2
171 17
58 15
85 15
75 5
116 12
109 18
12 22
49 9
127 9
114 26
153 9
158 1
98 20
138 24
97 4
48 18
32 19
30 15
121 2
97 6
69 23
162 12
1 19
286 39

182 49
149
46 28
25 20
147 45
88 19
101 16
135 15
109 8
158 1
41 30
29 12
115 18
1 44
47 33
138 6
78 43
19 9
22 24
48 37
7 32
128 2
10 20
86 41
156 8
70 23
48 39
84 7
44 9
46 1
46 24
157 8
135 31
176 36
9 44
34 43
5 1
147 25
37 42
87 24
141 39
65 30
44 4
133 24
4 39
169 10
97 22
32 20
19 25
150 5
8 14
111 25
63 42
152 37
148 2
127 21
56 46
80 18
157 6
10 30
96 14
37 10
10 34
102 28
162 19
99 12
129 10
125 43
173 18
172 1
86 11
37 2
152 12
22 43
127 41
75 47
116 41
63 44
122 40
103 3
32 9
52 43
175 25
42 42
124 4
146 21
34 23
157 20
82 40
109 21
43 28
102 12
112 29
180 29
10 14
58 18
121 18
116 33
20 26
38 39
84 28
52 39
119 4
106 16
170 13
97 1
75 16
16 1
101 15
167 44
20 9
124 14
51 1
18 8
175 10
28 6
30 21
9 45
32 6
157 29
75 2
101 32
25 8
14 40
79 20
27 10
31 8
30 30
144 32
131 13
119 29
49 41
14 19
40 24
75 20
174 5
157 37
138 42
60 40
30 18
6 18
39 48
90 5
103 43
54 28
174 8
66 39
113 30
70 26
31 6
170 17
1985 64

136 126
75
110 37
9 99
27 100
30 51
20 90
89 112
8 42
110 32
39 38
102 84
46 65
40 81
70 110
118 28
102 36
19 105
130 33
73 52
128 44
12 47
15 84
97 66
107 67
133 34
42 57
133 117
85 16
54 12
99 47
130 5
134 97
58 40
88 3
61 71
29 58
99 34
39 22
60 107
4 84
9 111
73 111
130 96
100 32
65 28
49 71
30 34
47 35
71 24
111 120
109 114
3 62
92 45
54 93
14 19
100 72
93 48
46 107
115 82
74 36
92 119
133 67
75 55
1 38
123 73
135 60
119 36
7 93
58 31
90 11
133 58
50 112
101 25
63 95
32 106
125 1
1997 148

139 127
53
64 36
24 106
3 53
87 45
127 116
55 104
41 12
125 24
78 71
29 104
137 57
115 98
96 35
108 27
111 100
136 64
9 47
77 76
112 52
36 30
51 51
26 39
75 12
128 59
83 105
119 71
83 6
124 59
100 78
80 63
5 4
120 90
58 16
123 101
12 35
13 94
78 94
110 109
100 125
31 58
57 28
73 47
52 108
42 8
60 12
105 118
114 44
117 101
100 69
114 50
68 25
84 61
100 21
808 195

92 80
68
46 51
9 7
58 30
34 56
49 47
83 66
16 60
80 42
41 47
66 24
52 3
75 47
50 27
33 23
20 42
30 22
33 36
16 33
91 55
7 51
12 56
82 30
54 47
17 37
47 73
46 37
62 43
49 17
55 71
66 72
26 46
77 8
67 62
69 35
28 36
34 73
22 70
75 7
78 58
84 50
28 5
20 23
27 76
1 60
81 43
52 29
32 70
39 55
31 43
48 43
24 57
24 71
48 5
73 34
73 71
62 70
35 12
45 35
43 30
4 13
23 51
12 57
82 22
91 26
27 66
55 4
5 65
31 49
719 172

197 167
81
12 144
124 86
40 122
180 54
145 119
77 149
127 142
173 18
97 109
159 101
104 117
192 141
184 30
23 46
184 3
137 2
187 104
70 138
119 30
141 37
32 41
58 50
55 121
30 116
175 153
107 40
175 24
96 155
126 33
166 158
184 8
31 7
175 55
17 21
195 55
95 68
91 76
58 82
103 121
90 136
155 4
18 95
114 11
112 109
159 88
47 84
182 65
127 38
73 97
185 42
140 135
93 121
79 31
52 163
147 30
133 17
36 57
137 141
191 152
98 11
97 7
124 7
57 68
71 34
3 59
25 45
152 75
51 113
53 14
21 150
118 52
126 14
50 58
78 26
137 74
36 96
145 79
146 13
146 100
180 18
67 164
1342 155

183 39
22
39 5
68 33
10 31
41 32
179 20
135 29
179 21
3 35
22 24
157 30
138 10
85 29
153 23
83 12
177 30
96 16
22 28
163 37
19 31
122 32
177 26
150 12
1838 160

152 7
150
92 2
36 4
89 1
88 2
93 4
140 4
13 3
84 4
150 1
7 4
83 4
23 2
38 3
146 1
20 3
27 1
35 1
83 3
71 4
92 4
147 1
45 3
75 1
40 5
127 2
69 3
92 3
87 1
128 3
67 1
93 2
73 1
32 6
40 4
56 4
115 3
76 6
51 2
45 5
106 1
81 3
108 4
116 4
61 4
10 2
60 5
100 6
49 2
15 6
47 2
133 1
101 6
6 6
144 1
1 5
58 1
57 1
8 2
147 6
2 3
5 4
74 4
118 5
64 2
134 2
51 6
128 1
51 4
99 4
65 3
74 5
10 1
17 2
135 5
98 6
123 2
112 2
84 1
34 2
20 2
113 3
12 5
116 3
56 6
90 1
50 2
110 4
43 5
70 5
125 6
135 3
79 5
103 1
1 6
63 6
43 1
125 2
26 5
3 4
66 4
80 4
79 4
50 4
60 3
141 2
117 2
126 2
102 1
89 5
91 4
117 6
59 3
27 5
27 2
35 2
121 4
12 1
149 5
67 2
79 1
87 3
60 6
68 2
60 1
76 4
31 4
87 5
109 5
109 1
78 3
151 2
37 5
19 1
8 3
126 3
5 6
37 2
18 4
82 4
12 2
95 5
139 5
90 4
138 3
141 4
1 4
63 1
150 2
150 5
21 3
902 52

8 16
35
2 5
5 2
2 6
3 4
7 1
4 13
6 7
5 15
6 2
2 11
1 9
1 1
4 5
4 4
3 15
6 6
3 12
7 2
6 12
4 3
5 9
4 12
5 11
2 1
6 8
1 12
5 6
2 3
6 5
2 15
2 7
4 11
3 9
4 1
4 9
1074 55

27 141
94
14 131
20 37
23 10
17 15
12 27
1 74
25 119
21 139
17 135
17 123
23 63
4 131
13 45
14 98
15 31
9 8
17 14
4 1
1 79
5 80
13 137
7 46
21 103
6 26
21 119
16 102
4 128
18 85
18 62
7 125
23 71
18 59
17 80
24 35
11 14
12 79
10 1
1 45
4 25
23 16
12 61
18 79
6 140
9 117
8 3
11 68
3 124
12 59
12 136
13 74
14 115
12 55
21 45
23 90
3 86
25 46
16 90
9 124
1 5
11 7
11 95
24 50
23 45
1 123
25 126
8 140
6 41
13 47
12 4
18 70
10 58
17 86
5 133
18 9
10 2
13 134
15 27
22 6
14 124
14 1
26 103
9 51
5 67
18 74
12 25
3 120
25 20
18 45
19 56
19 134
14 127
13 12
21 92
14 26
793 104

21 189
48
8 109
11 54
15 137
8 63
2 143
4 22
20 185
20 115
9 92
7 98
2 84
7 100
11 87
2 156
3 179
7 149
11 6
9 165
4 102
3 130
15 71
9 22
19 115
17 36
17 181
14 66
6 81
2 104
2 89
19 16
11 9
17 111
13 47
4 91
6 70
14 131
15 167
5 59
7 88
7 1
9 119
19 95
8 89
8 80
17 113
2 40
12 55
6 128
846 165

83 158
124
2 152
33 6
8 42
68 10
9 96
54 22
7 20
38 124
67 120
58 125
27 114
20 65
31 54
46 91
45 138
68 76
48 51
42 12
52 41
30 106
13 156
30 119
49 47
17 117
74 118
27 103
62 109
32 29
51 81
49 20
81 38
80 93
43 71
44 71
66 52
65 32
62 39
78 32
81 117
46 101
61 27
15 82
62 13
48 45
9 83
80 33
8 1
37 40
59 67
24 24
79 22
33 75
80 58
78 157
11 70
13 151
63 43
34 136
75 61
35 63
80 110
60 95
32 23
27 78
10 79
72 90
44 52
60 99
72 10
80 55
63 128
6 33
58 127
11 86
34 7
7 28
19 74
30 11
16 101
16 54
6 55
27 144
63 129
57 128
63 93
73 48
71 157
44 145
12 17
32 106
46 23
45 17
77 76
65 147
38 57
56 118
6 106
56 95
50 80
9 136
29 95
19 128
60 110
53 34
65 56
62 111
55 89
26 131
33 134
72 34
62 88
32 46
9 153
50 48
42 11
15 70
57 16
8 119
75 53
32 125
27 117
27 23
4 157
50 31
1373 26

182 115
62
150 42
87 63
165 61
57 63
100 97
7 93
61 12
69 48
122 75
39 6
30 15
40 52
139 107
85 42
121 63
40 103
138 29
48 46
20 57
105 101
110 97
102 31
41 58
49 33
71 111
155 58
86 54
151 100
181 100
116 69
141 95
6 43
174 65
35 104
114 53
168 51
22 85
181 43
144 37
133 55
33 70
77 13
49 101
123 37
124 39
9 16
103 109
90 101
12 28
9 47
38 51
99 23
30 78
36 103
29 4
53 35
170 55
32 76
75 101
125 66
171 57
73 20
1409 2

117 154
154
100 130
21 129
23 100
31 51
88 19
30 26
30 135
15 145
33 87
33 33
29 86
6 12
62 106
60 54
57 86
102 86
41 105
69 75
87 61
89 25
84 24
7 53
54 5
58 15
110 128
19 103
101 142
32 3
57 61
94 56
66 8
81 103
51 102
54 51
100 25
4 135
88 81
95 67
29 24
113 27
36 32
107 76
81 152
66 51
51 135
60 98
96 11
79 89
86 113
95 22
9 10
109 13
41 51
113 26
35 113
39 67
40 59
71 8
24 38
109 144
86 25
72 130
79 8
103 101
29 126
5 36
18 30
86 28
55 133
24 134
72 73
48 99
91 149
37 98
6 115
37 126
32 14
91 148
27 112
44 130
105 77
75 146
85 144
40 116
79 140
84 30
95 130
71 28
2 131
84 85
77 100
90 108
41 143
12 25
78 41
13 47
20 72
17 69
3 137
26 98
34 141
8 79
10 126
52 150
64 105
10 72
98 149
113 5
44 40
10 5
28 83
53 107
11 73
75 145
75 141
30 30
70 35
42 91
72 24
7 45
16 54
26 63
5 50
101 69
113 126
62 140
81 26
32 66
40 17
31 65
45 141
32 60
44 144
81 90
15 76
13 41
18 54
34 68
59 96
96 1
81 107
23 21
57 150
93 92
76 92
34 82
79 124
62 143
86 21
111 124
87 123
25 120
114 75
28 85
1033 71

123 121
83
110 27
41 85
30 52
7 83
113 94
85 63
78 116
94 20
27 6
82 35
111 94
49 34
64 66
108 77
21 92
92 57
23 102
68 67
63 34
1 18
74 81
63 8
96 67
44 8
35 30
121 14
117 63
104 103
31 11
79 4
92 120
91 64
121 5
109 25
101 42
26 120
4 116
82 120
72 120
79 116
30 102
90 50
14 19
67 33
16 32
61 52
41 105
16 29
118 44
84 31
8 111
114 78
106 61
99 49
95 49
67 39
13 49
10 65
48 62
35 60
12 14
57 95
51 62
99 50
75 19
88 3
65 65
23 35
14 58
119 91
61 71
19 105
62 108
6 23
86 27
75 112
3 49
26 2
111 54
91 102
14 50
66 70
41 41
143 90

94 111
43
4 36
63 45
17 8
25 80
20 34
26 68
40 39
9 92
32 30
88 110
41 102
78 68
10 9
64 54
28 90
54 30
67 6
2 55
4 75
27 85
16 55
67 85
83 18
80 60
48 7
60 10
5 46
17 52
74 10
53 22
36 103
58 10
3 69
83 109
1 27
84 44
18 33
4 70
83 108
47 56
5 70
8 102
2 42
1826 142

98 56
89
7 32
80 7
2 55
80 48
36 45
17 33
14 7
29 53
41 36
53 16
29 39
33 11
4 13
31 10
27 28
36 13
58 29
4 14
50 37
27 48
79 48
74 26
38 50
12 44
44 6
26 33
97 11
33 32
15 11
29 35
61 48
18 32
85 50
73 3
67 27
30 22
3 14
81 31
63 51
90 31
55 34
86 47
31 55
87 55
78 44
11 45
49 31
17 55
3 19
86 39
13 31
18 23
34 17
52 29
32 45
39 44
62 27
41 35
31 42
59 40
3 55
42 23
4 46
45 6
46 11
51 28
44 24
8 15
74 37
52 37
3 25
46 41
46 14
48 43
30 20
33 34
97 18
44 19
12 50
29 31
5 41
72 54
92 47
68 48
24 22
88 11
19 5
67 42
17 9
73 177

123 158
30
86 72
106 14
76 1
76 49
26 10
9 30
25 32
84 145
35 149
98 46
118 40
69 134
75 80
75 146
28 49
110 84
31 147
75 144
59 121
12 26
99 58
49 21
68 103
80 35
88 143
77 11
65 45
59 74
89 45
51 57
1965 81

99 65
80
79 5
18 24
22 49
44 56
82 5
41 5
96 52
70 47
87 49
11 1
48 40
63 13
65 49
45 33
55 3
5 37
82 23
83 44
87 32
84 60
16 42
35 49
68 60
6 20
86 60
37 4
97 25
49 42
14 59
10 6
40 34
5 58
80 54
93 50
68 42
21 59
22 55
33 38
96 16
62 24
94 23
32 46
72 51
8 58
28 48
21 57
59 61
54 43
33 20
71 10
1 62
16 39
87 16
84 54
34 11
15 25
50 62
20 51
53 42
90 54
34 64
25 33
68 49
57 15
73 27
67 17
75 27
10 23
30 62
43 21
29 34
55 21
84 2
55 56
78 60
63 10
85 64
59 56
83 41
58 51
940 18

94 18
117
81 4
50 5
71 17
18 6
47 9
30 6
5 3
42 16
49 8
45 13
29 7
83 16
49 10
90 8
34 13
8 7
6 8
68 5
19 16
90 3
32 16
33 2
35 4
55 14
57 8
87 1
17 12
22 12
80 4
46 7
83 14
93 5
8 16
19 12
50 11
23 17
12 6
48 15
45 15
92 2
56 9
19 17
61 7
81 2
35 13
76 17
79 16
10 13
46 3
75 7
89 12
13 10
54 3
30 5
26 14
15 14
93 9
75 9
70 7
46 12
43 6
18 4
12 8
44 14
32 5
23 1
35 17
92 13
78 4
80 11
87 17
11 16
13 12
56 16
33 5
70 12
51 8
15 3
11 11
6 3
34 8
56 5
74 5
12 7
1 6
66 1
14 3
68 1
1 10
84 6
28 5
5 16
16 5
73 13
19 4
29 12
38 8
11 12
40 13
70 1
80 3
83 5
92 9
67 5
77 5
75 14
70 2
75 13
77 8
3 12
21 12
10 6
9 6
44 16
14 17
20 2
81 1
1744 33

132 141
181
43 1
130 11
70 20
131 10
10 44
45 93
74 50
25 73
10 79
125 111
10 86
58 25
4 45
37 28
34 88
121 74
131 116
14 55
70 109
113 85
79 59
56 3
98 93
124 52
71 53
74 115
5 9
114 131
18 91
46 14
107 115
128 53
87 76
45 17
100 4
92 105
72 31
44 24
4 88
103 57
86 92
67 120
92 118
111 43
40 102
86 85
58 131
129 38
106 85
38 12
112 13
105 16
120 91
67 4
102 76
104 134
45 7
18 114
93 10
93 38
9 121
50 89
31 67
76 70
63 136
8 68
96 103
24 47
57 132
59 91
57 4
45 118
27 28
31 77
53 50
70 33
4 90
23 99
105 41
131 9
18 68
73 36
123 5
122 75
115 104
63 83
47 17
40 103
72 33
101 13
50 59
4 66
62 55
7 5
50 54
46 77
25 99
66 79
75 60
121 96
118 58
124 20
88 19
32 66
46 102
54 49
118 43
70 50
116 80
42 49
7 131
68 106
44 18
89 140
70 119
61 114
109 96
13 47
83 61
95 76
113 118
29 35
127 57
82 77
39 68
81 109
118 66
122 128
61 13
85 5
36 105
62 73
59 13
113 15
4 27
32 6
19 105
61 109
2 95
128 98
41 27
30 68
98 13
62 128
36 87
58 112
129 28
77 77
3 99
101 106
12 93
51 112
56 47
36 135
100 17
17 63
45 61
111 57
60 122
113 77
129 8
4 106
88 33
29 33
87 46
27 13
65 102
107 91
97 88
73 53
17 64
77 26
103 3
127 96
41 85
126 92
22 88
40 64
20 136
43 62
80 93
436 125

167 35
22
142 31
89 6
121 13
126 23
70 4
56 17
38 6
19 33
118 23
62 32
105 15
58 27
87 1
103 26
74 2
133 21
149 30
11 30
82 8
43 12
60 28
75 19
1427 94

54 136
82
36 131
32 127
4 38
22 109
50 35
3 2
39 11
45 18
25 96
28 76
1 90
34 27
40 44
22 105
44 122
42 91
17 39
15 79
8 56
24 72
23 2
24 54
47 19
5 71
10 46
31 88
3 103
44 29
52 87
49 9
36 130
27 135
17 54
1 38
44 131
43 82
48 117
4 84
27 106
13 46
16 53
32 82
8 67
45 74
12 67
24 134
15 3
26 41
53 31
31 5
4 20
45 66
9 14
36 106
35 61
40 28
21 103
17 119
1 98
6 107
37 47
7 39
29 92
32 49
24 1
40 35
33 20
43 100
14 6
2 112
5 67
46 47
12 108
13 88
30 38
27 105
8 16
24 92
36 93
6 36
35 117
23 17
804 189

133 161
200
30 59
124 34
130 120
67 33
80 86
96 38
43 18
14 117
71 28
67 122
33 108
26 131
109 30
93 60
5 147
31 28
12 79
32 4
12 30
25 86
41 90
57 81
69 131
80 79
128 33
107 156
101 139
5 139
40 110
102 118
55 18
90 91
87 90
86 84
84 107
82 121
35 13
46 158
2 48
74 26
115 116
96 20
126 145
58 116
111 69
117 125
34 74
26 78
60 48
46 20
41 78
123 137
120 132
41 131
63 64
29 157
64 107
75 22
37 21
3 36
43 19
109 44
37 3
42 70
55 140
107 100
19 94
59 50
125 106
39 141
72 32
8 8
7 125
103 15
27 138
83 42
66 4
77 102
103 115
45 29
7 121
126 147
84 125
65 27
2 124
112 106
19 55
17 82
95 75
67 65
36 53
48 137
72 27
125 113
34 136
9 141
116 7
115 25
60 143
73 57
1 86
63 128
36 8
105 43
90 75
9 47
71 96
20 106
103 144
109 100
88 86
23 24
78 86
34 95
126 25
122 23
35 108
22 7
79 55
112 70
90 141
28 148
7 45
76 160
62 37
125 100
92 117
58 23
40 134
111 96
85 159
23 59
22 79
36 58
132 99
116 4
103 37
52 56
85 142
86 143
131 35
121 153
11 89
15 27
102 79
17 41
55 26
127 82
91 57
90 104
109 107
62 78
114 158
74 27
18 47
112 131
51 12
89 40
84 155
16 26
117 65
30 127
126 24
81 2
127 21
129 29
129 118
107 10
65 134
24 95
91 148
95 71
108 38
88 95
3 23
41 71
103 42
37 144
8 92
37 73
3 85
132 147
61 31
98 155
56 141
89 50
38 159
26 141
80 157
6 24
96 2
82 103
48 147
87 52
121 116
102 132
102 160
41 148
46 18
119 22
1910 18

199 40
140
33 8
56 29
101 1
61 34
123 33
157 3
48 4
91 1
71 19
12 30
54 7
178 39
181 17
88 12
124 2
197 34
134 1
103 14
50 25
17 31
125 37
25 7
196 11
165 25
156 1
74 17
89 26
169 21
192 19
32 20
103 24
17 17
176 36
95 38
167 23
19 36
98 25
103 33
22 35
123 22
125 13
19 21
35 29
42 5
87 2
114 2
100 25
42 38
60 12
43 24
33 33
116 28
186 1
156 13
4 23
20 38
185 23
146 16
77 13
32 29
128 26
101 10
136 26
3 4
130 28
136 32
80 29
90 5
55 13
52 19
121 36
148 34
154 32
35 37
16 18
119 20
114 7
62 38
111 36
119 13
142 32
2 35
189 15
74 30
32 12
172 23
48 33
110 18
84 28
123 27
122 1
155 16
28 4
35 11
195 31
131 35
174 39
167 34
94 27
125 22
100 11
166 39
39 1
60 28
9 8
137 15
91 21
170 39
74 25
123 1
181 19
148 28
82 30
145 13
101 32
13 4
83 30
116 18
39 14
174 26
31 33
98 1
195 6
175 8
48 37
189 27
22 39
78 25
145 9
133 15
34 38
142 23
106 18
68 7
93 29
71 6
170 16
63 21
79 26
30 36
1409 161

117 69
136
91 22
33 2
99 60
57 38
22 23
24 19
113 62
87 8
76 41
78 59
50 30
101 62
38 18
50 8
96 17
49 28
59 61
26 9
87 46
19 67
17 59
88 46
83 45
113 35
43 11
28 45
19 9
77 33
47 19
73 67
2 30
70 1
75 14
57 34
50 42
92 30
38 45
81 65
85 56
33 61
82 31
9 24
50 20
71 3
81 6
114 45
54 14
5 5
95 64
81 9
101 64
36 52
38 36
89 53
27 23
28 43
36 20
51 8
79 48
65 41
64 28
4 44
107 65
86 3
57 22
12 37
64 14
79 65
115 7
74 4
94 29
52 56
7 19
55 67
61 66
85 45
101 42
89 45
67 67
71 62
105 4
91 11
48 30
91 6
113 45
13 23
4 26
55 20
58 29
31 25
55 40
31 13
7 4
77 18
76 13
109 35
50 21
44 2
109 9
75 63
92 21
68 9
9 29
45 52
20 47
30 47
19 11
28 16
42 30
15 29
23 5
104 55
89 1
25 50
88 62
114 4
109 16
27 53
87 6
13 55
38 10
13 30
49 17
116 56
111 13
100 48
58 8
1 5
65 56
14 10
29 30
98 40
6 15
82 13
46 58
20 62
354 149

57 194
19
2 139
4 40
15 163
54 52
40 109
54 34
54 101
36 171
25 144
21 128
30 146
51 87
21 136
16 105
24 182
28 71
55 68
42 22
4 65
1224 21

14 109
21
5 101
8 107
6 67
3 48
3 64
12 35
7 25
6 106
11 17
3 83
10 31
9 28
3 63
2 15
4 27
12 11
6 33
11 29
11 101
13 98
1 36
1954 139

31 100
54
14 54
2 52
22 98
3 50
6 79
2 62
30 35
18 5
29 27
10 10
14 31
17 68
6 63
6 16
21 62
8 80
22 69
9 51
3 64
20 20
1 7
23 54
29 9
21 57
10 64
6 1
21 81
24 6
12 78
28 40
25 43
28 7
27 34
29 71
26 88
10 88
19 87
25 62
9 64
23 40
1 8
27 75
21 72
29 95
4 7
23 61
26 10
16 63
25 30
25 93
28 43
23 58
19 65
26 51
1869 144

14 141
114
4 140
7 136
6 6
10 70
3 3
9 85
8 59
1 68
7 31
2 139
10 71
11 11
6 84
7 92
12 8
6 38
2 28
1 69
1 132
11 90
10 27
2 128
9 133
8 88
3 100
10 95
1 49
7 68
5 69
4 49
7 82
1 76
9 130
11 44
11 10
7 83
7 7
4 128
6 56
13 90
7 129
13 107
3 139
3 113
9 104
13 4
3 109
13 109
11 139
9 52
3 84
2 62
10 18
2 23
9 32
9 116
2 80
6 131
12 121
2 35
2 68
7 109
10 59
13 70
6 72
11 58
8 85
13 42
8 127
13 37
5 60
6 64
1 57
13 83
9 98
10 123
5 135
3 103
5 41
11 81
7 50
13 73
13 89
11 57
8 67
1 25
8 94
11 49
2 102
3 44
2 97
8 114
12 10
10 67
1 6
5 108
2 123
7 85
8 8
13 34
9 15
3 25
3 6
4 47
11 45
12 95
8 108
2 111
12 37
2 100
5 134
12 110
3 67
7 10
718 89

88 75
79
16 32
76 21
63 65
56 72
71 63
50 24
22 66
6 46
68 48
59 22
86 69
72 62
69 55
66 6
57 72
35 73
46 37
5 63
56 69
36 20
39 34
48 49
32 34
52 7
33 69
6 59
37 30
77 62
31 4
71 22
78 1
74 49
39 14
14 48
22 20
26 5
30 64
58 58
70 13
60 60
83 26
25 62
84 4
70 24
45 46
12 51
87 72
33 1
64 13
41 48
72 32
39 25
77 24
32 3
55 50
36 16
68 21
56 22
74 14
8 33
67 53
65 29
37 18
45 1
6 38
60 54
74 1
59 21
64 46
10 55
36 17
79 6
29 40
33 61
63 59
51 24
21 56
61 12
75 71
1274 61

64 123
54
10 20
47 1
59 50
62 5
45 47
50 20
55 36
22 86
18 111
39 67
11 117
59 40
35 15
42 76
1 29
7 88
12 98
21 68
11 73
40 69
60 96
44 90
15 94
33 102
10 14
52 60
58 2
26 99
53 73
25 112
63 12
11 56
62 23
34 42
24 32
40 27
53 107
16 92
36 38
5 22
41 99
29 41
17 97
46 6
37 49
41 79
14 121
50 40
23 77
50 98
49 77
45 112
62 47
40 58
1801 161

121 29
120
34 11
102 19
10 19
95 19
59 19
66 10
14 14
28 20
38 4
107 4
18 21
113 19
77 3
35 6
94 4
23 22
116 16
88 26
83 2
61 2
58 27
75 18
36 1
70 5
64 12
12 10
72 9
115 24
56 12
99 12
108 1
101 10
66 4
73 19
66 12
48 5
114 19
67 1
102 20
45 27
61 13
23 19
39 3
61 7
27 27
78 6
37 19
90 23
41 25
115 19
115 12
85 27
110 12
17 23
22 25
105 16
58 9
19 19
94 11
50 2
83 23
25 25
19 27
91 17
59 17
30 8
99 6
28 8
110 26
7 15
81 24
84 23
51 10
86 16
21 10
5 23
61 18
93 15
95 5
45 15
79 24
10 6
103 7
33 3
60 6
66 6
29 11
87 23
64 2
26 12
61 12
50 25
80 12
6 22
119 28
76 22
120 4
54 8
120 18
117 16
61 26
98 25
30 21
11 18
102 7
21 22
1 4
73 1
19 24
57 2
16 16
64 26
25 18
45 1
12 22
97 26
10 2
42 7
67 23
66 8
845 30

174 187
161
25 149
160 75
125 175
33 46
172 137
90 76
40 11
163 15
54 180
145 129
75 118
134 38
32 110
20 106
14 99
173 120
4 25
123 100
53 159
130 75
6 28
115 82
97 116
42 59
155 143
160 182
43 14
62 143
154 50
2 52
119 154
146 165
84 63
25 17
26 22
107 151
53 109
23 78
100 11
88 175
22 173
21 157
95 53
163 125
117 10
170 185
2 181
93 148
125 69
34 105
123 154
6 8
83 31
14 52
26 141
157 175
101 91
24 13
35 125
24 80
2 6
36 44
53 116
134 75
37 140
173 154
76 11
63 88
110 181
168 179
6 89
159 76
62 18
37 37
147 37
85 117
19 152
108 67
70 98
154 180
6 34
59 134
132 102
118 121
148 152
156 130
35 131
48 26
90 16
12 88
81 22
173 43
128 13
76 3
84 151
144 38
152 15
155 110
1 42
72 37
6 73
16 100
147 93
40 151
10 164
73 6
130 30
115 144
72 113
70 26
15 110
130 128
2 37
40 28
73 173
116 152
139 128
61 150
46 1
89 144
85 40
22 130
80 170
51 160
16 114
12 59
71 33
47 186
24 155
100 151
76 96
47 128
135 125
58 148
154 92
123 132
134 153
150 143
134 49
173 153
77 22
163 151
125 87
39 72
146 93
121 159
25 109
54 142
86 9
145 146
58 96
11 26
154 173
167 107
122 144
66 4
97 124
109 128
121 167
28 186
93 96
176 42

66 12
176
62 1
9 4
44 3
20 7
3 8
18 7
58 5
16 8
43 5
30 2
33 2
58 10
60 1
65 7
47 1
19 5
48 3
11 4
49 2
9 2
27 1
57 3
43 8
46 9
62 4
61 8
50 1
18 9
44 6
11 3
37 4
46 5
29 2
6 10
19 8
55 2
9 11
61 1
25 8
5 7
60 7
27 10
38 10
33 8
64 8
33 4
7 8
9 7
16 4
33 6
43 2
16 11
10 1
14 3
6 6
59 2
22 10
48 4
62 8
4 9
12 2
14 9
21 11
59 8
54 9
35 5
1 2
39 1
53 11
1 3
13 2
60 8
22 5
51 7
9 3
2 8
18 8
65 5
54 11
32 11
44 11
8 3
65 9
15 7
46 6
9 8
39 8
16 5
13 9
43 6
41 6
35 11
60 2
34 8
18 3
20 2
5 3
32 1
8 10
10 10
28 2
20 9
58 9
54 5
46 4
54 6
8 1
48 8
9 1
4 8
22 6
32 7
41 2
46 11
3 2
34 11
17 4
47 9
1 6
54 10
54 4
10 9
40 7
30 10
34 6
35 2
56 11
37 7
63 8
59 6
36 2
20 6
39 10
31 2
4 3
20 11
58 8
59 7
35 1
60 4
36 6
34 1
40 6
36 7
56 9
6 7
64 3
59 1
42 4
48 1
37 8
56 8
60 11
11 9
10 2
7 3
5 9
41 9
47 4
7 6
63 9
16 1
63 4
2 9
30 5
55 8
30 3
55 10
37 5
31 11
27 4
4 5
54 8
49 8
40 11
60 9
344 76

85 195
127
44 155
46 151
54 172
9 39
52 164
45 81
34 193
19 59
47 185
53 100
40 174
19 190
24 52
41 4
22 89
54 129
8 171
27 118
3 78
67 175
42 178
10 21
19 49
11 174
34 52
72 190
30 131
49 46
23 35
6 13
21 144
67 84
4 51
63 44
69 190
40 58
40 119
84 31
29 164
15 143
20 86
27 153
4 113
53 40
55 65
77 177
39 145
22 110
28 123
47 122
7 95
10 175
50 85
43 47
46 35
51 164
4 22
78 141
54 174
58 57
58 68
72 108
18 105
31 107
18 191
37 41
5 69
59 49
33 139
61 51
58 175
9 111
65 111
60 94
39 5
57 116
41 161
60 106
4 147
57 109
17 29
33 71
69 3
41 148
76 194
62 9
49 22
43 154
45 51
1 177
57 47
79 13
48 108
53 69
9 36
41 173
65 96
24 103
66 71
69 88
4 57
39 77
41 162
32 80
36 112
5 134
14 128
6 57
55 2
21 112
71 45
41 42
62 43
31 142
61 56
34 6
42 68
81 136
43 29
6 193
33 28
54 30
30 190
66 41
31 37
80 68
65 66
191 18
