37

12 9
38
5 4
0 1
2 5
8 8
6 4
7 5
5 7
2 3
0 1
5 4
4 6
6 1
3 3
8 2
7 0
5 1
1 5
5 7
7 6
6 2
4 5
2 3
5 6
1 2
1 7
7 1
2 0
5 4
1 1
4 8
7 5
2 4
4 8
1 3
7 3
6 2
7 0
1 7
12 5

13 12
7
7 7
11 8
7 1
0 9
1 9
8 5
10 4
20 1

29 20
19
15 18
6 8
12 13
5 5
2 0
14 8
2 7
3 11
15 6
13 3
2 12
14 9
2 3
15 4
18 17
10 18
8 18
8 13
15 5
10 1

34 3
36
1 2
2 1
0 0
2 0
1 0
0 1
0 0
1 0
1 0
1 2
2 1
1 2
0 0
2 1
2 1
0 1
2 0
0 1
2 2
1 2
1 0
2 2
2 0
1 0
2 2
2 0
0 1
2 1
1 0
2 2
0 2
1 0
1 1
2 0
0 0
2 1
5 3

20 29
40
2 3
18 13
7 6
10 19
10 14
15 16
10 19
13 0
11 5
11 13
16 17
12 15
4 12
15 17
18 8
5 13
6 19
15 17
9 2
16 17
0 19
5 9
18 19
17 2
4 16
9 13
11 9
17 12
13 17
11 10
1 0
5 8
9 10
2 1
6 8
19 6
7 12
9 10
1 6
6 5
15 1

13 27
48
6 12
6 2
0 10
6 9
7 5
7 3
5 6
8 10
4 9
1 10
11 5
4 2
5 12
7 7
1 3
1 12
0 9
7 9
11 7
3 4
6 11
11 3
11 11
4 5
3 4
6 6
6 6
9 12
12 3
4 11
11 4
4 11
3 11
8 2
10 11
3 7
5 2
1 11
10 0
5 0
0 11
11 2
3 2
10 11
1 12
3 5
7 9
12 12
24 2

5 10
44
1 3
2 2
1 0
3 3
4 0
1 0
0 4
2 3
3 3
4 2
3 0
3 1
3 3
0 1
4 2
1 3
4 0
0 0
1 2
3 4
3 4
3 4
0 2
1 0
1 0
3 4
3 4
2 0
2 4
2 4
0 2
4 4
4 4
1 3
0 3
2 2
0 2
1 2
2 3
3 1
1 0
0 1
1 2
3 0
16 5

1 4
37
0 0
0 0
0 0
0 0
0 0
0 0
0 0
0 0
0 0
0 0
0 0
0 0
0 0
0 0
0 0
0 0
0 0
0 0
0 0
0 0
0 0
0 0
0 0
0 0
0 0
0 0
0 0
0 0
0 0
0 0
0 0
0 0
0 0
0 0
0 0
0 0
0 0
24 4

18 13
2
4 11
10 10
5 2

23 1
4
0 0
0 0
0 0
0 0
15 4

19 20
40
3 4
6 10
13 16
15 18
5 12
4 5
14 18
0 8
10 1
10 13
18 17
2 0
2 16
2 12
3 17
6 6
9 8
4 5
14 0
9 15
1 4
4 18
1 17
4 16
16 15
14 1
18 7
15 0
11 2
17 3
10 7
1 10
9 3
3 17
18 16
5 10
8 11
11 14
1 0
8 8
4 2

36 37
35
31 8
9 17
14 35
9 33
1 24
6 1
32 5
33 29
33 34
29 21
18 25
12 16
30 16
32 24
14 5
6 24
30 31
1 30
23 13
33 5
26 1
22 12
19 27
31 18
23 7
7 15
8 26
26 12
18 1
19 6
23 5
35 11
17 11
22 14
0 26
14 2

7 7
22
1 2
3 5
2 0
4 2
5 5
6 3
0 5
1 4
2 0
4 3
0 6
6 5
2 1
4 0
5 0
4 3
2 1
6 5
2 4
5 1
3 1
2 4
2 5

33 22
20
7 6
7 3
12 1
7 2
20 18
18 2
15 0
9 9
5 16
21 0
1 3
4 6
6 14
6 17
13 2
4 20
11 10
0 2
7 7
6 10
11 3

27 5
41
2 3
1 0
2 0
1 4
0 3
3 3
2 3
0 1
3 1
2 0
3 4
0 4
4 1
3 0
4 1
3 1
0 0
2 4
0 3
4 4
3 3
2 0
0 3
1 1
4 3
4 0
2 0
4 0
0 0
0 4
2 4
1 2
0 1
2 4
2 3
4 2
0 4
2 2
3 1
0 2
1 2
9 2

17 5
7
1 1
0 0
0 0
4 2
3 1
0 0
3 2
9 3

16 20
36
2 13
13 5
14 4
0 11
1 3
1 14
4 1
10 9
12 14
5 11
14 4
6 9
1 5
9 1
14 8
10 5
7 0
13 1
0 13
8 7
11 4
5 4
15 4
2 15
10 2
5 5
9 2
0 6
11 12
12 3
4 9
12 11
2 0
9 14
5 4
7 12
22 1

24 14
44
10 7
9 10
9 11
0 1
3 6
1 5
11 3
6 8
1 4
0 10
10 9
4 6
4 10
6 8
10 0
9 11
9 10
0 5
7 8
5 1
4 8
9 5
10 12
2 11
10 8
10 1
4 0
8 5
10 13
13 13
11 1
6 4
10 10
9 7
7 5
0 7
5 12
1 3
13 9
8 9
10 2
12 4
7 8
11 4
7 1

13 18
29
9 6
12 10
10 12
12 7
4 12
12 2
10 2
4 0
12 6
9 2
10 2
3 2
5 5
5 8
2 3
1 4
5 3
4 12
8 9
11 9
8 1
5 7
1 5
12 11
2 12
1 12
9 0
9 0
9 9
21 5

35 22
5
14 17
20 11
4 20
16 1
21 1
9 4

25 35
24
7 12
24 21
4 14
8 16
2 0
1 16
5 7
7 23
0 7
14 4
5 0
21 16
7 10
24 7
7 23
12 12
4 20
12 2
18 9
19 11
19 20
5 6
22 21
21 24
17 4

21 16
48
11 6
15 10
9 15
12 1
3 13
10 5
3 8
1 15
2 2
12 11
3 2
13 15
15 0
0 14
3 5
4 12
8 0
2 1
15 13
12 13
15 12
15 12
0 3
0 2
14 13
6 8
12 0
10 15
11 0
9 7
1 14
3 8
4 9
7 6
4 2
11 8
2 14
1 7
4 13
1 6
1 8
6 0
14 0
3 12
0 13
14 4
14 4
11 14
8 4

20 1
24
0 0
0 0
0 0
0 0
0 0
0 0
0 0
0 0
0 0
0 0
0 0
0 0
0 0
0 0
0 0
0 0
0 0
0 0
0 0
0 0
0 0
0 0
0 0
0 0
1 4

26 31
1
11 11
22 4

16 10
25
3 3
9 6
1 5
3 5
6 0
0 8
7 5
9 1
7 2
9 2
3 1
3 0
6 2
4 8
4 2
3 9
0 9
1 0
6 5
6 9
8 0
9 9
9 2
0 9
8 3
3 4

30 22
47
8 0
2 11
5 13
12 12
14 9
12 1
15 16
2 7
1 6
1 4
8 7
5 8
2 0
21 21
5 15
3 18
10 12
18 10
19 3
8 21
13 13
11 20
10 8
12 4
2 1
3 6
1 8
2 20
14 16
15 8
11 7
12 18
5 15
12 0
11 20
6 5
13 4
16 5
1 15
5 0
4 20
18 12
12 13
6 17
12 6
7 17
8 4
21 1

28 22
1
3 6
16 5

26 12
17
5 0
11 0
3 6
5 9
9 6
2 10
4 4
7 7
0 7
5 7
4 4
8 9
1 11
7 7
1 1
1 5
7 11
15 3

1 19
3
0 0
0 0
0 0
7 5

36 1
34
0 0
0 0
0 0
0 0
0 0
0 0
0 0
0 0
0 0
0 0
0 0
0 0
0 0
0 0
0 0
0 0
0 0
0 0
0 0
0 0
0 0
0 0
0 0
0 0
0 0
0 0
0 0
0 0
0 0
0 0
0 0
0 0
0 0
0 0
12 4

8 12
19
0 6
5 2
7 7
5 2
2 1
1 7
6 0
3 1
0 5
4 5
7 7
4 0
4 5
5 6
1 1
2 2
5 2
2 2
7 1
3 3

2 9
30
1 1
1 1
1 1
0 0
0 1
1 1
1 1
1 0
1 1
1 1
1 0
1 0
1 1
1 0
0 1
1 1
0 0
0 0
1 1
0 0
1 1
0 0
1 1
1 0
1 0
1 1
0 1
0 1
1 1
1 0
24 3

7 7
33
5 6
6 5
2 6
0 2
6 3
4 4
3 5
0 3
4 2
2 2
1 5
1 6
5 3
2 1
3 1
3 6
5 3
3 4
4 0
4 4
3 4
0 6
0 3
3 6
6 3
0 0
3 3
4 6
2 0
0 2
4 4
2 2
6 0
24 5

22 5
14
1 0
2 0
3 2
4 1
0 0
4 2
3 4
1 0
2 2
4 2
2 3
0 2
4 1
0 0
22 4

12 27
20
7 7
1 1
7 5
10 5
6 3
9 9
6 7
5 10
1 11
11 7
8 8
2 10
11 0
10 2
2 6
5 8
2 8
7 9
10 9
5 11
20 5

32 6
29
2 5
1 0
5 4
4 3
2 2
0 1
4 4
2 3
5 2
3 3
1 2
1 4
5 2
4 5
2 1
4 3
4 1
5 4
1 0
3 2
3 5
1 0
4 4
0 5
1 2
2 5
0 5
5 5
1 4
2 1

24 31
32
16 19
21 11
4 16
8 1
5 3
3 3
13 17
17 13
3 23
12 3
14 0
8 18
15 10
18 0
8 15
18 20
2 8
10 0
8 11
18 3
22 21
10 3
21 2
19 23
6 9
2 19
0 21
2 20
8 22
13 20
4 7
23 0
14 4
