37

10 16
2
2 0
0 7
24 1

3 3
41
1 1
1 2
2 1
2 1
2 1
0 1
0 0
2 2
0 1
0 1
0 2
0 0
1 2
1 2
1 1
1 0
2 2
2 1
1 0
1 0
0 1
0 1
1 0
0 0
2 1
0 1
2 0
1 1
2 2
0 2
0 0
0 2
0 1
1 2
2 2
2 1
1 2
0 0
1 2
0 2
0 1
10 1

18 10
20
6 4
7 5
0 4
9 5
2 4
5 4
9 8
5 1
5 4
0 5
9 9
2 0
3 4
7 8
5 8
8 9
9 7
1 3
2 1
5 2
12 1

13 19
34
0 6
11 1
5 10
11 4
2 9
12 5
5 11
11 4
2 4
10 9
12 6
4 9
11 1
2 9
12 3
1 7
5 2
11 12
3 12
10 4
9 4
0 4
3 2
8 12
9 9
11 9
12 3
8 11
4 11
4 0
2 11
2 12
1 11
7 9
1 1

37 5
4
3 0
1 3
0 1
1 3
5 3

26 12
27
2 5
11 3
6 0
2 4
2 7
10 2
9 9
5 6
6 0
10 5
0 10
6 6
8 3
0 10
4 6
1 2
0 0
6 0
8 9
8 11
4 10
6 9
5 7
6 6
5 3
1 7
10 10
15 4

30 26
49
18 5
18 4
11 16
14 25
13 6
7 2
11 8
15 1
11 23
14 23
7 15
23 25
23 8
9 4
18 24
22 14
22 21
2 20
9 24
20 3
21 19
5 5
10 24
15 23
1 9
18 2
3 9
5 1
25 8
17 13
19 2
18 11
20 20
17 17
7 19
5 5
1 11
20 4
8 15
22 19
0 9
25 23
5 17
19 8
11 24
1 2
10 13
19 23
18 3
20 1

18 15
43
9 8
5 3
12 10
13 10
11 2
9 1
11 8
2 6
12 1
3 1
12 1
3 3
0 1
3 7
4 8
14 13
13 14
11 13
9 1
4 2
7 3
2 9
5 3
3 5
5 3
6 7
7 14
4 5
1 3
5 4
1 11
12 13
12 10
2 9
1 1
2 2
10 9
13 12
10 0
9 14
9 11
8 1
8 6
5 2

10 29
48
8 4
1 6
6 9
0 0
4 1
8 1
6 2
3 3
3 9
1 0
3 5
7 5
7 7
9 1
9 2
8 7
1 4
2 4
8 4
4 8
5 7
4 5
0 9
3 5
4 4
7 4
8 1
7 3
0 2
7 9
5 5
6 9
0 3
3 6
2 9
2 9
9 4
1 8
5 4
6 4
7 3
0 9
9 9
9 9
0 0
7 8
3 6
5 7
18 5

28 26
50
19 13
20 6
2 8
6 2
2 24
6 16
15 25
11 11
0 2
9 15
23 18
8 0
3 0
7 0
8 17
7 1
2 3
9 6
20 11
6 22
0 19
20 19
11 24
1 24
19 22
15 11
7 9
0 0
21 5
18 19
1 7
6 13
3 14
9 7
1 14
3 23
3 19
19 17
2 25
24 25
17 15
25 3
5 17
16 7
25 25
17 0
23 0
21 22
23 19
3 24
2 5

36 18
39
3 10
12 13
13 5
0 10
6 2
14 8
12 10
8 11
12 4
13 9
12 11
0 5
16 13
6 12
8 3
1 15
2 15
8 1
16 6
8 10
8 2
14 10
17 1
10 1
12 16
11 9
9 13
6 6
13 10
4 17
3 17
1 8
4 7
17 15
4 0
14 7
17 10
8 14
12 17
4 1

30 13
19
4 0
3 10
4 5
11 3
10 1
0 12
6 4
3 3
0 2
3 12
10 1
10 4
6 1
11 11
2 10
9 10
3 5
11 2
2 8
1 2

17 35
39
15 5
7 12
7 0
7 16
12 12
6 14
4 10
9 12
4 11
8 3
7 10
13 6
1 4
3 4
14 2
15 10
14 16
6 2
14 2
1 5
7 8
7 12
4 13
14 5
3 5
11 7
6 6
4 2
12 15
16 15
6 6
8 0
10 0
13 13
11 2
16 6
10 16
16 6
8 10
22 4

14 24
4
3 12
1 6
6 0
13 8
23 1

33 23
17
13 13
3 14
2 7
19 18
6 6
2 1
6 9
1 14
4 14
1 8
21 10
1 9
15 13
3 18
16 18
8 1
12 1
3 1

1 18
39
0 0
0 0
0 0
0 0
0 0
0 0
0 0
0 0
0 0
0 0
0 0
0 0
0 0
0 0
0 0
0 0
0 0
0 0
0 0
0 0
0 0
0 0
0 0
0 0
0 0
0 0
0 0
0 0
0 0
0 0
0 0
0 0
0 0
0 0
0 0
0 0
0 0
0 0
0 0
17 3

17 36
29
5 16
2 5
10 16
13 10
3 3
3 8
3 6
2 13
8 5
2 4
3 9
3 13
6 12
11 1
6 13
1 6
3 6
1 6
2 11
14 14
12 4
8 12
5 9
10 10
2 2
12 10
5 3
3 1
0 6
25 5

1 2
33
0 0
0 0
0 0
0 0
0 0
0 0
0 0
0 0
0 0
0 0
0 0
0 0
0 0
0 0
0 0
0 0
0 0
0 0
0 0
0 0
0 0
0 0
0 0
0 0
0 0
0 0
0 0
0 0
0 0
0 0
0 0
0 0
0 0
2 2

10 10
30
3 8
2 6
7 1
7 6
6 5
5 7
0 5
4 5
4 7
4 0
1 1
2 8
9 9
8 0
7 2
4 9
8 7
7 0
2 4
8 1
2 2
4 3
7 2
7 4
0 7
0 9
4 4
2 6
1 0
5 0
24 3

8 19
4
1 4
5 6
3 2
4 4
21 4

31 32
48
6 21
3 6
13 17
5 1
26 8
10 22
15 20
21 20
19 30
9 5
17 0
26 20
7 28
0 18
14 11
28 18
28 16
2 9
17 10
13 20
6 9
11 23
3 24
22 22
9 13
0 4
26 7
7 13
0 13
7 18
28 7
13 30
9 13
2 24
1 14
14 23
22 16
15 17
27 4
30 30
11 15
19 16
8 10
18 8
20 28
27 24
20 2
18 16
6 5

14 16
6
0 10
9 11
11 4
2 0
7 9
4 13
10 5

1 21
47
0 0
0 0
0 0
0 0
0 0
0 0
0 0
0 0
0 0
0 0
0 0
0 0
0 0
0 0
0 0
0 0
0 0
0 0
0 0
0 0
0 0
0 0
0 0
0 0
0 0
0 0
0 0
0 0
0 0
0 0
0 0
0 0
0 0
0 0
0 0
0 0
0 0
0 0
0 0
0 0
0 0
0 0
0 0
0 0
0 0
0 0
0 0
10 1

17 12
12
6 0
5 4
7 1
10 11
11 5
5 10
9 10
7 7
10 9
7 7
6 6
7 10
25 4

10 25
11
9 5
5 1
9 7
8 3
0 8
0 3
4 5
7 0
9 7
2 3
6 7
23 4

10 20
48
2 6
8 7
1 5
0 6
0 4
9 0
7 7
5 7
0 4
0 7
0 6
1 9
7 5
2 1
0 7
7 6
9 5
9 4
5 5
9 0
7 8
3 6
7 2
5 2
6 2
3 9
8 9
0 4
8 0
3 5
3 7
8 0
9 8
6 3
9 3
7 6
7 9
1 5
1 5
0 3
4 7
3 3
4 7
5 5
5 9
5 0
6 4
4 0
13 3

29 28
8
27 7
19 24
23 16
3 25
0 20
7 1
8 16
3 10
23 3

2 22
50
0 0
1 0
0 0
0 0
1 1
1 0
1 1
0 0
0 1
1 1
1 0
0 1
0 0
1 0
0 1
0 1
0 1
1 0
0 1
0 1
0 0
1 0
0 1
0 1
1 1
0 0
1 1
0 0
0 1
0 0
1 1
0 1
0 1
0 0
1 0
0 1
1 0
1 1
0 1
0 0
1 1
0 1
1 0
0 0
1 1
0 1
1 0
0 1
1 1
0 0
20 5

17 16
37
12 4
3 14
8 11
10 0
2 2
8 9
10 8
12 3
7 0
11 7
9 2
5 6
8 1
4 15
4 4
0 15
6 2
14 1
13 15
2 11
9 15
7 14
12 5
1 8
3 13
4 7
6 5
1 9
0 9
1 0
0 2
7 4
15 7
14 3
12 0
12 1
12 2
11 5

20 36
4
1 2
8 5
18 19
5 6
4 1

22 25
16
11 11
1 13
1 21
4 4
3 4
10 20
2 8
20 7
8 8
16 15
7 3
17 19
3 10
17 12
18 12
20 4
3 2

9 28
38
4 1
0 7
1 5
4 4
1 2
2 8
1 7
7 8
5 2
2 0
8 5
5 1
3 6
2 3
5 1
5 3
0 0
7 0
1 7
4 6
5 2
7 1
6 0
5 1
2 7
1 7
1 0
2 1
6 6
4 0
1 5
4 6
7 0
1 2
0 3
0 8
8 8
6 0
3 3

16 4
20
0 0
3 1
0 3
0 0
3 1
1 3
3 0
1 2
2 0
0 0
0 0
3 1
0 0
1 3
2 1
3 0
0 3
2 0
1 1
0 3
14 3

37 25
31
18 24
21 13
17 22
21 22
0 19
22 22
19 7
11 7
10 13
2 2
18 18
10 11
14 1
4 0
10 24
0 12
18 7
23 4
9 22
22 5
20 0
15 24
24 14
5 23
22 18
19 8
5 1
3 14
0 0
2 15
8 17
5 3

23 28
45
21 2
1 20
11 7
14 3
16 5
9 19
3 22
11 6
22 7
5 12
10 15
18 5
3 4
9 10
1 18
4 6
4 10
5 11
12 11
4 18
7 19
12 7
15 9
21 22
2 17
21 13
17 6
11 18
14 13
0 2
21 12
0 18
13 8
2 16
20 11
13 22
22 8
11 0
5 0
10 14
21 7
9 21
13 2
6 5
18 19
25 5

31 15
8
2 2
6 8
3 7
4 11
2 8
9 12
14 9
13 0
14 4

33 18
38
2 7
2 11
14 13
4 1
8 8
16 13
2 1
6 16
4 0
9 14
9 6
5 2
10 15
16 9
9 17
8 16
3 6
11 5
3 13
9 4
15 0
2 16
5 15
9 1
8 14
16 4
16 7
6 16
12 17
1 13
9 16
5 3
1 0
17 3
0 3
6 11
14 0
0 6
18 3
