30

21 25
225
14 16
14 3
12 10
20 0
10 1
12 23
17 6
15 16
12 6
18 21
9 20
6 2
3 4
3 12
10 20
19 0
18 7
5 1
6 1
18 4
5 6
3 20
7 3
12 7
17 21
4 9
1 8
19 2
1 23
11 4
16 23
18 3
3 5
9 12
17 7
16 9
19 15
20 20
4 13
18 22
1 2
16 20
6 0
14 14
2 6
4 17
2 17
10 23
7 12
2 10
14 18
8 3
20 24
16 9
18 11
4 5
13 22
4 15
12 2
9 3
1 20
15 21
15 7
9 4
7 17
5 24
2 16
1 14
20 16
2 6
17 16
4 13
15 3
3 23
8 9
11 3
9 8
13 17
15 8
14 21
7 14
2 0
7 13
15 9
9 1
9 20
4 19
12 7
4 12
7 10
16 10
18 15
9 3
18 7
13 17
17 7
17 12
6 5
14 10
14 11
20 16
2 23
11 5
14 23
20 21
3 9
20 8
14 16
19 22
5 0
8 4
3 18
17 6
0 12
19 8
18 7
16 17
3 7
1 23
5 11
1 20
19 24
13 5
15 4
14 11
5 6
17 6
20 20
7 11
10 13
4 18
10 17
11 24
16 21
2 13
3 19
20 3
6 13
9 8
3 21
10 22
12 17
13 16
9 21
4 24
15 3
3 9
12 0
6 5
0 7
18 9
8 1
18 22
8 16
5 20
8 10
19 12
15 2
19 18
1 1
20 24
0 0
10 15
20 4
17 0
15 11
6 6
1 1
16 11
17 15
12 20
4 21
9 13
2 17
2 15
17 14
2 19
19 13
20 8
10 16
9 11
11 18
19 11
0 18
2 17
2 0
13 7
11 21
1 11
7 22
14 5
12 16
2 17
4 12
11 18
2 23
5 12
4 8
15 4
20 9
3 24
11 5
9 5
3 18
12 22
7 18
2 15
7 0
15 23
19 12
1 20
15 9
12 12
19 11
14 11
6 22
0 1
10 19
11 15
18 17
9 0
17 11
18 5
10 20
19 21
20 2

6 37
79
0 19
1 22
1 23
5 3
4 9
2 0
0 22
2 15
5 26
0 29
4 29
5 24
1 28
0 21
4 1
4 1
5 27
4 7
4 19
5 32
3 11
3 33
1 11
2 9
4 14
4 27
1 25
5 24
0 14
0 30
3 22
3 1
2 1
0 30
3 18
5 23
1 6
2 28
4 15
3 34
3 9
1 14
2 30
4 30
4 13
3 22
4 3
2 10
0 18
3 9
4 17
1 14
0 33
4 1
2 1
4 12
2 26
3 0
4 20
0 16
3 1
3 2
3 17
3 35
4 3
3 28
1 7
5 20
2 13
0 16
3 2
4 14
4 22
0 11
0 30
3 4
5 32
1 27
3 36
6 4

27 39
296
0 10
2 34
0 16
5 19
21 6
16 24
4 10
20 37
7 18
13 35
3 25
16 18
25 26
0 16
8 38
23 32
16 7
14 21
16 31
24 29
15 27
14 9
12 11
2 26
7 20
4 13
8 2
8 25
22 36
0 6
4 26
1 5
8 9
21 34
16 38
3 18
26 2
20 3
16 3
19 24
21 6
21 35
4 7
9 16
22 8
5 8
18 3
18 11
24 37
24 7
24 33
4 16
26 36
14 24
2 14
12 14
7 15
9 28
25 13
15 22
11 17
8 30
13 2
8 37
16 1
16 6
1 30
7 31
26 13
14 23
13 10
5 1
23 15
23 33
13 37
14 31
13 0
26 25
20 6
25 26
8 15
13 4
8 1
0 18
8 11
2 16
14 28
12 21
18 36
6 38
11 30
24 0
21 38
0 23
10 16
16 36
22 1
4 14
4 34
6 29
13 24
5 24
3 7
10 29
1 18
24 10
3 10
8 29
21 20
1 18
7 0
19 21
0 7
9 34
4 27
13 0
21 18
20 18
7 28
18 6
15 3
15 27
4 31
15 30
10 17
18 26
7 6
5 37
25 34
20 4
19 6
24 23
20 17
6 24
23 6
26 7
9 6
10 17
21 0
21 16
1 15
18 6
0 21
3 19
7 29
15 14
17 21
3 35
20 28
1 26
14 29
26 11
20 3
21 35
11 19
7 25
14 9
22 2
2 24
16 36
24 2
12 31
25 13
0 4
20 21
15 8
17 34
26 33
22 17
21 29
22 10
14 11
22 22
25 23
21 4
7 30
4 9
10 7
19 33
17 18
12 22
11 34
2 24
3 2
17 26
2 16
26 5
25 37
20 18
16 7
26 37
5 4
9 26
15 14
12 18
20 36
4 5
24 2
14 8
22 10
2 31
2 25
17 15
19 37
2 21
25 10
4 18
3 24
8 38
19 4
17 5
2 5
21 15
23 32
26 1
17 17
8 6
0 33
26 28
21 35
17 18
3 31
13 25
14 31
16 30
7 32
18 29
5 37
13 35
25 20
15 0
3 38
3 5
12 15
10 11
5 5
18 25
20 8
22 10
24 24
8 10
7 31
23 27
25 38
15 35
13 19
11 4
26 37
5 33
21 5
5 22
6 23
10 37
12 36
25 35
20 38
7 29
13 14
2 38
7 26
4 11
23 8
1 3
14 4
11 12
13 20
13 27
2 2
17 9
15 32
17 21
18 6
24 22
17 12
15 37
20 10
4 3
4 13
21 37
6 11
16 4
24 0
19 2
17 4
21 6
3 38
0 6
20 21
21 26
12 20
25 11
25 6
1 16
24 27
17 14
1 4
13 4

33 20
27
24 5
12 0
8 10
5 13
12 0
4 17
8 3
5 1
17 1
3 10
10 3
8 0
14 19
27 5
30 16
1 9
22 12
6 18
8 10
15 11
21 6
24 18
18 15
13 6
11 6
2 12
31 9
9 4

27 25
154
8 13
11 21
15 2
1 7
4 13
17 2
23 2
12 22
10 3
16 10
19 19
26 14
14 21
23 4
2 10
1 13
22 7
11 14
22 8
0 2
18 24
22 7
3 9
15 5
7 12
22 18
17 3
7 8
3 17
10 23
8 7
3 12
5 17
25 8
10 13
20 20
8 11
19 11
3 2
10 1
10 18
1 1
20 22
16 20
16 16
1 6
4 11
3 19
10 7
25 0
5 6
11 6
14 11
3 4
21 10
8 3
12 16
1 15
23 21
16 5
22 4
14 2
13 24
15 11
9 8
17 9
12 19
10 3
11 20
17 1
11 2
15 19
1 17
4 6
18 20
11 17
21 9
22 18
4 2
2 20
22 18
10 12
12 14
12 6
16 11
24 0
12 8
21 6
19 22
0 12
16 8
22 17
10 18
10 2
3 20
24 7
2 12
9 8
25 11
26 11
0 17
20 18
1 13
22 21
14 2
18 20
11 11
1 7
22 11
2 19
1 10
9 20
22 14
4 11
18 14
19 17
12 7
5 20
15 19
1 12
18 2
1 0
1 15
17 3
12 1
2 5
2 16
9 13
5 13
7 3
2 3
25 1
9 11
7 23
3 6
24 17
17 11
9 18
20 19
13 23
22 1
22 7
26 22
13 5
25 16
6 17
5 10
20 2
16 6
24 16
20 11
10 14
8 17
4 13
5 3

35 13
15
25 10
22 0
7 1
2 3
4 9
6 5
26 8
21 8
25 0
19 10
17 12
0 12
13 2
12 7
2 4
17 5

5 12
18
0 5
0 7
4 2
4 5
2 0
4 3
0 4
1 11
3 9
4 8
0 2
3 10
2 9
0 10
2 7
1 2
0 9
1 5
11 5

36 27
356
22 3
12 22
5 3
19 22
34 11
0 25
9 7
9 22
15 7
24 26
32 6
18 23
24 3
28 9
33 17
3 13
9 22
11 7
32 15
34 19
21 20
6 10
27 14
35 19
34 19
17 26
16 17
4 8
12 5
0 18
28 16
22 5
35 0
9 19
33 0
9 5
17 8
22 16
35 13
23 5
10 19
13 22
24 20
9 0
20 6
22 25
31 19
1 4
3 10
3 2
29 23
12 15
6 22
15 1
16 6
9 6
21 23
7 9
24 10
16 10
9 19
15 25
26 15
21 10
12 5
8 19
13 4
24 24
13 18
10 8
27 21
9 6
26 11
16 10
13 23
5 20
10 3
3 2
15 10
35 5
30 13
8 15
2 15
13 1
1 22
6 13
24 15
21 1
9 20
13 1
1 6
8 10
30 7
32 16
6 2
10 22
27 15
15 13
33 26
1 16
8 12
21 7
11 0
31 6
33 5
5 1
11 3
14 16
10 18
32 23
17 22
4 12
12 10
4 26
15 19
29 13
3 15
34 13
30 17
28 9
20 13
33 25
30 0
25 8
19 22
12 20
29 15
8 10
20 8
33 26
32 21
23 20
0 8
19 16
4 20
19 8
27 26
8 18
1 14
4 1
6 12
1 12
2 0
23 25
19 15
1 21
29 25
8 7
1 24
1 15
12 3
35 13
9 13
28 14
25 19
1 13
12 18
22 4
4 1
0 12
31 25
18 1
31 9
2 12
22 7
12 10
4 3
8 18
14 0
5 14
20 2
9 2
30 0
2 25
28 17
35 26
3 5
27 2
17 16
18 11
18 7
19 5
6 17
31 21
7 25
12 19
20 19
22 20
11 0
34 7
6 4
12 13
23 18
19 6
20 12
9 15
29 23
21 24
0 15
11 6
14 2
30 6
14 4
26 16
23 20
24 5
29 8
15 4
26 25
27 15
20 12
32 24
31 5
9 10
20 17
17 21
6 8
18 10
10 5
7 14
9 0
16 5
19 23
27 16
17 9
13 18
14 18
5 0
29 4
10 16
16 19
18 11
8 19
4 2
14 16
21 26
29 9
2 15
4 21
5 4
7 11
19 15
24 6
6 15
32 7
20 23
31 1
30 10
18 21
26 18
16 21
22 1
19 4
26 2
34 5
28 19
35 20
35 21
16 0
24 13
29 8
22 8
24 5
7 17
27 11
11 22
5 12
10 0
12 17
13 9
8 14
20 6
30 11
33 5
26 16
2 21
3 14
17 10
34 18
33 5
10 8
5 26
8 20
2 9
32 25
22 25
33 11
6 0
16 20
11 16
26 4
33 16
19 15
35 24
23 0
29 0
35 22
3 23
27 12
21 23
4 1
28 22
26 20
27 20
21 20
30 13
31 23
33 18
23 3
21 9
25 22
30 7
33 4
27 5
33 15
30 0
16 26
18 10
35 17
15 14
21 20
30 26
30 17
12 2
31 20
26 12
2 7
23 4
13 5
22 2
21 20
7 22
9 12
3 22
19 23
19 0
8 20
5 3
17 15
15 20
5 12
8 2
34 13
28 19
21 10
31 0
9 20
5 16
10 2
2 2
18 18
35 24
0 19
34 15
8 4
23 18
15 2

18 14
66
3 0
6 6
9 11
15 3
2 3
10 13
4 9
17 11
0 9
10 4
13 3
17 7
3 8
14 5
4 3
4 2
15 1
10 2
9 6
7 10
17 7
12 1
7 1
11 1
7 1
1 3
10 3
3 6
2 12
2 12
0 0
11 3
4 1
7 3
14 5
12 7
5 12
1 3
15 5
15 10
11 7
5 4
8 12
16 7
1 13
3 12
17 2
11 5
16 9
14 1
8 0
0 3
3 1
1 3
0 9
16 3
7 6
15 5
6 7
7 10
5 3
2 8
6 1
15 6
16 10
9 7
5 5

17 15
43
16 1
0 10
8 5
7 7
0 5
3 14
4 12
8 8
15 8
13 13
6 3
5 3
3 12
0 14
15 11
1 8
0 3
12 5
6 11
5 4
13 5
7 6
12 5
2 8
16 8
12 3
9 6
7 11
15 13
16 5
16 6
10 10
13 9
5 1
15 4
5 5
2 14
11 10
9 7
8 4
16 6
14 3
14 6
13 2

39 13
72
13 2
24 2
31 11
29 4
30 10
23 0
36 10
34 6
25 6
34 12
34 5
27 4
34 10
3 2
10 11
33 4
15 4
18 1
32 6
28 10
13 11
7 2
5 0
32 1
30 4
33 7
12 7
28 10
12 12
13 4
33 8
27 0
36 6
7 6
34 4
25 2
8 4
3 1
7 12
12 5
35 8
33 0
20 3
18 11
33 7
20 8
16 1
19 11
28 1
36 10
11 6
37 8
18 10
23 3
0 6
22 0
14 6
18 8
34 5
33 9
3 10
20 1
5 6
34 11
15 6
22 12
28 5
9 8
29 1
2 8
1 3
25 5
8 5

25 21
67
12 12
16 9
12 6
3 2
24 0
24 10
16 5
23 9
9 7
10 15
2 20
9 15
2 3
7 19
2 18
17 7
8 0
2 1
6 15
13 19
18 6
24 3
16 7
5 16
17 11
2 1
5 8
12 13
5 0
21 8
11 10
9 14
10 13
15 6
13 12
11 13
17 12
19 6
9 4
8 17
19 8
3 6
22 15
3 2
12 14
21 13
12 3
20 12
3 0
16 3
15 0
4 17
20 4
13 5
17 9
4 4
24 17
16 14
21 4
22 10
21 9
17 12
0 18
2 15
12 15
13 2
0 9
19 3

7 36
70
3 26
3 22
3 25
2 26
6 20
0 25
1 7
2 28
2 35
1 31
2 9
6 10
2 23
1 13
5 25
2 16
0 1
1 12
5 33
2 7
2 0
5 18
2 3
3 20
1 18
3 13
1 6
3 10
4 7
6 27
4 30
1 22
3 6
5 26
2 10
3 12
5 11
5 7
6 34
1 35
0 19
3 24
4 13
1 17
0 2
4 9
1 30
6 2
6 25
0 32
6 29
4 25
2 34
0 33
2 27
0 5
2 29
6 6
5 27
6 27
6 31
2 21
0 28
5 13
1 32
3 32
6 22
0 27
4 5
1 23
19 4

29 40
84
3 11
25 32
19 0
26 16
25 24
3 1
28 6
19 24
3 21
27 8
8 7
2 3
15 27
9 16
13 27
24 24
5 2
6 2
24 7
27 5
23 9
17 13
15 39
20 6
14 2
27 29
23 30
8 33
16 10
7 1
8 6
23 4
8 39
19 17
17 1
22 4
12 31
9 28
16 36
8 32
23 6
28 3
5 30
12 21
0 36
13 4
0 17
22 24
18 29
12 6
5 18
12 37
17 32
3 24
18 36
18 36
6 38
28 34
4 19
21 17
28 22
12 1
0 7
27 30
25 5
8 13
5 3
0 1
2 28
3 19
24 7
13 13
25 19
9 38
22 26
27 30
25 4
26 11
11 39
3 16
4 30
20 39
23 30
24 31
9 4

20 35
223
2 31
13 25
0 24
14 20
1 5
10 6
19 24
10 0
9 10
13 31
12 2
19 20
14 7
9 11
8 8
19 16
6 24
10 15
8 29
17 30
12 13
9 20
1 7
10 24
4 26
16 31
6 33
16 34
3 15
12 0
17 29
10 3
6 10
19 4
5 32
8 4
17 14
7 0
14 5
5 11
12 17
17 11
4 1
7 10
14 28
0 25
14 30
7 6
6 21
10 34
10 33
12 31
17 20
13 14
19 17
16 2
14 0
19 6
16 16
19 21
17 32
1 16
1 1
7 19
17 26
1 3
12 8
6 1
14 29
2 9
16 27
3 23
6 17
5 20
11 13
5 33
15 19
6 19
1 14
6 33
0 5
19 30
5 7
17 22
9 17
12 4
4 26
5 24
10 20
15 0
4 31
15 22
11 21
1 29
7 7
7 28
12 30
15 26
2 2
7 11
8 15
9 28
18 4
5 12
12 15
13 1
8 13
0 30
13 21
18 29
7 22
1 21
5 17
10 1
18 4
17 3
7 8
18 31
3 4
9 31
10 32
19 11
8 3
14 21
9 27
16 1
6 13
5 21
15 20
13 32
19 1
9 8
19 8
17 5
0 24
2 2
11 6
10 24
5 16
6 29
5 12
12 19
5 22
4 24
14 16
1 28
12 17
9 29
19 25
11 27
16 12
19 27
17 31
9 34
18 33
6 30
10 22
13 31
3 31
3 6
11 29
0 25
6 20
10 2
17 26
5 30
8 25
12 24
16 1
17 13
18 25
11 7
14 6
13 29
6 29
4 29
3 26
17 23
5 34
12 20
16 11
15 22
11 16
15 16
7 24
8 3
7 5
18 29
7 28
12 21
7 34
16 12
13 32
5 32
13 8
4 22
0 21
8 5
2 5
8 13
3 25
17 33
15 11
11 19
9 26
9 3
16 34
10 5
5 10
0 7
14 0
14 28
5 17
16 16
17 4
4 5
17 14
9 9
10 1
8 14
1 26
7 13
7 2
13 1

35 22
119
27 17
24 20
33 19
31 21
30 13
22 12
21 10
14 5
13 9
29 0
9 21
10 13
16 21
18 12
21 6
0 10
5 0
17 1
30 19
3 0
28 2
24 18
30 1
5 19
26 19
18 7
9 14
22 3
21 7
3 7
7 5
32 5
14 21
7 11
34 2
32 10
12 13
19 3
28 6
24 9
25 11
14 14
9 15
4 10
26 17
28 13
15 8
33 15
13 12
9 9
17 21
2 14
18 18
19 6
27 13
7 1
25 2
13 9
6 2
2 11
17 6
1 14
4 10
33 20
25 0
34 6
19 20
33 4
25 14
22 13
18 17
29 8
27 15
26 11
32 13
21 14
20 16
5 2
8 10
26 21
12 1
10 4
11 19
12 8
24 9
15 0
32 2
13 20
25 12
10 5
33 2
10 17
3 21
16 18
3 3
4 14
0 7
19 0
34 17
17 19
19 5
25 17
13 18
24 0
2 4
21 7
30 10
15 5
17 11
29 0
33 4
18 0
18 21
26 16
10 12
31 8
6 5
20 2
32 10
11 3

9 12
42
7 10
7 2
1 9
7 8
2 8
4 8
7 11
4 10
8 5
7 11
8 2
0 0
4 6
2 6
5 3
2 7
3 9
4 3
5 11
6 1
2 4
3 8
8 4
5 5
4 1
3 7
8 5
0 3
1 8
0 3
7 9
6 6
3 1
5 1
2 3
1 3
5 4
3 8
7 5
6 8
4 6
8 6
18 5

11 7
6
6 6
8 2
5 1
1 3
1 0
1 4
9 2

9 30
61
5 22
3 7
2 24
8 12
6 14
6 29
6 10
2 20
1 26
7 19
6 16
6 24
4 4
6 7
3 7
3 23
0 24
5 22
6 7
6 29
1 4
0 12
8 11
4 18
2 25
5 13
2 2
7 21
0 5
6 15
1 2
0 5
5 16
8 18
8 18
6 8
0 12
0 8
5 25
1 0
7 14
7 21
5 18
6 22
6 12
7 16
5 24
8 2
3 27
3 9
2 26
0 1
8 9
2 17
4 1
2 16
3 8
4 6
0 20
0 17
5 21
5 5

24 21
67
19 11
3 4
17 0
4 3
14 14
16 12
22 13
9 14
7 16
21 14
8 3
11 20
16 16
9 19
7 4
2 12
0 3
2 14
1 16
1 17
4 6
1 6
4 2
23 14
17 15
0 18
3 2
4 11
9 10
13 16
7 11
3 11
6 6
2 19
11 6
15 19
19 8
8 8
2 18
14 7
23 8
2 7
18 19
23 15
18 20
4 7
4 3
19 3
2 19
4 9
9 9
11 19
23 0
10 18
9 5
9 4
10 1
9 13
13 4
18 9
21 19
7 14
12 2
18 2
3 5
15 2
11 6
15 3

24 36
48
18 3
0 5
2 2
14 34
11 13
14 25
20 4
3 6
10 14
1 13
4 31
12 1
8 2
6 3
2 19
8 31
21 33
13 12
22 28
17 27
5 26
6 16
23 22
20 22
19 28
23 30
12 11
15 10
11 15
1 35
17 24
13 21
4 22
21 11
10 6
14 2
7 29
5 35
12 8
1 12
19 2
14 8
18 27
7 26
0 12
7 6
3 1
17 7
8 1

11 10
48
4 3
3 3
10 8
7 2
10 2
5 8
2 9
8 0
6 5
10 9
7 1
8 2
8 8
2 4
2 5
5 8
8 9
10 6
1 9
8 2
8 7
1 8
2 2
3 1
7 0
4 8
5 4
10 6
6 4
10 7
8 7
9 0
4 9
1 2
0 6
9 1
3 6
5 2
9 1
6 8
8 2
4 5
7 6
5 7
10 2
9 7
10 7
0 2
12 2

20 17
50
13 13
2 2
8 1
7 14
2 1
9 4
11 14
16 11
5 0
15 8
5 5
9 2
15 8
4 10
10 9
5 4
5 0
9 5
5 10
16 9
14 11
10 7
7 1
11 9
11 0
12 7
10 4
19 2
11 6
0 6
1 4
18 14
6 13
2 0
2 3
4 3
6 3
15 6
5 15
15 3
7 1
15 12
14 15
17 14
16 1
18 11
17 3
11 5
6 12
15 8
10 3

6 29
76
5 14
0 15
2 6
5 26
2 0
0 7
3 7
3 21
2 22
0 25
4 8
4 8
4 8
4 2
5 13
3 5
1 10
4 7
5 10
5 11
4 25
2 14
0 22
3 18
0 19
1 1
4 27
1 4
3 18
0 28
3 19
2 13
4 21
4 26
5 22
4 18
1 2
3 26
4 17
3 9
5 19
2 25
1 15
5 7
2 22
3 28
2 20
4 24
0 15
2 6
5 14
2 11
3 5
4 15
2 14
1 0
5 15
5 3
2 11
1 22
2 18
0 8
1 7
1 4
0 3
5 0
1 14
4 5
0 17
0 11
2 20
3 16
3 17
4 1
2 16
3 2
5 3

7 14
15
3 12
5 1
5 2
6 8
0 2
2 1
1 7
6 10
0 9
2 11
6 5
3 3
5 7
5 12
5 7
16 3

11 5
7
7 2
0 0
7 3
5 2
2 1
2 0
2 0
6 4

28 21
101
8 3
7 3
21 11
6 9
18 6
17 7
16 4
12 18
0 12
3 2
17 1
4 10
4 11
2 2
19 17
6 4
10 16
6 7
10 4
15 4
17 6
9 3
13 2
8 15
5 10
5 4
3 14
25 5
5 8
7 5
10 16
17 13
10 18
19 1
14 7
14 15
22 0
7 18
3 12
26 4
2 17
27 3
2 12
14 3
27 7
5 17
22 0
26 17
3 16
16 11
3 4
15 6
25 2
11 3
18 6
16 2
18 9
20 4
20 0
6 2
14 1
18 20
24 17
10 9
9 9
22 5
27 8
20 8
11 17
7 10
11 4
19 2
5 17
16 3
21 3
5 5
22 3
4 11
14 3
17 14
22 18
1 14
7 9
3 14
23 12
4 1
26 2
5 7
24 6
16 15
12 1
2 8
3 8
26 8
17 7
27 7
11 4
13 14
19 12
24 2
3 14
5 1

40 37
460
36 5
30 11
32 29
16 2
34 15
4 34
12 6
32 19
19 28
34 28
39 7
11 16
17 4
2 32
22 35
4 6
2 10
6 3
16 19
8 35
17 8
2 15
16 33
2 18
15 31
37 22
5 27
4 26
20 1
9 18
27 6
31 14
1 22
10 1
1 14
18 32
13 2
22 21
13 27
33 24
27 15
28 12
10 11
26 15
29 15
5 29
29 3
39 2
16 2
15 24
12 1
39 28
25 21
37 35
8 18
31 3
6 15
23 36
19 25
24 21
7 28
39 14
14 26
12 30
22 35
25 29
19 33
10 9
29 27
19 27
33 0
35 36
18 7
27 14
36 0
15 23
4 27
36 33
3 32
11 14
18 16
34 17
28 18
17 2
20 16
12 10
4 18
7 14
37 22
11 24
12 25
10 10
19 2
21 1
17 14
27 11
6 18
19 0
23 23
28 34
15 29
33 15
23 31
1 8
19 6
5 25
30 10
12 32
32 22
37 12
15 17
18 21
29 2
33 35
31 32
27 31
37 33
35 2
22 24
14 21
3 30
17 6
8 0
24 11
14 27
13 34
3 16
37 27
14 12
29 12
17 5
35 23
17 26
6 3
24 1
20 19
2 23
21 26
21 11
20 30
15 6
7 16
8 33
18 11
21 12
36 7
4 8
10 26
35 30
27 20
11 24
20 28
10 12
4 15
21 17
9 35
22 10
34 26
34 30
38 12
33 32
33 28
30 27
29 33
14 29
38 30
21 2
19 24
15 31
28 20
19 3
36 34
11 1
22 4
2 26
35 35
20 20
37 8
37 28
23 0
18 26
21 26
27 15
14 10
3 7
38 8
6 13
30 3
8 7
29 11
30 19
6 3
37 19
2 26
25 4
25 21
28 9
17 20
32 24
33 28
15 31
23 8
5 16
32 10
39 22
11 36
16 27
31 14
36 3
17 9
16 31
24 22
4 27
10 7
8 31
14 20
13 13
33 5
7 9
14 5
12 35
31 24
27 31
32 35
7 29
28 9
37 30
21 4
29 28
5 23
19 35
34 24
37 22
7 12
13 33
18 31
22 5
14 34
21 1
36 34
26 15
36 29
12 25
34 21
15 16
3 26
21 26
10 2
9 11
0 27
19 29
34 27
16 3
13 7
20 1
13 12
27 28
16 0
11 2
28 9
38 0
28 25
37 0
31 32
10 0
22 18
3 20
8 34
2 15
8 31
25 24
20 34
26 33
5 25
36 7
0 17
32 11
18 11
1 7
3 20
26 0
19 36
7 32
21 10
27 25
27 24
10 17
6 31
33 25
35 3
4 28
24 18
31 34
39 26
20 25
38 11
21 20
18 8
23 9
27 35
20 12
34 24
10 20
30 33
0 35
14 8
7 7
12 12
31 4
31 3
25 22
27 11
28 21
32 23
5 36
34 35
0 31
39 18
3 26
15 19
23 31
32 33
10 18
30 12
9 11
19 26
9 9
34 0
28 11
1 26
20 32
1 32
0 22
17 31
13 15
12 2
29 34
28 18
5 4
29 10
33 22
38 10
28 23
22 5
0 18
37 14
3 34
3 2
38 1
28 21
34 9
38 14
37 4
38 24
16 6
1 32
2 7
23 19
24 36
18 13
28 29
3 34
35 33
32 13
34 20
10 6
13 21
39 13
13 32
15 16
4 3
2 18
28 23
6 23
3 27
6 6
24 5
3 30
29 10
9 21
32 1
13 24
37 6
15 20
7 16
5 15
31 33
21 23
4 29
13 21
5 29
35 34
23 12
31 10
29 24
26 11
36 1
22 13
12 13
35 31
3 14
14 13
9 27
15 20
12 34
14 12
5 27
4 26
32 36
23 6
11 6
13 28
10 26
8 20
12 9
36 23
15 29
32 1
5 3
3 16
32 29
6 20
7 15
13 11
14 29
12 12
21 15
4 9
0 7
12 5
19 16
20 14
10 0
32 17
24 35
28 5
14 12
33 32
8 14
4 8
33 0
32 25
12 27
34 13
9 7
10 14
12 14
2 2
12 28
8 27
39 17
11 21
28 24
18 29
29 0
25 31
28 5
39 6
20 4
27 22
20 1

39 34
141
19 31
36 16
20 14
17 11
18 31
0 14
15 3
12 29
1 20
22 12
22 29
4 32
11 1
14 21
16 5
31 19
13 24
28 29
26 29
29 20
28 18
9 16
23 15
1 3
4 21
7 31
31 3
20 14
7 4
18 16
9 4
32 0
30 10
36 28
28 4
5 13
5 6
34 28
24 33
27 11
20 0
10 31
33 14
8 20
13 4
3 0
34 17
30 16
10 7
20 33
12 19
33 24
7 32
5 12
2 13
23 19
26 26
7 17
12 27
13 1
34 26
6 29
27 4
0 29
3 8
1 14
34 9
27 29
9 18
8 32
33 24
38 4
13 16
2 8
28 31
25 21
12 23
6 2
15 2
9 20
32 29
2 10
10 8
9 15
11 33
12 18
8 16
5 25
9 20
34 20
18 19
22 10
38 27
16 17
0 24
22 29
3 21
9 22
33 7
17 3
33 17
34 1
28 9
34 19
17 4
26 12
2 0
5 0
19 18
23 16
1 21
35 0
25 31
25 30
35 20
6 2
2 17
35 15
37 8
18 17
6 25
28 23
12 1
19 7
15 4
27 23
34 32
11 0
29 15
25 4
17 7
23 5
19 33
20 27
14 3
12 26
37 11
12 7
6 13
2 21
31 33
6 5

25 24
234
17 13
5 4
17 11
14 17
19 9
3 6
14 22
20 19
15 11
20 2
20 11
9 6
22 11
24 14
21 6
3 2
8 4
11 12
5 5
23 13
6 8
18 14
3 4
1 8
18 17
14 12
19 10
23 18
5 2
19 1
3 11
1 8
24 9
2 2
7 3
21 8
8 16
1 5
7 19
22 19
12 15
2 22
4 5
8 10
8 23
2 4
12 0
2 18
11 9
14 8
14 12
1 23
4 0
0 1
24 9
2 9
21 2
9 18
6 10
13 0
23 10
7 23
17 4
8 6
11 8
23 11
2 12
17 0
11 23
21 3
10 18
9 23
21 15
13 21
19 21
4 18
13 18
16 16
0 6
17 9
23 5
23 1
13 0
11 4
16 19
11 3
0 7
4 9
7 7
11 9
10 18
5 6
21 13
24 21
13 0
2 0
1 10
20 16
18 5
8 9
16 13
20 0
20 19
0 12
5 5
1 3
16 17
13 8
14 17
3 20
17 4
22 19
6 23
6 1
9 16
5 4
19 13
15 12
11 23
1 0
3 2
12 6
16 4
3 18
13 8
17 7
3 10
18 23
15 4
9 4
3 6
20 13
13 8
19 16
7 23
20 23
19 9
17 23
9 1
13 21
24 13
18 13
1 16
14 3
7 18
6 22
3 3
16 17
19 12
3 23
11 0
18 18
14 5
8 12
18 12
12 2
8 4
7 9
6 7
15 0
18 8
22 4
4 3
7 9
24 17
4 12
17 12
7 9
3 16
11 15
2 10
10 13
24 5
1 15
17 13
5 10
14 1
16 15
8 5
11 10
3 20
24 22
1 9
16 6
23 18
7 0
22 1
0 7
13 14
8 11
11 15
8 4
11 1
23 2
20 17
1 15
24 3
13 23
11 11
14 8
11 16
19 0
4 5
10 1
19 17
5 14
21 3
13 9
2 16
9 6
22 7
22 9
18 0
12 3
21 18
8 14
24 13
10 21
5 20
19 13
18 9
22 11
4 16
15 22
23 1
22 21
0 1
12 5
3 10
22 20
19 20
10 23
0 13
15 5
8 3

