30

25 37
172
6 33
17 5
17 20
11 26
6 30
20 15
4 6
4 8
24 16
22 36
21 33
21 19
10 12
13 35
13 1
19 35
13 31
17 2
0 34
12 33
14 0
9 33
22 17
11 24
15 29
20 24
13 30
19 12
18 21
0 8
24 28
14 32
20 20
12 16
9 27
3 11
3 15
21 18
11 5
23 4
15 14
18 1
19 19
21 9
24 24
10 27
22 8
17 18
7 10
3 11
14 10
16 29
4 23
23 29
13 26
7 24
7 35
18 13
0 5
19 12
11 21
22 1
20 5
3 9
10 8
21 29
23 12
19 10
10 26
0 4
22 27
6 7
3 9
11 28
24 16
4 12
13 15
22 27
14 23
12 32
18 0
0 18
18 2
13 36
18 0
24 12
18 13
11 27
15 24
7 10
7 10
4 21
12 1
22 6
13 2
18 31
8 8
9 34
8 25
2 14
21 13
21 5
24 2
18 31
19 25
6 21
9 26
17 3
15 17
15 22
13 5
2 1
12 29
22 23
6 27
14 24
4 25
7 27
5 13
0 14
22 26
15 27
3 18
1 12
2 20
15 35
9 29
24 4
17 26
22 27
21 33
9 2
22 35
19 9
22 19
1 11
18 5
18 25
14 2
18 10
17 3
13 32
24 1
5 15
13 14
4 26
11 27
8 26
1 34
22 4
9 15
15 12
2 2
9 14
15 22
0 8
14 36
1 7
17 34
20 17
0 16
19 1
1 20
14 35
16 18
21 19
18 33
24 12
22 0
22 6
11 1
6 28
8 3

19 33
73
18 24
4 16
10 29
7 15
0 19
1 25
12 29
12 23
9 26
6 9
9 28
16 19
12 22
1 18
9 26
7 32
4 31
4 4
0 31
4 1
10 30
18 22
7 29
7 3
18 17
0 4
11 2
7 1
8 13
15 26
8 3
10 21
12 23
1 16
13 21
5 10
16 32
17 2
9 0
4 6
0 2
0 27
16 29
11 13
18 31
9 15
6 16
4 5
6 11
15 21
9 11
14 22
6 26
12 28
11 30
15 9
0 10
2 5
10 30
10 15
5 3
11 5
2 2
16 23
9 21
3 4
8 21
5 5
17 31
2 19
12 3
13 4
0 28
13 4

27 21
183
0 17
3 13
16 17
6 11
20 15
6 7
16 2
22 19
20 7
6 6
5 1
14 9
16 17
20 13
5 7
10 4
26 4
14 5
9 4
3 5
25 15
2 4
12 3
26 5
18 10
8 0
14 10
14 18
12 18
17 20
24 12
5 7
21 4
19 9
17 14
21 11
3 13
10 8
25 12
25 18
9 12
25 12
18 7
23 12
0 18
24 7
13 9
7 5
7 8
21 1
9 14
26 6
25 8
19 10
1 8
20 15
14 12
11 1
5 16
10 10
11 14
0 11
9 5
1 20
10 18
10 2
3 14
20 7
15 4
3 3
8 20
16 1
25 17
21 9
11 17
25 0
1 8
8 18
15 16
15 9
6 3
19 10
0 7
8 6
20 13
14 5
7 20
20 14
24 20
13 13
11 5
14 0
26 2
20 1
4 7
12 20
25 7
3 15
26 1
25 15
12 2
8 0
4 13
25 14
14 8
21 10
1 8
8 7
11 1
0 5
22 19
8 12
12 9
17 10
10 2
22 7
1 16
23 19
11 15
2 0
2 17
2 18
19 18
6 9
11 17
7 3
23 20
21 13
10 0
23 6
19 4
23 17
3 15
23 3
16 14
3 17
7 19
24 12
22 0
15 5
5 0
23 12
26 2
0 1
1 6
23 6
14 10
19 2
13 20
22 18
22 12
6 8
7 19
25 15
5 14
7 2
14 6
21 8
8 8
14 14
25 10
0 0
19 15
3 9
3 20
22 7
1 0
24 18
15 4
24 13
1 20
10 20
4 20
16 7
2 6
22 0
15 5
0 17
23 1
20 7
5 1
5 12
26 6
18 1

35 17
39
19 13
6 15
21 9
12 11
24 8
10 14
32 2
29 14
27 8
0 10
14 1
11 4
28 4
31 11
4 10
9 3
7 6
9 0
23 14
24 12
32 9
16 8
6 1
24 13
0 4
5 11
0 1
4 13
30 0
9 13
18 11
3 9
25 12
1 7
29 2
21 0
33 10
5 16
2 13
17 5

40 40
105
3 6
5 29
2 26
26 11
1 32
21 18
28 22
8 5
3 33
30 5
20 30
4 11
32 11
0 31
14 14
28 39
29 26
31 28
30 39
39 38
11 11
7 9
6 20
15 30
2 32
2 28
25 17
10 11
28 2
22 36
10 37
33 1
26 14
3 16
38 5
29 2
20 11
1 29
37 31
33 38
23 1
8 14
25 37
1 18
39 30
30 20
24 37
38 16
14 36
8 12
3 9
6 20
34 17
3 5
36 37
32 14
3 20
28 20
0 22
36 14
0 24
31 22
13 9
29 30
29 11
14 17
39 31
14 1
10 21
6 18
26 23
28 19
16 12
29 25
2 23
5 33
18 0
15 14
27 18
17 20
9 22
11 0
25 3
0 6
37 28
11 23
11 30
10 39
13 10
26 3
18 32
22 38
33 21
22 20
34 10
8 32
3 27
10 12
14 21
1 8
39 15
15 37
15 34
8 22
12 36
5 5

27 31
352
5 13
25 4
9 19
5 20
25 7
17 14
14 19
4 23
21 30
16 10
12 12
3 16
16 18
16 2
17 21
21 23
0 11
20 8
26 13
10 9
4 27
17 19
9 2
22 16
21 9
4 9
25 7
25 11
25 3
1 27
6 4
24 3
18 16
22 0
20 29
19 27
6 30
15 7
20 19
12 20
17 25
24 12
8 1
9 0
3 1
0 13
24 3
11 24
11 21
0 12
23 3
19 29
24 14
12 3
22 11
18 20
21 22
1 8
13 2
11 11
5 7
20 8
18 30
23 19
23 1
16 17
17 19
17 30
6 27
16 10
13 14
14 13
18 6
13 27
26 19
12 23
24 25
12 21
24 12
24 19
1 8
3 3
12 17
14 6
20 22
24 28
7 25
3 20
3 30
14 19
7 13
10 25
13 23
26 11
23 21
14 9
9 29
19 4
25 16
18 11
3 17
1 13
22 8
26 29
17 19
1 12
5 1
10 3
12 15
1 20
24 17
9 13
17 30
10 14
16 3
15 16
0 21
0 26
25 23
26 27
14 1
23 7
3 29
12 22
22 17
8 14
19 10
12 1
0 29
1 0
6 7
0 3
3 8
3 9
13 9
6 30
0 10
2 12
7 6
7 10
14 12
22 20
23 8
20 19
9 27
24 6
5 9
26 20
26 28
11 21
1 6
3 16
20 2
25 20
16 17
3 17
8 3
22 7
15 1
22 29
2 4
9 8
26 28
22 1
15 26
14 5
22 28
10 24
22 4
13 15
4 3
12 3
1 15
10 6
3 2
20 25
6 6
16 17
3 25
2 0
12 26
1 24
2 29
20 13
16 2
0 21
10 21
18 30
9 19
2 3
24 7
26 23
22 21
25 20
7 15
20 27
3 9
0 6
17 21
10 6
12 13
9 4
10 1
13 20
13 11
7 7
6 5
13 12
6 10
4 0
2 25
0 6
14 11
12 13
11 15
9 24
4 14
14 3
18 21
25 30
8 5
24 29
21 9
22 0
17 3
19 12
26 15
22 6
14 6
4 4
11 20
19 12
9 24
5 0
10 19
20 29
13 8
5 24
9 9
15 30
7 19
23 30
17 8
14 14
9 29
21 6
12 3
12 9
1 15
9 12
1 2
18 19
7 1
19 5
4 28
12 0
14 13
9 28
24 14
17 8
16 24
4 16
1 19
3 8
25 22
15 28
12 18
1 9
12 29
1 30
15 6
5 22
10 0
13 1
14 2
18 18
15 18
23 12
4 20
13 28
24 7
2 18
26 23
0 30
2 18
11 12
13 12
16 11
24 23
0 0
0 3
4 17
7 19
22 23
14 16
22 4
7 11
1 29
14 29
26 8
13 5
2 6
6 14
7 24
9 23
23 29
23 5
7 10
17 15
22 15
12 23
22 28
4 25
7 3
16 9
11 30
6 6
11 17
18 1
1 15
9 28
9 10
23 30
11 15
6 27
21 17
21 25
18 20
0 6
6 19
19 6
1 19
2 24
9 9
22 15
5 14
9 13
3 26
17 30
14 6
0 3
11 29
11 0
6 11
15 11
0 21
23 3
1 17
14 16
26 16
1 18
24 15
18 1

35 6
23
20 2
4 2
19 1
28 5
26 0
18 2
27 2
23 3
9 5
15 4
5 1
5 0
3 4
25 2
31 3
22 3
7 3
17 3
34 2
0 3
31 5
32 5
32 2
12 3

24 18
193
5 17
13 17
8 9
16 9
19 8
3 12
14 6
22 0
0 9
19 3
11 16
7 15
19 15
14 13
0 7
10 16
21 15
1 15
4 9
16 7
22 9
15 15
6 7
20 1
7 0
11 15
7 8
13 7
23 9
22 11
22 10
1 13
11 15
20 6
5 10
21 17
10 5
16 14
5 5
0 0
15 12
12 15
5 12
18 4
21 6
21 4
22 8
23 11
8 17
4 2
23 6
2 3
9 3
5 1
22 10
19 2
18 4
6 8
18 12
4 6
17 0
5 10
1 12
23 1
8 15
16 15
23 2
14 1
6 15
20 12
20 12
7 0
20 0
10 2
18 6
8 10
1 5
11 11
3 3
0 3
8 15
0 11
4 1
9 17
8 11
5 6
5 4
8 9
14 7
12 1
8 15
23 7
15 4
3 4
23 11
13 16
15 2
19 9
16 9
3 10
17 14
21 12
3 14
8 4
12 12
16 2
1 5
23 2
14 7
18 3
18 16
2 11
7 1
18 13
22 8
14 16
1 6
19 17
6 11
23 8
1 10
23 16
13 9
10 1
9 0
6 7
20 13
16 3
13 0
7 16
10 11
10 7
21 10
6 2
13 13
22 0
6 12
5 1
10 17
3 0
11 1
15 11
17 16
15 3
20 13
22 1
19 17
18 1
3 16
11 5
10 2
10 6
21 0
16 2
5 5
15 17
20 4
7 5
16 1
4 7
5 2
8 14
6 7
12 12
14 17
17 2
7 16
7 2
21 9
11 13
13 16
23 9
16 1
20 11
13 5
9 2
9 13
18 0
23 16
13 12
23 3
7 10
2 13
2 9
23 9
22 2
9 8
19 10
1 2
9 9
21 4
22 1
13 3
14 3

23 5
36
0 0
4 2
11 0
20 1
16 4
7 2
1 1
15 2
4 3
22 3
14 4
20 0
3 4
4 4
3 3
12 2
7 1
20 3
22 4
3 1
19 3
9 3
2 4
8 4
14 0
13 3
19 2
18 2
21 2
8 2
7 1
16 0
9 4
10 0
18 2
3 4
11 3

28 39
99
20 37
2 28
16 25
24 7
17 22
23 24
7 5
19 10
18 22
19 34
26 26
8 0
11 22
2 17
17 36
10 17
27 29
17 23
19 17
8 10
25 26
13 25
5 7
3 37
0 11
14 19
0 31
6 20
13 3
26 33
24 37
14 0
25 27
7 8
26 0
17 33
3 19
20 28
11 36
22 15
10 9
0 6
22 34
16 31
27 11
22 27
18 37
27 3
13 1
0 20
10 14
17 37
19 27
26 5
13 12
7 28
15 9
22 12
0 34
5 24
19 0
15 21
16 30
18 18
0 5
5 27
5 12
21 15
0 4
27 19
27 34
27 27
3 6
21 36
19 24
6 2
19 24
16 12
22 8
4 30
26 26
27 3
9 34
9 27
9 33
8 20
11 12
16 11
9 23
11 9
0 38
8 32
24 24
0 10
15 3
4 35
1 29
10 28
21 6
13 5

20 5
30
0 2
4 4
9 0
2 0
4 2
2 2
5 1
9 1
3 2
12 0
7 1
17 3
9 3
16 0
17 1
0 4
5 2
7 0
7 3
11 4
9 1
0 2
6 3
3 4
15 1
7 4
8 4
14 2
13 1
5 0
10 1

17 25
59
6 8
5 6
10 1
15 5
11 4
13 20
6 23
12 12
10 3
14 0
4 3
8 19
4 2
14 22
1 11
9 5
15 19
16 4
15 10
5 5
15 13
8 23
3 3
6 5
9 17
11 23
9 19
2 0
6 16
15 12
12 13
0 22
5 11
1 7
2 22
7 23
12 4
0 24
3 20
8 18
16 21
0 3
16 5
13 10
11 1
9 11
5 4
11 13
0 14
8 6
12 4
8 4
9 13
7 7
2 20
15 20
11 18
2 3
6 21
9 4

29 19
203
1 0
28 14
12 3
4 14
14 7
2 4
23 9
11 11
19 3
25 6
25 10
1 10
7 10
27 17
12 9
25 8
24 15
15 12
22 13
0 2
8 3
27 14
18 8
4 3
18 2
17 13
12 12
14 14
23 3
3 1
15 4
14 2
1 0
13 11
4 8
26 18
8 12
10 9
15 14
9 7
3 2
28 17
24 17
22 11
7 15
21 14
16 5
1 6
17 14
9 17
25 9
5 10
14 9
5 1
28 1
26 2
18 18
9 4
21 9
23 1
14 10
8 15
5 16
3 5
2 4
8 1
12 12
16 0
22 6
10 10
26 12
17 8
11 17
0 17
11 14
28 5
10 0
7 2
3 18
7 12
8 0
25 14
27 12
12 10
0 5
1 17
22 10
8 14
13 7
23 7
6 7
14 7
12 2
11 9
21 6
24 3
11 9
7 15
26 0
25 8
11 10
13 5
27 6
2 8
5 4
6 2
2 13
10 15
24 5
1 18
3 11
20 1
12 12
23 11
3 13
21 14
13 18
10 13
20 1
20 3
24 13
3 3
26 3
4 11
23 3
15 1
6 15
24 1
0 10
1 3
6 14
9 4
28 14
1 9
6 8
13 10
4 11
17 15
21 16
14 9
20 3
4 11
11 6
13 16
5 10
1 6
1 0
28 5
22 0
5 2
9 3
16 17
19 11
23 11
1 7
24 7
21 0
4 10
7 17
8 0
6 5
7 14
27 7
5 0
8 18
8 9
15 12
12 6
28 11
12 6
19 1
2 6
19 2
7 7
12 9
27 12
11 9
13 10
14 6
28 7
26 8
26 14
3 2
21 8
28 16
12 0
11 14
25 17
10 17
28 16
26 3
14 0
5 15
12 18
1 3
0 17
1 12
25 3
27 16
20 5
23 4
24 14
26 5
14 4

16 27
142
1 1
9 17
6 8
9 25
13 2
11 7
10 18
11 14
2 7
11 5
11 15
15 4
11 13
4 19
13 1
8 24
8 17
9 0
0 7
10 11
1 11
5 21
15 0
13 5
7 20
15 6
11 24
1 22
6 2
0 17
4 13
8 25
8 5
0 19
8 4
15 10
4 11
1 17
9 8
0 23
10 25
11 7
11 15
7 16
9 0
13 10
2 19
4 2
13 21
15 13
15 16
11 23
12 21
8 3
3 7
12 21
15 16
2 15
7 3
8 2
4 5
1 5
15 25
5 4
2 22
12 11
4 16
3 8
9 21
15 9
10 17
1 18
9 11
12 5
15 23
3 9
9 15
10 8
12 4
13 17
2 0
14 15
2 10
8 25
3 2
15 21
7 18
7 20
7 24
12 17
3 23
12 18
0 2
15 19
1 11
4 12
8 22
3 10
0 6
3 9
5 18
10 9
8 15
3 2
7 20
13 8
12 3
6 22
4 19
4 6
6 23
7 19
14 26
12 12
2 1
14 14
1 6
9 10
1 24
15 1
2 23
1 12
3 11
14 19
14 11
9 11
8 5
8 26
8 13
4 14
7 22
8 14
13 5
2 7
10 21
6 2
0 26
4 3
1 4
15 21
13 20
3 6
6 1

34 23
24
3 0
14 0
19 2
24 9
7 7
27 1
7 8
27 10
22 16
11 4
11 0
3 2
15 11
25 1
14 6
33 14
2 20
1 5
6 16
31 12
27 13
13 21
5 12
11 20
13 2

40 9
3
34 5
11 4
28 6
5 1

28 32
52
0 20
25 8
3 4
2 28
15 21
27 22
13 26
21 10
24 16
0 12
6 10
13 1
27 5
9 0
24 13
24 22
9 13
1 8
9 21
16 22
8 4
22 10
26 25
6 24
14 1
1 29
22 26
19 27
21 29
10 1
24 16
9 27
14 14
24 17
14 24
21 12
10 21
27 29
26 14
13 3
26 22
6 7
26 7
19 10
27 2
3 29
20 3
13 29
15 18
0 9
27 19
26 29
5 2

17 7
58
0 4
7 6
1 2
4 0
13 5
3 2
10 1
7 4
14 5
1 1
14 5
0 5
10 2
2 3
11 5
11 1
16 3
6 2
2 1
13 0
10 1
14 2
5 4
3 5
9 1
10 1
3 5
0 3
7 2
1 3
12 0
7 1
3 0
8 6
0 5
12 1
3 4
7 5
11 0
14 0
11 3
6 3
7 3
9 2
13 4
7 1
12 6
0 1
11 6
13 6
5 6
12 6
6 2
1 0
11 1
7 2
11 3
1 4
16 1

5 30
68
0 14
0 9
0 8
3 29
1 15
1 8
4 24
3 21
2 14
1 13
0 15
4 29
0 24
0 11
0 20
0 5
0 8
3 1
4 7
2 19
3 3
1 28
1 29
3 13
3 15
0 12
1 4
4 20
2 28
1 17
3 29
0 0
0 21
1 15
0 24
3 26
0 5
4 2
3 19
2 9
3 24
0 23
1 3
3 4
1 7
2 16
4 25
3 4
0 6
4 29
0 0
1 22
4 11
2 0
4 27
0 4
0 20
1 10
1 17
1 26
4 8
1 25
4 0
4 15
0 16
0 0
1 8
0 2
5 3

13 14
35
9 1
2 6
5 4
10 1
7 12
0 13
1 10
10 1
0 2
0 5
7 8
9 5
9 9
12 6
0 3
12 5
12 8
12 4
11 6
2 12
5 1
9 11
5 4
11 8
5 10
9 2
1 3
10 7
10 1
3 5
3 11
4 9
2 0
1 7
1 11
17 4

26 26
300
5 4
3 13
12 3
6 6
19 15
10 5
9 19
8 20
9 24
7 22
19 20
8 11
4 20
17 1
8 15
9 10
3 22
21 12
1 13
23 24
1 3
4 23
14 8
17 12
19 10
17 11
8 11
16 23
24 18
1 14
12 23
6 13
7 17
25 3
9 1
12 25
21 12
4 6
16 12
5 23
7 20
19 9
25 22
11 17
12 8
2 23
12 10
17 0
2 17
24 4
15 23
2 15
3 9
3 9
12 24
2 6
8 15
7 14
0 15
7 0
13 19
20 18
8 20
25 8
12 14
9 14
23 19
17 22
0 8
1 1
21 23
13 6
1 9
10 23
10 7
22 18
6 13
8 1
13 9
4 13
2 1
13 2
3 11
5 14
19 7
19 1
25 11
18 2
19 4
25 0
21 12
1 4
21 14
18 25
23 10
2 22
25 0
21 22
24 25
23 24
13 18
2 23
8 22
18 0
5 24
6 17
18 12
9 9
15 11
7 7
1 0
21 8
9 14
23 2
20 12
6 17
6 25
5 19
4 15
9 7
21 7
2 16
11 16
16 0
14 5
4 14
25 4
5 0
5 19
15 13
0 13
9 17
9 3
3 1
11 5
0 0
17 14
1 4
17 21
9 8
2 22
4 10
8 17
11 25
16 6
24 12
11 24
16 21
25 11
6 25
2 11
19 0
2 11
8 25
13 21
5 22
24 8
17 21
6 5
4 20
22 23
12 17
1 25
4 23
19 6
1 11
14 20
12 5
11 16
12 10
24 13
19 14
2 11
18 6
15 19
10 15
10 11
20 16
7 21
20 19
12 0
1 1
10 14
25 23
9 3
22 19
9 8
0 0
7 9
4 12
24 0
7 21
1 6
6 25
0 20
8 19
6 17
15 13
0 21
25 6
19 4
22 3
14 3
15 21
20 25
7 22
19 20
11 0
19 17
12 4
7 12
12 7
9 7
0 23
15 8
14 8
20 7
24 5
24 25
9 16
25 10
22 7
24 7
15 14
16 12
11 18
23 7
18 4
11 19
25 13
23 7
2 4
0 14
16 14
23 25
6 11
23 8
24 14
16 0
18 8
22 9
6 4
23 4
20 15
18 5
19 15
0 21
7 4
19 12
17 5
20 8
25 15
14 16
24 9
18 17
24 11
14 22
11 24
18 6
5 17
3 18
1 14
1 15
8 9
16 10
15 14
7 15
12 17
13 0
15 7
20 17
14 13
6 23
17 7
3 25
1 17
22 11
0 11
18 5
23 21
9 15
1 7
18 20
5 13
25 9
1 5
7 24
19 7
18 15
21 5
2 0
16 6
25 22
12 3
25 15
6 9
0 19
2 21
15 25
16 21
13 1

35 6
25
12 3
17 2
23 2
16 4
20 1
7 5
14 3
12 5
28 3
34 3
18 5
2 1
14 0
6 1
25 3
20 0
2 3
6 1
11 0
18 4
26 4
6 4
18 5
16 0
3 5
5 5

37 24
178
6 18
15 7
32 12
17 1
16 17
3 7
14 22
27 14
32 19
3 12
27 17
1 0
11 2
20 22
1 1
22 15
7 6
30 11
15 22
16 20
31 14
13 5
28 15
11 8
32 1
29 16
19 6
6 8
10 14
31 11
0 0
0 1
4 13
36 15
20 20
27 1
19 22
17 18
9 4
0 19
28 6
11 0
18 2
15 4
33 16
23 19
17 6
11 15
18 21
14 4
29 17
19 16
13 7
31 22
6 20
33 16
33 8
26 15
28 16
33 9
2 11
4 11
7 12
34 18
4 14
13 6
16 18
16 8
30 8
4 22
11 2
7 0
33 3
15 18
8 0
18 7
33 11
8 21
34 20
33 18
20 13
34 3
25 14
24 19
18 2
17 4
26 16
17 14
8 11
17 13
17 1
30 6
15 8
31 4
11 16
19 5
26 0
32 14
22 8
29 10
16 5
23 17
10 20
5 5
33 1
4 9
1 2
30 11
1 1
25 5
33 7
9 4
26 19
17 3
25 14
9 19
0 5
8 1
2 3
29 8
25 15
36 14
17 1
7 4
16 22
13 14
3 18
15 7
35 5
35 23
31 20
1 12
10 12
8 14
19 11
36 6
5 12
30 20
3 18
9 8
25 0
26 16
17 0
2 19
35 22
9 21
7 22
32 3
10 9
18 15
5 1
13 19
26 20
3 22
8 19
21 23
2 9
4 8
24 6
32 16
1 16
22 13
21 7
25 15
6 22
29 12
10 8
20 5
8 21
5 23
27 3
15 7
3 18
35 7
8 14
20 14
4 23
6 11
10 3

13 10
34
6 9
9 8
9 7
9 8
12 0
10 0
0 0
11 3
4 3
5 3
2 8
5 6
2 2
12 5
8 6
12 0
8 3
8 7
3 5
4 5
4 6
8 3
9 8
7 2
1 3
1 2
8 3
0 5
8 3
11 8
10 6
6 2
9 9
4 7
16 1

31 16
199
23 2
1 2
17 4
9 13
27 14
20 6
26 4
20 11
28 1
9 0
8 0
25 4
27 2
4 6
15 4
9 4
1 3
14 3
11 0
2 3
4 4
23 5
4 2
21 15
26 12
16 15
11 12
6 6
10 0
4 10
26 1
6 2
13 11
24 5
9 9
13 11
19 2
25 15
18 9
5 14
20 3
0 7
28 10
7 11
23 14
29 13
2 4
3 15
17 3
7 3
22 0
4 2
18 0
23 0
1 3
16 12
5 12
12 4
5 6
9 0
25 11
0 14
22 8
22 4
12 0
5 1
12 2
22 10
15 11
17 1
28 12
6 15
15 9
28 14
4 6
11 5
2 13
19 8
23 0
15 1
18 14
13 10
26 6
6 4
20 3
21 0
29 9
12 12
7 10
18 8
18 2
22 14
18 0
1 12
29 13
21 1
4 6
15 2
21 1
5 15
21 4
14 2
13 5
3 14
24 11
8 7
27 4
10 5
17 4
10 14
14 4
15 12
2 15
6 8
9 6
25 10
29 9
19 1
10 5
20 12
10 1
25 4
13 15
18 9
17 15
13 3
23 11
1 1
29 8
21 5
29 14
14 2
19 10
3 7
22 14
16 11
3 1
19 4
21 4
10 7
29 14
24 10
5 5
8 7
3 8
21 12
27 15
28 10
30 9
17 4
8 9
25 5
21 13
9 10
12 2
7 13
25 14
26 6
6 7
22 13
12 12
22 11
8 10
11 9
12 10
27 4
21 13
5 9
16 7
29 13
24 0
25 3
15 13
26 4
0 3
13 4
22 0
13 1
22 2
30 14
13 1
8 8
1 4
19 9
24 0
2 2
11 4
15 11
26 1
10 1
23 4
10 4
16 5
4 11
30 15
4 9
19 14
19 7
12 9
12 2

17 17
26
0 4
12 8
5 14
1 15
13 4
10 6
3 15
16 2
14 1
12 5
12 4
0 11
15 10
6 7
7 1
14 3
8 2
6 15
13 2
4 14
3 5
13 15
4 9
9 14
13 14
9 9
6 5

24 23
266
13 1
6 4
5 13
22 21
10 17
3 9
9 6
15 19
8 3
0 14
2 1
15 22
8 13
9 22
11 8
12 0
8 19
11 4
13 10
17 15
2 8
6 7
15 7
23 18
15 17
20 18
4 9
4 0
22 8
21 14
9 20
17 20
12 3
5 17
15 12
20 4
7 1
17 5
6 1
0 13
9 19
5 16
11 18
14 7
22 3
10 3
8 20
4 8
21 11
9 15
14 21
17 2
8 16
21 5
11 18
6 2
10 2
6 10
3 15
6 11
7 10
16 6
22 22
20 13
17 4
1 17
8 10
22 5
14 14
19 21
5 18
5 9
21 16
19 0
16 21
2 6
17 6
8 21
22 3
2 9
20 8
20 7
11 13
6 0
10 5
4 20
11 20
22 12
20 18
10 0
19 11
0 15
10 16
3 9
12 11
8 18
9 6
1 5
20 9
0 13
12 18
17 11
20 20
12 3
21 14
10 2
16 13
0 3
2 2
12 16
9 17
18 13
22 4
3 15
22 3
4 2
9 3
21 11
10 10
13 5
2 0
15 0
11 7
20 0
10 20
20 16
16 17
17 11
7 15
18 6
2 7
23 8
16 3
1 13
12 13
12 8
22 9
18 1
17 2
12 14
1 7
23 2
1 8
21 2
19 8
5 8
23 9
5 6
2 21
15 20
23 6
22 1
14 18
15 13
9 18
19 7
1 12
6 6
17 4
23 13
10 10
5 11
0 19
11 3
11 6
10 14
20 11
12 4
23 13
4 0
20 10
9 13
6 6
14 10
14 6
10 17
20 22
14 21
15 0
9 8
14 14
21 12
4 22
11 14
17 21
21 20
1 14
1 18
3 14
8 2
9 16
13 3
6 11
20 9
19 14
12 17
17 10
1 12
11 1
5 7
22 9
0 13
23 5
19 8
14 7
22 9
16 21
9 18
21 12
4 11
14 2
18 5
22 16
5 17
15 8
23 9
12 16
14 19
11 8
1 22
14 15
22 1
9 3
10 14
10 8
21 6
4 15
6 18
18 11
10 4
10 12
12 22
2 20
21 9
7 6
10 11
9 1
3 20
0 6
12 16
4 8
5 18
11 21
15 9
15 10
9 5
20 0
11 11
17 17
6 12
1 3
0 22
20 8
5 18
18 19
9 5
4 1
14 0
9 16
8 21
2 21
10 11
8 11
21 22
23 0
10 6
12 3

36 16
178
34 7
9 2
15 4
11 6
32 4
2 9
20 12
20 14
22 4
13 1
7 10
4 11
3 7
11 7
11 2
4 7
32 7
9 13
24 6
20 14
5 15
17 9
31 4
12 3
30 12
34 15
20 12
34 5
12 6
1 0
26 15
26 3
26 13
17 8
30 3
30 9
4 8
12 6
21 7
1 12
31 12
2 9
28 13
3 2
20 8
30 11
21 10
27 5
18 14
27 15
31 0
34 13
24 2
29 8
0 9
1 11
35 9
18 8
26 3
4 13
1 6
25 14
0 11
12 0
8 10
12 3
30 12
7 0
14 5
20 11
28 10
1 11
34 9
26 11
15 13
35 6
30 14
28 6
5 10
30 10
24 15
30 13
17 4
35 9
9 9
15 12
34 13
6 9
0 9
26 1
13 8
23 3
17 0
6 12
9 11
35 13
3 12
23 6
5 5
28 11
15 2
15 15
16 10
2 14
5 14
25 12
35 14
35 13
35 15
25 14
6 4
2 6
23 2
25 14
12 4
24 8
32 0
0 11
0 14
35 4
19 14
3 15
30 13
15 12
33 14
2 6
0 5
21 10
34 1
4 1
14 0
16 2
10 14
6 9
30 13
30 12
5 3
22 8
15 13
29 13
5 12
32 6
30 11
6 0
7 3
7 1
3 4
21 9
9 13
20 1
33 0
14 12
24 7
6 8
27 1
7 5
12 6
25 7
27 12
3 7
21 12
16 11
2 12
33 13
1 9
16 5
33 13
13 8
25 4
13 14
24 0
25 5
34 0
14 6
16 1
23 11
10 0
33 5
16 2

30 25
67
18 2
0 11
2 2
1 17
27 20
7 12
16 1
7 19
27 9
24 8
5 5
4 14
23 0
24 23
23 18
22 20
27 15
9 10
15 12
2 6
9 13
6 14
29 2
2 3
6 23
28 22
12 9
14 18
8 8
15 13
0 21
12 10
25 4
25 9
23 16
25 10
21 6
17 18
5 12
24 11
17 17
18 5
16 8
6 21
20 9
13 5
18 19
3 10
21 3
16 11
5 6
13 21
8 8
11 14
25 18
11 16
3 13
0 21
16 22
3 19
12 6
14 24
3 19
13 4
10 15
29 8
17 6
5 3

19 19
111
4 6
7 3
16 5
8 0
17 10
3 6
7 1
18 14
4 1
10 14
7 2
13 7
16 15
11 12
16 13
12 17
18 8
9 15
5 6
8 0
13 11
18 18
2 15
2 18
3 1
18 5
3 1
7 5
8 17
16 0
16 11
8 17
15 6
6 7
10 4
3 0
7 8
3 16
6 0
2 10
2 12
4 3
17 5
0 3
5 10
8 13
14 15
3 9
6 12
6 18
9 5
18 11
0 5
2 2
7 7
10 9
3 15
1 4
3 11
6 8
1 13
3 1
18 15
12 8
3 12
1 11
18 12
17 10
2 11
1 17
4 7
8 12
0 8
6 2
1 8
16 0
3 10
16 17
12 15
9 1
13 16
17 6
3 9
9 8
5 9
13 7
6 2
4 6
6 13
11 12
17 5
16 11
1 15
3 15
15 12
0 11
2 7
4 1
7 4
1 16
1 10
6 14
13 18
11 7
7 10
13 11
14 14
13 6
18 7
5 12
8 6
13 1

