30

29 39
115
12 0
24 30
0 14
17 22
28 17
5 17
17 38
8 31
3 38
16 12
27 18
12 31
18 22
11 9
11 16
11 8
6 11
0 19
8 35
15 36
21 1
13 33
1 13
26 35
9 29
25 6
11 9
26 6
24 21
13 6
5 13
28 17
16 32
25 33
24 23
19 22
17 7
16 24
24 1
12 6
26 29
6 11
19 28
2 5
28 11
10 1
10 6
3 8
21 10
21 9
0 3
10 18
13 31
8 37
7 21
24 5
5 25
22 26
11 5
13 22
13 6
9 15
8 16
28 23
1 6
26 10
1 35
27 36
10 34
3 10
25 32
14 16
18 3
16 13
19 37
18 12
15 3
24 1
8 11
4 14
13 11
4 17
7 22
27 23
25 9
17 9
10 4
24 7
20 16
10 14
14 38
15 6
19 6
5 24
13 19
6 6
7 14
7 34
16 12
15 13
14 28
28 37
1 6
16 6
12 7
6 8
20 16
8 29
24 25
22 28
22 18
11 10
22 36
6 1
3 23
7 3

30 26
147
5 23
26 18
28 14
14 23
11 24
27 3
15 12
7 8
8 0
19 12
25 9
12 24
14 5
8 2
25 25
27 1
12 19
22 13
13 10
14 8
9 23
11 5
26 3
0 12
2 10
7 20
27 2
2 4
3 2
18 6
20 14
17 6
12 13
21 10
0 12
10 12
27 1
14 3
12 16
1 25
5 6
28 22
12 18
12 24
19 23
8 0
29 14
21 8
14 22
9 21
20 5
25 15
26 19
6 23
29 10
21 17
9 22
21 18
11 2
9 7
16 17
12 6
1 1
24 23
10 18
18 8
3 17
29 9
2 1
13 20
19 25
28 23
21 19
14 17
14 19
9 2
24 2
4 20
21 5
7 16
7 11
4 1
12 17
20 10
9 18
20 5
9 23
4 19
26 2
8 19
4 11
27 11
25 18
18 11
23 25
13 20
12 19
3 3
1 2
5 15
10 15
10 8
10 16
13 2
9 19
0 22
19 20
1 1
16 12
15 23
22 3
6 16
8 2
5 18
27 18
9 10
0 6
6 12
14 4
26 6
4 13
2 8
1 16
6 17
1 21
23 11
9 21
23 24
5 1
5 18
13 12
18 2
9 7
24 10
28 7
17 16
8 24
23 8
11 25
3 12
21 25
6 21
7 3
18 21
12 13
0 21
4 2
13 2

16 29
100
15 24
12 20
13 18
13 7
10 10
7 27
4 25
4 25
3 22
4 20
7 14
6 20
4 21
14 18
15 7
0 24
5 28
7 9
13 17
0 14
7 11
2 21
4 4
0 22
10 27
2 19
4 2
2 1
5 12
0 27
14 21
3 25
1 1
14 11
6 19
9 0
10 7
6 8
8 7
2 21
15 3
6 6
12 2
2 13
14 22
8 17
1 2
6 18
8 26
5 19
13 14
15 1
10 18
2 25
1 12
10 10
2 21
11 23
4 8
2 13
13 14
14 15
15 10
9 26
1 15
7 18
3 23
6 15
10 8
13 18
4 17
9 20
15 13
9 22
2 21
5 12
11 2
9 11
3 6
11 6
1 15
14 7
5 20
0 9
13 4
7 17
4 11
14 28
11 19
3 26
12 9
9 27
3 11
9 12
7 12
8 20
5 8
13 2
5 9
14 9
11 4

38 15
234
12 12
32 1
31 6
35 7
19 3
36 13
12 1
25 9
1 5
33 4
11 5
36 7
2 3
7 12
5 13
1 4
35 8
15 14
5 8
19 7
3 2
22 5
34 10
17 7
31 3
27 6
15 0
32 8
14 4
3 12
18 13
36 6
22 0
0 6
37 1
1 13
4 13
6 3
2 4
35 11
35 6
18 4
20 1
37 10
13 13
22 0
12 8
6 2
33 0
36 9
34 8
3 1
14 9
34 1
37 6
26 14
21 1
14 7
28 7
31 4
0 9
25 6
20 14
10 10
5 5
22 6
30 9
10 13
0 0
9 9
34 6
12 10
36 5
9 6
17 13
9 7
23 0
7 10
30 5
32 10
24 4
19 3
36 13
20 7
11 13
14 1
13 1
22 0
10 5
37 2
2 10
2 14
27 9
4 2
26 10
2 7
36 6
8 14
27 5
6 3
15 5
35 10
5 3
19 2
23 11
22 9
27 5
22 7
6 11
32 1
31 4
3 2
2 9
23 4
34 13
2 1
12 1
29 7
29 0
10 0
37 7
4 1
15 11
31 4
30 13
23 10
24 14
8 7
30 14
10 10
19 11
8 1
21 10
32 11
16 7
35 1
19 12
36 3
16 12
36 9
10 13
0 7
2 8
9 6
25 13
20 9
11 12
20 11
37 1
14 5
27 5
24 11
35 1
34 3
13 6
17 8
18 6
1 13
6 11
5 13
34 12
18 3
37 3
34 2
11 7
25 0
6 14
32 5
36 0
29 9
12 5
18 7
18 6
5 12
37 8
20 9
24 2
17 10
9 6
16 10
17 7
20 12
4 14
36 6
19 3
27 9
6 6
18 2
33 5
36 2
28 5
35 7
18 10
32 8
25 2
33 4
5 14
19 1
4 0
12 8
30 2
6 7
7 3
9 11
26 2
33 0
36 3
14 12
3 13
33 8
11 3
35 8
19 4
27 4
5 5
6 9
16 12
25 10
18 0
14 9
34 4
30 10
21 0
36 9
13 11
37 11
12 10
19 2
11 10
0 0
5 11
27 13
28 14
23 9
16 1

36 7
107
30 2
25 0
26 2
27 5
26 1
25 0
23 5
16 1
31 1
15 5
13 1
1 0
32 1
31 3
11 3
13 6
23 3
26 5
16 1
32 0
18 0
0 5
8 1
11 5
18 4
21 1
10 0
28 0
29 0
11 5
8 3
5 0
10 6
6 2
18 4
17 3
35 5
18 0
33 1
21 2
19 4
20 1
0 6
16 6
22 5
1 0
14 3
10 6
21 4
7 2
27 1
32 3
7 2
29 6
12 4
22 4
33 3
12 0
2 4
30 0
9 5
30 0
32 5
9 3
26 2
16 1
32 1
31 2
32 1
6 5
28 3
4 0
3 6
8 3
13 1
35 0
22 4
29 5
4 3
18 1
30 4
8 5
30 1
32 1
1 1
19 1
26 2
29 2
19 4
17 0
22 1
25 5
35 1
10 2
11 3
10 3
22 5
30 3
29 4
5 1
32 6
15 5
23 3
4 5
6 4
2 0
26 2
20 1

29 40
25
20 1
10 30
21 9
7 15
23 34
9 16
1 5
19 1
22 4
27 2
23 11
27 31
11 14
0 6
0 11
23 28
0 13
22 27
22 7
10 38
7 14
16 33
22 2
22 23
12 30
18 5

18 37
77
6 15
6 34
12 13
0 9
16 31
0 19
1 24
6 12
6 14
0 24
3 7
9 33
8 9
9 19
4 36
3 35
15 28
12 31
0 22
8 22
8 6
15 3
14 28
17 11
0 20
0 29
5 5
0 24
12 21
1 17
10 35
9 25
1 23
6 13
14 34
7 22
14 4
8 14
16 23
14 31
7 18
11 7
8 17
4 25
10 27
5 4
14 34
13 6
8 13
4 2
7 35
11 2
6 3
5 35
12 36
4 34
13 9
17 2
13 1
3 12
3 9
13 3
15 10
15 21
9 5
1 18
1 7
14 4
12 5
11 1
2 36
14 8
16 14
3 11
17 15
17 25
12 14
17 4

11 40
48
10 8
1 5
1 1
10 37
5 36
3 12
4 12
5 32
4 24
2 13
6 0
9 19
10 31
5 15
6 29
9 8
7 13
2 19
4 33
10 28
1 27
6 29
3 35
6 19
4 17
4 25
9 37
0 12
7 10
3 35
8 23
0 34
6 18
3 37
6 10
2 3
0 29
2 3
8 25
1 14
7 6
2 2
9 21
10 1
8 6
2 13
10 35
6 27
11 2

29 16
52
14 0
15 13
22 12
1 7
2 13
23 12
2 3
22 14
4 15
23 6
28 15
19 2
10 13
26 11
5 3
0 13
6 15
9 14
27 8
5 2
4 1
11 1
1 6
25 4
16 14
14 10
21 14
0 5
2 6
8 8
4 0
7 1
1 3
25 5
2 0
21 9
5 11
28 5
3 7
19 5
4 5
4 5
2 2
10 0
21 4
7 9
6 10
28 6
2 12
15 8
3 13
18 2
17 1

32 34
131
15 13
3 32
11 5
31 24
0 4
20 14
30 23
18 9
8 11
1 31
23 15
10 19
12 4
1 23
12 11
8 21
9 5
10 19
8 10
22 31
7 17
11 3
24 14
15 23
17 29
12 29
29 12
8 4
13 4
8 30
23 31
26 29
29 22
10 20
28 19
19 16
21 7
24 3
7 8
15 21
24 18
10 3
23 18
2 12
31 17
20 2
17 29
25 29
17 22
3 9
14 1
16 30
25 29
11 23
18 29
3 16
17 8
26 4
5 2
27 26
19 24
12 2
18 1
0 9
1 23
30 15
12 16
20 7
23 18
6 17
10 32
23 20
27 19
17 14
17 17
21 16
15 24
8 24
13 31
13 32
1 26
3 15
9 30
0 7
8 23
8 7
26 32
26 18
7 19
10 31
16 14
20 20
6 0
7 5
24 14
8 13
19 26
5 11
8 11
24 14
7 7
8 32
15 29
22 19
22 9
0 5
23 33
9 26
17 1
29 6
29 19
20 14
5 15
30 12
0 15
19 0
12 9
26 15
31 22
10 15
16 6
8 23
6 30
27 8
0 13
7 27
15 0
10 26
18 18
18 6
14 25
5 4

35 37
305
16 8
17 14
3 36
16 22
22 4
17 2
8 28
8 33
20 10
10 28
13 28
31 0
25 3
13 12
12 5
27 2
6 23
26 22
17 19
19 5
19 7
24 2
8 31
26 32
4 5
28 17
32 0
15 31
21 29
11 14
22 26
13 10
9 1
1 17
24 21
20 19
1 25
32 7
27 4
6 28
34 22
3 14
16 20
33 8
1 19
29 6
16 17
13 9
1 20
14 28
16 28
0 30
16 36
1 30
12 26
30 10
22 28
9 0
8 13
9 12
31 11
3 21
6 31
2 12
27 5
9 6
12 33
2 16
17 35
3 21
0 16
17 17
21 30
14 32
5 11
28 32
21 18
13 4
10 5
0 20
32 14
19 32
27 30
31 29
8 22
10 33
12 32
15 25
26 4
29 26
7 31
32 14
13 13
23 6
10 17
8 6
8 21
11 13
5 11
14 30
6 31
13 35
8 34
9 18
10 25
0 36
15 25
29 26
4 5
34 8
9 17
31 27
0 3
9 15
8 17
30 1
13 20
30 32
25 17
13 24
1 3
30 31
15 9
22 31
31 9
17 35
22 23
4 20
19 33
14 14
17 21
7 36
21 20
21 12
9 20
1 13
10 6
25 16
8 1
27 33
5 26
7 3
25 26
5 20
14 30
31 4
17 26
9 12
25 10
25 11
19 14
29 31
12 32
5 0
21 30
18 0
5 34
4 33
10 14
14 27
33 33
21 32
24 19
10 24
30 17
23 34
32 33
17 25
4 26
11 30
28 6
0 20
3 13
17 17
31 8
15 27
2 0
16 3
0 9
15 33
8 8
32 30
15 27
28 2
30 20
8 11
32 8
9 3
13 23
14 12
28 20
34 35
7 33
7 13
5 17
31 11
11 20
4 7
25 4
22 34
26 14
20 21
8 27
27 13
33 30
25 3
29 31
19 14
3 33
9 27
0 26
14 8
25 7
34 14
11 36
8 20
25 26
14 24
5 11
20 35
25 10
32 17
27 15
31 34
34 15
32 27
14 28
30 32
1 29
19 22
31 9
3 12
2 32
31 10
6 11
16 34
1 27
9 16
16 21
14 15
0 13
22 3
32 11
24 19
3 13
13 31
1 8
27 20
33 6
29 36
10 31
19 33
14 34
29 11
29 27
18 3
13 5
31 24
18 13
10 21
24 32
3 27
14 32
1 19
21 10
13 12
19 24
28 10
19 0
7 13
21 23
29 15
32 12
27 24
7 11
1 8
16 27
25 8
14 29
2 17
29 30
20 6
22 36
18 24
8 17
32 12
26 18
22 15
26 28
0 8
24 25
3 29
23 21
8 16
10 9
22 13
22 31
9 24
15 19
34 8
26 27
30 23
26 23
14 20
16 22
13 3

37 14
9
22 12
9 7
20 11
2 8
17 10
11 9
30 2
14 12
2 2
7 2

35 32
335
10 26
15 4
1 10
22 22
23 4
28 16
29 2
27 13
25 4
5 28
12 12
12 9
16 8
29 18
34 23
17 25
12 22
14 9
20 21
18 24
12 13
27 0
8 25
14 26
3 28
18 1
27 26
17 27
12 10
29 13
8 22
12 20
14 1
12 31
17 18
6 13
15 23
3 24
1 7
12 19
23 9
13 22
17 14
28 25
2 31
2 22
30 22
32 28
33 31
28 21
7 14
9 6
30 31
25 4
8 31
27 8
29 7
29 21
11 27
20 30
25 29
29 31
4 9
22 22
16 1
5 25
1 4
15 11
23 28
12 18
29 12
9 7
2 2
10 26
7 19
34 23
24 1
22 18
14 6
16 4
32 12
5 19
29 3
31 14
31 12
21 18
27 30
3 9
16 8
17 9
22 22
24 28
29 9
11 5
24 27
15 1
17 15
26 31
16 25
34 18
11 31
10 10
19 31
26 22
34 23
12 15
4 6
28 3
26 0
26 31
27 24
25 31
21 10
26 0
19 27
12 24
8 23
30 19
5 14
30 13
34 11
9 13
18 10
11 6
32 19
20 3
21 30
29 7
23 26
9 18
13 7
25 28
24 6
34 25
1 1
23 12
30 3
8 11
24 23
30 15
32 28
10 23
28 16
2 13
34 10
14 4
12 0
10 27
6 3
26 22
29 1
32 17
25 9
21 23
2 0
28 7
13 15
28 18
21 27
21 12
11 31
34 30
6 3
33 7
13 17
28 28
6 24
28 15
19 20
33 4
1 5
25 7
34 24
29 16
20 16
10 18
4 15
15 10
28 15
5 6
20 31
15 14
6 24
21 21
24 31
6 18
10 9
7 20
18 3
31 24
25 15
30 5
8 29
31 0
10 25
31 21
22 11
8 21
22 15
8 4
29 27
23 13
16 22
9 25
16 27
13 29
2 15
1 26
7 2
4 30
26 19
0 29
12 31
2 20
21 1
5 0
0 16
15 3
27 8
29 20
16 11
29 24
18 10
26 20
5 5
23 12
24 22
20 11
27 20
31 14
6 1
9 20
33 21
31 27
32 12
25 5
28 25
0 10
23 4
18 10
23 30
5 26
7 17
14 19
5 4
16 24
2 16
24 1
27 26
8 10
30 5
18 29
14 24
17 7
27 31
14 8
14 30
25 15
22 7
25 13
8 19
12 11
33 14
11 5
29 4
21 8
23 3
11 21
34 4
24 4
3 27
30 6
16 28
10 27
33 1
21 25
2 11
32 15
28 23
13 11
10 21
21 6
23 19
23 28
10 29
14 14
3 15
5 19
8 4
17 14
25 7
17 28
34 19
3 27
16 25
4 11
27 0
10 0
30 24
11 28
29 16
30 26
21 24
14 19
8 31
34 6
33 25
5 11
15 1
15 11
18 12
15 8
14 31
6 7
15 30
25 25
32 11
18 20
28 26
16 0
25 23
11 24
31 29
16 2
30 30
33 17
11 0
20 24
20 22
20 29
2 20
0 10
22 31
20 21
17 18
8 5

5 8
4
4 7
0 7
0 1
3 2
14 5

12 11
53
6 3
1 3
7 3
3 4
4 8
9 8
7 3
4 2
8 10
8 4
6 9
11 10
6 9
0 8
10 0
1 4
2 0
6 3
6 0
0 9
6 4
10 5
10 9
4 10
8 3
1 7
8 6
3 2
3 5
3 4
10 0
0 8
8 8
2 9
0 9
5 3
3 8
1 9
7 6
3 9
9 9
7 4
3 3
5 4
4 8
8 3
6 2
10 9
10 8
9 2
10 7
9 5
0 2
17 5

21 36
214
16 33
6 5
13 6
14 33
16 23
11 29
6 0
13 31
17 19
8 29
4 24
15 18
16 6
16 14
20 34
18 17
5 35
17 35
16 6
7 10
4 17
14 35
17 5
15 30
4 27
12 26
12 34
2 3
1 4
20 2
19 23
7 30
17 13
1 33
11 35
7 14
8 28
8 34
0 20
5 9
5 1
15 12
16 25
1 2
8 31
12 2
19 5
5 11
6 34
1 6
2 11
12 17
6 20
10 26
11 31
1 23
14 2
7 8
17 6
8 33
16 33
12 28
6 30
4 21
3 19
17 12
7 14
18 10
6 19
18 8
10 16
0 20
1 27
5 19
18 8
9 25
4 10
9 23
11 13
3 18
15 31
15 9
4 19
17 19
7 26
9 28
20 18
7 11
15 28
2 18
11 8
10 27
7 35
17 31
8 34
0 29
9 3
13 19
17 34
4 21
6 28
2 27
0 4
20 22
17 6
6 5
15 19
4 17
19 8
14 22
9 17
8 31
4 5
17 20
4 8
2 18
17 33
7 5
1 9
12 23
10 29
4 18
18 34
11 13
19 11
16 31
3 34
12 25
11 30
5 13
17 28
18 26
7 23
16 14
4 28
13 24
11 28
5 10
13 31
18 35
2 12
15 17
12 24
8 26
12 2
6 27
8 4
2 6
20 15
18 28
15 21
5 2
1 20
9 26
12 30
16 20
7 9
6 30
10 23
20 22
15 1
1 19
3 4
17 5
12 3
20 26
14 4
13 33
6 8
18 7
5 31
12 30
12 17
11 4
0 32
13 19
1 18
2 3
19 20
3 34
4 0
17 10
6 31
13 30
5 19
16 15
12 15
2 20
17 11
14 8
17 10
6 28
16 21
17 16
5 11
19 14
4 35
8 14
12 33
2 19
17 18
1 12
15 8
16 15
6 32
10 34
0 11
13 10
18 20
13 19
8 34
11 5
20 27
20 10
18 4

6 40
81
5 38
4 2
3 27
5 32
1 35
1 36
3 3
0 5
3 31
2 39
2 25
3 18
5 16
3 10
2 11
3 24
5 36
0 29
2 34
1 36
5 18
0 24
1 6
5 18
5 1
1 33
2 16
5 35
1 1
2 21
4 27
2 23
0 20
1 16
2 1
2 6
2 10
3 22
4 21
1 9
4 23
4 12
4 34
4 20
1 5
4 15
1 39
3 28
5 8
4 7
0 39
2 11
0 2
3 25
1 13
5 4
1 7
1 1
1 4
4 38
2 30
5 18
4 21
0 35
1 38
2 32
2 10
4 26
3 28
1 39
3 29
1 18
5 14
1 36
5 3
2 37
5 25
4 25
1 38
4 8
1 10
13 1

19 28
227
4 27
12 4
5 22
12 27
12 6
14 13
8 16
13 14
18 11
8 21
6 16
13 9
13 0
14 5
3 23
18 9
16 25
17 16
17 4
7 14
3 2
3 27
6 6
5 24
2 1
10 26
8 11
7 7
9 6
13 1
0 7
12 26
17 11
15 25
8 17
4 10
14 22
18 20
2 6
13 27
2 27
2 12
18 23
2 24
11 0
15 25
16 8
14 2
17 11
16 14
12 26
1 1
2 9
15 13
4 27
13 18
12 2
10 23
6 12
18 10
7 1
17 23
16 25
0 18
17 17
14 25
18 8
13 3
7 19
12 10
0 10
1 22
3 24
7 26
0 20
6 25
15 17
15 10
3 12
6 15
0 22
18 10
8 2
14 27
6 23
6 2
8 10
6 22
15 12
0 23
8 23
18 16
1 6
7 26
2 19
10 12
16 2
18 15
13 27
4 24
5 9
7 10
13 10
8 18
3 5
15 4
12 19
8 20
2 15
5 19
12 2
9 1
9 23
7 8
2 12
8 17
12 24
8 15
6 12
12 3
3 18
8 5
0 25
5 13
6 0
17 16
0 17
8 13
9 11
10 1
7 1
11 8
13 23
2 19
11 24
3 9
6 12
14 25
7 17
8 21
6 8
1 8
13 8
3 5
15 5
8 5
9 4
15 11
18 21
1 20
15 4
8 1
9 9
15 1
13 15
13 3
12 22
12 22
17 25
8 13
4 25
10 7
9 1
7 2
11 20
1 21
2 21
9 2
7 6
18 21
6 8
14 1
3 2
1 21
9 19
9 12
0 15
16 1
6 8
12 8
2 3
2 7
5 25
16 10
9 26
15 22
1 17
5 8
3 3
17 6
5 13
0 14
1 2
6 13
9 0
3 8
6 10
17 18
18 11
2 19
6 6
16 17
12 3
10 3
13 19
13 22
2 5
15 16
15 23
9 2
15 6
4 21
11 13
12 13
15 23
18 24
2 8
2 16
3 20
12 13
5 2
5 21
5 21
13 26
15 7
9 25
4 2
7 1

5 9
1
3 4
17 4

33 18
157
14 14
21 0
10 10
20 6
1 7
31 16
26 16
3 1
17 9
0 14
26 13
2 6
28 8
22 6
5 4
6 5
22 16
32 13
20 3
17 5
18 15
17 2
2 15
11 13
18 11
20 15
14 4
11 6
19 10
29 11
16 8
10 17
0 4
32 15
14 11
20 9
31 12
13 16
11 9
17 5
9 0
16 13
2 14
13 1
14 2
1 9
3 11
25 4
12 2
22 15
18 8
10 0
32 10
0 7
28 15
19 14
18 7
9 1
7 2
7 13
26 0
0 1
25 13
6 15
27 5
32 15
4 3
5 15
12 1
7 17
8 0
24 14
12 0
19 13
0 17
6 7
31 9
6 17
14 11
22 17
8 1
22 1
23 16
5 8
22 12
2 17
23 16
11 13
11 13
3 14
18 3
2 0
29 0
28 13
10 8
25 3
25 4
23 0
4 15
19 15
4 5
1 10
31 9
14 4
3 14
27 7
11 14
28 4
16 17
2 10
4 3
31 0
0 14
12 0
12 15
16 2
11 8
8 0
9 1
25 16
19 8
20 17
23 15
9 1
20 12
28 0
9 7
21 8
10 10
18 14
5 14
3 9
4 7
2 12
18 0
28 12
13 13
15 17
4 12
31 12
8 0
32 12
20 14
21 14
4 15
21 15
13 5
28 0
27 9
27 7
17 13
0 9
29 0
0 3
2 8
10 12
14 12
15 5

20 18
174
17 2
11 7
9 5
5 0
4 0
19 5
12 3
17 17
12 16
12 0
3 17
7 12
18 0
0 16
1 0
14 15
15 3
6 5
7 6
6 8
8 0
14 15
12 7
10 0
9 4
9 8
3 15
18 12
10 11
4 11
7 14
6 14
12 13
10 15
18 4
2 11
10 17
10 0
1 1
16 17
17 10
10 16
9 3
1 17
19 6
19 10
14 1
10 6
5 1
15 5
10 9
14 16
15 11
12 7
1 10
18 11
9 17
2 7
4 15
14 14
4 10
10 4
6 5
4 0
10 6
3 7
13 3
17 13
7 11
17 4
14 3
5 13
19 9
19 13
18 8
1 14
17 2
2 5
14 0
4 17
13 9
12 6
9 11
0 13
8 10
5 10
13 12
6 3
17 12
11 6
16 11
4 2
2 17
14 15
7 3
19 8
17 9
18 6
18 8
7 12
3 17
10 6
12 13
2 2
6 7
14 7
6 9
8 12
8 5
1 5
11 12
4 1
17 11
19 14
8 14
4 9
1 5
19 2
11 9
12 11
8 5
7 13
14 2
8 10
9 16
19 5
10 4
1 17
5 1
15 13
0 1
3 7
0 3
4 9
15 7
6 15
10 9
2 6
8 0
19 2
3 17
18 11
4 14
15 14
12 4
3 11
3 15
7 9
16 16
1 4
10 12
17 8
11 4
9 17
7 1
19 8
18 16
3 2
5 13
4 17
11 8
9 17
1 3
5 17
6 15
6 6
18 10
19 10
12 3
0 5
13 10
11 0
6 10
5 1
17 1

18 13
92
13 4
7 8
12 12
10 2
15 6
15 2
12 5
9 4
9 1
2 1
8 9
17 1
1 10
8 9
17 6
10 1
17 9
16 8
5 10
0 4
6 9
12 3
5 9
7 3
7 2
6 9
14 8
16 7
17 9
17 1
7 8
2 8
15 9
0 1
1 8
12 4
15 12
13 4
5 3
0 12
1 8
0 7
1 11
7 7
7 0
3 2
16 9
4 10
4 2
10 4
1 8
15 5
0 5
5 1
9 9
9 8
9 5
16 1
13 5
14 1
12 0
12 8
1 6
3 12
4 2
1 0
2 2
17 8
10 9
5 10
0 12
9 10
9 1
16 10
3 10
4 5
12 5
2 12
10 6
7 11
7 12
9 6
4 3
11 8
8 11
16 1
1 0
8 8
6 7
17 10
3 3
8 5
19 4

23 28
307
7 12
13 17
20 23
3 4
7 26
8 17
13 4
9 24
17 5
19 14
9 9
17 11
6 21
7 6
17 20
16 16
13 8
18 7
1 0
4 26
9 11
18 25
22 27
14 26
1 26
5 5
7 15
20 12
8 27
22 23
14 2
12 5
9 1
13 4
11 9
21 9
8 14
6 2
22 18
7 25
9 9
22 11
21 24
7 5
16 27
7 24
4 16
1 8
9 23
2 20
0 22
16 8
4 19
20 19
22 4
15 19
5 11
12 25
4 18
9 24
10 12
10 18
18 24
19 10
6 6
0 8
18 18
16 18
9 27
7 15
22 16
22 0
19 9
3 27
6 17
2 6
12 16
20 26
18 6
21 23
17 18
8 24
11 21
19 10
10 9
12 9
17 15
20 18
12 9
14 27
8 4
12 12
10 25
3 15
19 18
4 7
19 12
20 18
21 24
13 18
2 14
5 5
18 27
12 12
19 3
19 13
5 16
4 14
9 8
4 6
2 23
11 2
7 8
11 2
5 19
15 6
1 10
11 21
15 20
2 0
13 11
4 2
1 16
18 5
15 25
20 26
15 21
15 23
15 20
8 12
14 15
10 9
21 10
17 18
14 22
19 27
4 7
0 1
13 7
9 1
18 18
11 15
2 8
16 4
10 12
0 9
10 9
12 22
17 3
0 7
8 18
2 0
6 18
10 21
11 16
17 12
20 17
16 4
14 25
3 3
1 20
20 26
7 7
20 16
22 24
6 2
13 15
1 15
2 8
14 25
4 27
12 12
20 3
22 16
22 2
11 1
20 4
19 6
5 25
2 3
18 0
5 25
10 9
15 16
4 18
5 16
5 22
9 10
5 14
15 10
21 9
4 27
4 5
20 2
8 7
7 12
6 15
11 0
16 16
20 14
18 3
16 1
17 14
6 4
0 3
14 5
19 6
5 6
22 10
17 13
13 14
22 7
9 0
21 27
11 18
17 1
12 0
20 6
17 3
4 20
10 26
3 17
18 27
9 22
16 9
1 19
22 18
5 14
22 5
6 6
7 11
2 7
19 10
0 0
20 9
4 23
11 14
7 0
8 1
2 9
17 22
3 6
10 22
12 22
16 8
1 2
16 8
4 4
3 23
11 14
14 18
1 0
16 2
17 8
12 15
15 7
2 19
21 4
0 9
18 8
15 12
17 1
5 21
20 6
22 26
14 1
3 0
9 19
3 6
19 15
16 1
19 18
20 13
15 3
17 8
8 13
8 23
2 5
7 23
14 14
19 27
1 23
0 16
22 15
15 20
15 26
10 14
13 27
5 10
22 22
9 6
2 7
22 18
6 15
22 9
21 11
15 11
21 15
2 20
17 17
3 4
7 23
3 24
7 19
16 17
3 20
6 0
5 3

26 13
160
18 4
2 1
14 7
4 12
3 3
11 7
21 2
22 4
16 6
21 3
20 4
13 4
3 0
21 9
11 4
1 2
24 3
23 9
4 5
8 1
0 6
8 7
0 6
17 11
19 3
8 1
17 2
5 2
0 3
18 6
17 6
20 5
19 10
0 1
0 6
5 7
10 8
16 8
4 6
9 3
9 2
0 12
13 10
14 1
1 9
13 9
22 12
8 4
0 1
13 6
15 0
21 6
14 4
25 4
7 12
8 8
3 2
22 1
15 5
16 11
11 10
9 1
0 2
16 0
25 4
16 1
0 6
20 4
10 8
0 11
13 5
6 1
15 5
3 3
12 3
7 10
12 9
0 8
7 5
7 1
10 10
13 0
12 8
13 4
3 11
25 9
10 2
21 0
6 5
0 7
3 7
8 8
19 12
17 1
11 11
9 7
10 6
0 5
12 0
11 11
9 2
8 11
21 4
8 9
15 2
20 3
0 3
21 11
24 9
16 2
17 0
2 2
23 6
24 11
8 8
13 11
17 5
14 4
13 4
22 8
21 5
6 7
0 9
7 5
3 11
19 2
22 11
0 3
25 3
10 12
24 0
2 6
5 11
0 12
25 11
8 3
15 10
10 6
25 0
0 6
18 0
20 9
10 1
9 4
19 11
6 8
3 12
24 10
22 2
3 12
2 5
17 6
21 6
17 4
6 6
16 0
3 3
4 7
3 8
4 0
18 2

16 12
66
5 5
11 0
11 10
11 11
14 1
4 2
7 4
4 4
3 2
10 4
13 0
0 5
12 1
0 1
13 5
9 9
13 10
1 10
1 7
15 1
2 11
3 4
3 10
8 5
6 4
14 0
9 6
1 0
1 3
6 10
9 5
0 11
6 2
7 10
3 5
0 11
3 3
13 11
0 9
8 11
3 5
6 2
10 1
11 2
14 8
8 8
3 4
0 9
2 0
6 3
0 4
15 10
0 4
8 11
7 10
12 5
5 7
6 4
8 5
7 8
1 2
2 0
1 6
9 7
2 7
3 0
7 4

38 14
149
1 9
36 8
26 8
13 13
20 1
19 11
3 4
25 4
35 13
30 3
21 0
19 11
35 4
35 13
25 5
7 4
6 12
16 0
8 6
18 8
0 11
6 4
36 1
11 9
19 10
6 11
32 2
9 11
31 12
36 9
13 0
26 1
32 8
14 3
24 3
27 1
2 9
33 13
35 11
34 5
21 3
18 1
27 6
30 1
31 11
4 5
29 13
19 11
21 2
1 3
35 2
35 7
32 6
8 5
16 0
30 2
25 2
0 6
29 6
6 3
18 1
33 8
32 1
11 6
13 1
22 6
33 3
32 2
27 13
37 2
2 3
27 6
24 4
36 13
35 3
6 10
4 13
30 2
5 1
12 12
16 3
14 8
2 10
0 10
18 13
6 11
16 8
12 7
6 12
9 9
6 9
3 1
21 10
3 6
8 3
7 3
33 12
18 2
33 10
31 4
19 3
33 8
34 10
22 8
7 8
28 8
10 12
6 0
21 12
22 6
37 10
21 4
5 0
9 4
11 0
35 8
6 0
34 13
29 9
21 12
29 3
7 4
14 1
6 1
28 3
6 11
6 6
15 4
22 12
18 12
3 0
12 9
35 12
4 7
16 5
5 10
28 13
15 2
8 11
10 0
5 5
26 11
4 8
31 2
35 8
4 3
34 8
14 10
4 6
8 2

30 10
61
29 4
0 5
10 6
0 3
10 1
8 5
28 9
27 1
2 2
18 3
23 6
11 9
15 5
29 9
23 2
6 0
6 8
27 4
16 1
16 1
28 2
1 7
3 7
22 4
3 2
5 1
7 2
25 4
13 8
21 9
1 9
2 1
7 8
11 6
6 0
3 1
26 7
12 7
4 0
12 7
28 6
9 4
17 7
8 5
20 9
19 1
29 7
1 8
14 8
23 6
28 2
25 1
7 0
4 1
14 6
13 3
25 6
26 7
1 7
0 0
29 6
17 4

21 25
243
9 24
13 23
3 12
14 18
3 5
5 8
0 16
7 13
17 1
3 18
20 21
6 24
17 18
7 10
20 0
11 15
9 10
15 20
13 6
18 8
13 15
6 10
19 0
2 9
8 6
4 18
6 11
13 3
4 7
16 3
1 2
8 6
6 21
13 3
19 11
15 24
4 11
2 3
19 18
18 13
13 20
13 9
16 23
0 18
4 20
1 3
9 16
3 11
11 16
5 17
15 2
19 12
13 20
17 18
15 14
13 22
8 17
13 14
2 17
9 23
18 20
1 23
18 3
20 19
19 19
4 1
11 0
18 11
4 19
16 16
1 1
4 15
20 10
19 22
4 3
19 7
6 8
2 17
19 18
13 9
7 19
15 13
4 11
3 19
8 10
3 13
4 2
3 21
13 16
19 16
13 21
5 0
13 20
6 14
2 23
11 6
5 7
8 23
0 14
11 4
1 18
13 17
9 19
19 10
8 19
8 19
20 14
20 20
16 17
13 21
18 0
1 15
1 12
2 21
4 20
15 3
8 17
8 9
1 9
15 6
2 9
15 6
14 17
10 23
18 21
6 13
17 2
7 20
11 14
19 22
15 19
0 8
11 6
18 21
2 22
5 15
0 0
10 23
0 8
7 17
18 24
17 22
11 17
3 1
1 13
8 21
1 22
13 10
13 13
16 15
19 6
17 19
19 24
3 2
5 12
13 5
17 19
11 6
11 7
13 20
9 22
15 16
9 12
13 22
2 18
17 5
19 12
13 16
13 22
18 5
20 16
3 4
16 14
19 8
2 4
2 13
0 17
18 11
4 14
11 13
20 0
13 2
8 4
11 24
7 3
6 21
14 14
13 15
1 3
20 13
8 24
11 23
7 20
3 19
19 20
6 14
8 7
10 16
16 6
2 19
16 1
3 22
17 5
19 23
20 7
2 15
12 22
3 16
14 22
15 2
20 9
18 22
9 7
18 16
10 15
10 3
17 15
15 22
11 7
6 1
3 10
13 1
18 1
11 17
16 11
10 12
1 0
2 10
20 5
5 24
8 22
7 2
4 14
9 7
0 18
20 5
12 2
16 21
20 24
5 19
5 13
13 23
15 20
6 2

13 9
7
0 8
8 2
10 7
2 4
7 0
9 4
9 6
10 3

7 8
27
0 3
2 1
4 4
0 2
3 4
0 0
4 4
6 5
0 1
2 7
5 5
2 4
2 2
0 1
0 4
2 0
2 3
3 6
5 2
1 2
6 5
3 1
2 3
0 5
0 6
2 6
2 0
20 4

