4

6 8
4
0 1
1 0
3 2
5 7
8 1

50 50
27
17 9
9 67
6 79
38 7
17 9
25 8
15 36
44 39
30 18
7 40
45 10
16 31
7 8
6 30
23 26
42 15
0 33
0 3
35 11
25 48
8 40
4 16
17 49
26 35
49 20
22 43
2 2
40 2

150 150
200
110 125
109 58
130 13
117 116
31 69
99 100
112 127
47 78
130 118
74 32
69 1
136 27
67 29
103 143
143 96
109 35
119 51
20 137
148 99
99 128
33 51
27 144
33 54
13 115
109 29
3 139
53 100
20 7
112 90
21 90
73 33
136 5
44 144
75 88
75 64
110 138
149 105
78 77
107 55
91 70
29 110
37 43
35 52
36 13
34 52
19 109
63 30
93 147
57 116
130 132
61 25
87 116
135 64
64 53
98 74
95 148
87 42
115 141
149 43
80 116
50 35
49 100
71 27
64 15
30 71
60 138
29 1
98 49
78 55
8 24
26 22
139 91
81 40
36 83
81 117
120 140
29 146
7 121
67 78
68 36
65 137
12 35
19 71
127 79
107 105
29 92
97 10
146 65
82 90
108 98
54 84
89 41
39 147
6 92
49 138
130 13
133 73
43 129
53 136
132 29
125 46
97 45
90 45
49 125
114 115
125 108
134 89
17 60
149 24
93 34
17 23
2 144
51 79
62 124
87 71
81 40
122 100
121 54
77 123
48 43
95 139
113 62
99 52
76 99
92 25
118 23
32 112
137 147
111 79
23 57
4 136
42 94
30 18
64 18
90 145
107 90
11 135
62 105
80 61
75 21
131 76
34 120
85 8
101 21
106 135
117 61
141 126
119 94
134 40
95 58
40 77
59 24
6 96
32 63
114 62
2 65
43 86
98 39
56 16
133 2
49 8
33 61
129 122
147 91
26 5
121 21
1 132
0 107
132 33
16 11
139 55
42 123
22 136
142 62
4 41
40 87
55 116
50 89
98 12
28 114
70 36
37 14
101 61
105 50
100 16
53 42
66 137
95 104
86 78
116 139
8 111
24 87
123 69
83 54
65 85
65 99
58 4
58 38
99 48
67 141
100 10

20 2
10
7 1
13 0
11 1
7 0
13 1
16 0
15 1
15 0
9 1
17 0
50 5