3

20 20
100
17 18
16 2
16 19
0 3
13 12
16 10
10 18
17 13
8 4
12 14
16 14
14 13
5 12
10 6
17 9
18 10
19 18
1 5
2 0
18 9
13 3
1 19
8 17
2 6
1 11
15 19
11 16
14 2
3 0
11 1
11 16
2 6
14 4
8 10
16 6
18 2
16 17
17 11
9 15
3 14
14 5
1 6
4 3
7 13
11 13
6 0
9 0
12 4
6 4
10 8
14 0
2 14
14 13
7 17
2 18
15 10
15 11
10 16
3 8
11 16
11 12
1 8
11 9
19 18
6 17
18 4
0 6
11 9
19 15
3 8
0 4
5 15
19 3
16 1
18 1
8 10
9 2
14 6
0 18
19 11
11 6
12 11
14 10
11 18
2 7
9 13
3 4
11 3
15 12
3 4
5 10
18 2
14 8
3 19
17 16
1 3
2 1
3 6
4 0
4 1
100 5

10 1
6
1 0
2 0
3 0
5 0
7 0
9 0
20 1

30 30
100
7 2
0 13
13 22
29 21
22 5
9 13
27 1
23 27
26 14
20 29
9 4
28 2
15 14
8 18
11 29
22 1
10 13
14 3
16 7
0 20
22 14
6 1
23 18
27 16
12 21
29 15
23 26
17 16
2 10
11 20
21 29
24 27
9 25
0 7
20 24
18 2
20 13
18 7
8 17
3 22
13 19
12 14
23 22
11 0
2 0
22 0
6 24
22 10
10 22
22 19
13 4
2 3
2 14
10 15
7 13
27 26
27 6
11 28
26 2
10 26
1 18
0 1
23 14
21 16
23 4
21 26
9 2
23 15
9 1
1 9
1 13
28 17
25 12
6 4
1 15
7 8
3 13
21 14
2 11
1 15
22 21
4 3
26 10
14 5
13 2
1 3
4 1
7 17
17 19
16 14
16 27
1 23
18 16
11 16
17 25
8 6
29 22
18 16
1 27
2 7
100 5