5

20 20
75
11 14
17 8
12 19
17 8
2 4
16 6
7 3
15 0
5 4
1 4
4 10
10 8
12 19
5 1
11 16
11 9
0 9
1 8
17 0
1 7
2 13
16 9
19 5
9 8
10 9
4 10
2 9
9 0
9 2
9 10
8 10
1 11
1 8
9 1
5 10
2 12
8 1
8 4
12 7
15 16
1 8
13 1
4 13
4 0
0 15
12 4
9 8
0 5
4 6
11 18
13 0
18 8
3 0
12 17
11 15
17 19
16 6
5 19
3 4
3 15
7 14
0 15
16 10
15 18
10 18
16 12
16 13
4 5
15 3
18 5
3 12
1 15
5 7
9 16
9 2
30 2

60 80
36
0 24
1 22
1 24
2 12
2 13
2 20
2 21
2 34
2 35
3 11
3 15
3 20
3 21
3 34
3 35
4 0
4 1
4 10
4 16
4 20
4 21
5 0
5 1
5 10
5 14
5 16
5 17
5 22
5 24
6 10
6 16
6 24
7 11
7 15
8 12
8 13
180 10

41 17
5
12 11
34 2
24 14
37 0
11 14
15 3

100 100
200
30 77
27 90
65 45
59 2
14 88
62 37
10 3
77 89
7 79
93 48
34 51
59 10
84 82
13 81
85 60
67 60
21 11
2 54
78 20
9 98
2 32
73 7
22 37
69 40
67 16
66 86
30 60
46 29
47 3
90 19
49 19
83 60
36 28
39 50
42 95
59 92
19 75
38 74
59 26
3 36
77 9
42 82
30 86
3 75
76 54
87 56
13 73
35 51
60 66
69 36
43 98
1 44
19 4
40 2
29 65
24 88
6 31
56 3
79 75
77 4
64 16
99 78
7 95
33 24
44 72
15 69
84 91
99 68
30 5
20 94
37 83
14 7
47 86
67 73
45 18
29 19
11 69
1 68
6 56
47 34
91 19
16 1
84 41
89 82
82 30
44 86
26 99
83 95
74 90
9 52
41 4
95 51
16 43
91 46
34 79
42 15
81 59
25 28
69 72
15 54
72 36
89 12
43 41
58 79
87 51
95 0
28 85
42 53
28 60
79 32
93 68
78 57
25 2
47 70
7 20
54 29
85 25
17 10
22 6
86 51
99 60
16 30
30 85
56 77
69 3
87 0
40 69
67 46
99 33
39 53
58 12
94 51
98 91
68 70
65 16
27 60
76 34
75 60
7 91
11 7
44 8
42 31
86 55
40 74
35 87
23 45
67 14
0 53
46 42
38 11
48 64
3 54
73 62
41 34
25 31
84 42
95 36
44 93
41 55
4 48
83 72
1 9
89 15
86 76
47 61
90 98
17 9
91 2
30 85
94 97
17 46
6 66
45 13
32 80
82 73
26 3
25 23
92 16
92 95
38 14
72 30
97 58
63 46
2 40
38 52
14 22
60 66
16 66
62 6
85 2
45 91
26 21
53 97
73 76
38 75
7 61
87 23
69 89
21 18
4 88
5 1

7 7
13
1 1
1 2
1 3
1 5
2 1
3 4
3 5
4 2
4 3
4 5
5 1
5 3
5 5
50 5