3

30 20
96
18 2
10 0
7 6
2 1
13 6
0 6
19 2
5 5
6 1
9 9
17 3
14 14
29 5
7 6
7 5
17 3
4 4
19 1
28 3
21 0
8 4
4 1
7 10
19 4
7 1
12 11
0 0
8 8
21 19
6 4
11 0
3 5
17 3
7 0
13 4
5 6
9 6
29 5
16 6
3 6
25 0
17 2
21 5
17 0
16 2
12 12
11 6
26 2
2 2
16 6
5 1
19 0
22 3
22 3
17 4
25 15
5 5
7 2
12 1
20 3
12 16
11 4
0 7
1 16
11 6
16 22
21 8
9 10
1 4
17 16
17 16
4 14
19 19
4 3
17 15
22 11
7 7
6 6
2 11
11 5
0 5
25 7
0 18
12 11
13 8
10 15
25 15
15 8
3 16
18 2
21 1
1 19
23 1
21 19
1 14
13 16
20 6

23 29
96
3 9
1 14
2 24
4 24
4 13
3 22
4 3
2 10
0 18
3 9
4 17
1 14
0 25
4 1
2 1
4 12
2 26
3 0
4 20
0 16
3 1
20 0
10 1
12 23
17 6
15 16
12 6
18 21
9 20
6 2
3 4
3 12
10 20
21 7
18 3
17 8
9 6
5 0
9 5
16 7
11 6
8 0
8 5
8 1
15 2
10 8
2 7
7 1
5 1
12 3
20 7
9 7
16 2
0 1
4 5
15 7
4 8
7 4
21 8
2 1
16 0
11 7
1 8
0 3
21 3
16 0
6 4
22 25
19 11
4 5
15 8
0 1
16 3
9 8
3 5
0 8
10 2
15 2
22 2
17 1
8 4
0 6
8 6
11 9
19 15
3 8
0 4
5 15
19 3
16 1
18 1
8 10
9 2
14 6
0 18
19 11
20 5

100 50
96
5 27
0 35
3 22
8 45
0 2
8 20
3 26
1 40
15 48
10 13
42 7
47 23
10 0
55 14
33 6
4 13
43 14
55 16
26 2
43 3
52 8
45 1
3 6
54 0
57 2
10 10
22 15
25 8
21 0
16 5
53 1
42 13
18 13
5 10
34 22
40 16
51 10
59 0
36 3
47 19
19 26
47 28
38 10
41 7
56 20
49 29
32 5
43 26
37 7
37 13
62 31
33 31
2 18
1 36
7 17
41 20
7 29
17 38
41 19
39 17
36 29
27 36
38 21
2 2
13 15
3 14
34 12
23 19
24 8
0 13
30 6
11 6
42 40
61 17
48 38
23 32
50 33
60 27
10 12
60 5
58 16
56 35
29 9
53 27
43 29
24 9
58 18
57 28
22 29
34 24
41 28
39 32
43 40
5 8
35 1
43 37
15 3

100 100
396
57 24
44 3
45 29
5 2
17 19
6 14
39 9
6 0
43 26
53 3
13 4
14 24
3 6
13 38
2 34
15 7
4 6
1 26
8 17
19 11
0 26
15 12
5 16
10 12
1 24
14 8
0 10
9 3
8 3
6 4
23 6
4 8
18 1
6 63
28 43
29 40
39 74
32 20
22 33
0 14
1 31
21 4
23 15
23 16
33 25
21 25
25 42
11 16
26 9
8 9
19 35
7 18
21 19
29 2
21 41
7 1
11 33
11 27
29 31
38 25
9 15
28 94
5 7
2 46
52 46
11 35
45 7
7 82
9 67
17 91
36 14
24 59
27 85
65 17
29 5
24 21
40 19
57 22
14 11
39 25
23 43
27 18
25 30
8 11
9 35
16 16
16 20
14 36
35 20
44 1
27 27
23 13
46 28
15 2
12 16
45 22
12 1
48 15
74 28
26 22
3 11
14 12
25 13
17 14
32 15
29 3
22 14
24 10
3 18
8 9
42 10
46 20
2 12
11 30
21 42
45 0
5 28
5 8
15 37
2 40
39 42
12 17
41 16
37 37
38 18
42 17
15 16
3 23
46 22
6 41
5 7
6 35
1 45
11 6
20 17
15 50
13 23
19 13
20 28
9 44
1 26
17 41
32 9
28 26
4 4
11 12
0 16
17 1
1 2
1 3
2 35
0 24
0 31
1 23
14 14
12 15
16 15
15 1
17 1
0 17
17 5
2 37
3 28
1 6
1 21
35 13
29 27
36 14
50 30
33 12
14 33
18 31
17 17
16 31
16 42
31 33
37 22
29 19
8 35
4 32
6 16
18 43
33 23
9 18
35 12
33 20
37 40
33 9
31 37
18 3
30 9
17 5
38 2
36 33
13 5
16 31
10 1
4 14
1 38
3 23
8 39
11 32
4 8
10 12
2 29
9 15
8 18
1 4
39 9
33 14
30 26
4 12
20 23
27 8
4 21
6 17
21 22
1 8
10 12
35 0
40 11
20 8
10 15
15 22
28 9
28 24
27 13
27 23
7 13
3 19
16 17
0 15
13 6
22 16
35 3
13 8
10 9
34 15
30 16
25 22
28 12
3 2
19 5
9 10
0 4
16 11
3 8
8 7
4 10
17 20
20 10
8 7
20 31
20 19
19 15
1 6
16 10
12 15
15 14
20 7
33 12
4 22
4 23
1 19
2 12
0 17
2 11
16 13
18 9
14 4
16 16
20 47
10 2
7 0
33 5
41 16
52 10
2 16
44 30
51 22
9 57
8 10
11 5
1 6
7 11
7 9
48 88
3 3
65 17
29 5
24 21
40 19
21 25
38 4
19 5
10 0
39 22
18 23
26 5
24 4
18 18
7 3
33 31
30 11
23 29
27 28
57 22
35 20
33 5
41 16
52 10
2 16
44 30
51 22
34 7
64 13
42 30
47 3
28 18
13 34
48 7
2 17
42 34
32 20
47 29
38 26
39 41
1 21
11 23
3 58
24 23
45 47
9 64
29 73
31 49
3 30
4 0
40 63
19 68
1 54
0 44
9 67
3 15
29 61
30 37
8 27
32 20
2 2
6 23
26 16
42 58
41 29
26 17
34 44
94 64
21 55
38 45
25 53
44 33
42 7
40 52
38 45
25 8
28 5
10 2
69 25
52 24
53 30
21 7
5 15
14 29
20 13
24 48
55 32
13 27
55 55
47 82
45 18
55 86
6 94
10 9
17 2
38 80
8 14
24 12
15 4
27 19
0 14
21 19
45 34
51 57
45 55
5 54
16 19
16 87
70 10