5

24 10
96
10 6
14 8
1 0
13 7
15 8
21 2
20 2
6 2
1 5
18 0
7 1
9 3
21 7
8 7
19 5
17 1
15 4
11 6
10 7
4 6
22 2
0 0
2 7
7 1
5 1
12 3
20 7
9 7
16 2
0 1
4 5
15 7
4 8
7 4
21 8
16 0
11 7
1 8
4 0
6 1
4 2
22 1
13 1
9 2
7 4
7 8
3 4
5 0
14 6
3 6
1 5
20 0
13 3
16 7
2 0
17 4
11 14
2 7
16 8
10 6
8 2
14 0
5 5
0 7
9 5
17 4
4 0
5 8
16 2
9 6
18 0
10 2
21 1
5 2
8 2
8 0
1 5
19 4
6 0
5 5
13 8
0 1
18 1
17 6
5 1
5 0
14 7
1 1
0 3
4 1
14 7
16 6
4 6
11 0
12 1
19 0
50 5

125 111
96
82 80
32 19
57 87
47 65
95 66
95 36
32 26
66 76
97 42
92 68
48 62
81 95
98 0
29 69
45 20
63 74
24 68
29 71
75 53
27 69
89 22
42 3
58 87
47 58
50 44
70 12
47 3
50 93
96 67
63 57
15 78
54 75
49 95
42 82
7 55
2 97
33 67
43 85
80 24
94 68
45 44
44 85
25 80
15 72
14 6
42 81
1 94
29 20
78 83
19 31
29 22
42 35
18 15
20 32
36 8
1 44
43 46
12 3
23 47
12 45
49 18
2 27
38 9
11 4
18 42
20 39
39 43
3 10
1 37
44 8
8 40
47 27
36 27
45 11
48 2
14 28
0 35
20 19
6 48
44 7
37 29
8 13
39 38
32 23
41 29
38 10
24 9
25 11
26 5
86 44
98 11
48 84
29 5
64 25
17 80
0 4
5 2

25 25
146
7 5
4 13
1 3
7 5
6 9
5 8
12 4
6 10
0 5
10 10
11 0
8 15
10 2
12 6
11 2
1 6
0 16
6 1
5 9
8 15
11 0
1 16
10 11
3 12
5 3
7 1
11 14
3 3
11 6
4 5
6 12
1 10
9 10
9 13
7 9
10 3
0 7
1 1
7 3
11 2
10 10
1 1
2 9
7 1
6 12
0 9
3 9
4 0
9 5
2 4
4 2
11 16
6 15
3 16
5 13
10 7
1 3
6 6
0 14
0 6
0 5
7 5
6 5
10 16
10 13
4 12
3 2
4 11
0 5
11 12
11 6
4 4
9 10
5 1
3 6
9 11
8 12
7 13
1 10
6 3
1 0
3 6
2 8
12 9
10 1
8 7
6 16
10 9
8 7
10 2
9 6
8 4
6 4
7 9
8 3
11 6
2 15
10 8
3 8
8 6
1 14
5 11
9 4
5 2
9 3
1 1
2 6
9 3
7 0
8 15
10 13
3 7
8 16
2 10
12 8
12 15
4 16
1 1
7 7
0 2
10 2
12 12
5 2
9 3
2 16
1 12
6 13
6 15
6 7
6 5
1 9
6 6
4 11
3 8
3 0
5 1
7 7
12 9
8 13
2 1
8 10
11 6
12 7
6 5
6 15
5 7
20 4

30 30
89
2 15
10 8
3 8
8 6
1 14
5 11
9 4
5 2
9 3
1 1
2 6
9 3
7 0
8 15
10 13
3 7
8 16
2 10
12 8
12 15
15 4
5 6
21 20
24 12
4 16
18 11
18 0
0 15
26 6
23 15
11 4
23 16
14 10
13 18
10 21
13 20
8 7
11 1
22 2
18 11
11 5
21 7
5 5
23 3
26 19
26 1
5 9
14 6
7 10
6 2
16 21
4 4
11 14
2 9
23 3
5 13
19 4
13 9
21 7
4 17
15 8
0 2
10 4
2 3
3 1
2 8
11 8
8 4
6 3
7 0
10 8
7 3
1 8
5 1
2 3
0 0
3 5
20 3
23 7
12 0
23 10
6 7
16 6
9 10
3 3
15 2
19 18
15 18
22 5
16 2

50 50
207
6 21
14 43
0 13
9 34
10 29
18 24
17 20
6 42
34 46
1 26
6 35
28 42
17 46
29 48
1 6
22 24
5 42
6 21
1 40
16 33
27 46
11 30
41 47
3 45
27 28
12 35
33 40
14 44
8 19
9 27
29 45
25 42
20 41
0 9
4 11
2 8
5 11
8 12
5 7
6 12
9 10
12 13
12 14
2 12
2 3
1 12
2 3
5 13
8 14
3 4
2 8
8 10
4 12
3 23
3 18
20 8
1 9
2 16
14 9
17 3
23 13
22 4
0 23
6 8
1 6
5 9
4 11
11 10
4 4
6 5
9 11
1 11
3 1
1 10
5 1
5 2
11 8
19 6
12 2
2 4
20 12
24 2
3 6
4 12
26 12
12 5
3 0
6 6
6 8
11 0
20 5
25 7
4 3
3 5
25 2
23 3
3 5
20 4
4 11
0 3
16 12
0 8
8 10
1 7
19 11
19 7
15 15
5 12
29 10
22 1
17 17
16 1
27 9
7 4
19 11
11 7
11 2
26 7
27 12
9 11
5 4
2 3
17 14
21 8
16 15
6 5
14 13
22 11
17 17
28 10
15 12
23 2
13 15
25 37
12 2
31 27
26 31
31 31
25 29
5 17
1 1
3 1
10 2
14 15
19 11
23 19
13 1
2 1
8 22
16 11
20 7
13 22
24 7
27 22
18 8
21 26
23 5
20 20
3 14
3 19
20 21
0 16
21 1
16 13
20 7
0 14
11 11
4 7
17 16
7 12
19 6
16 14
4 9
23 9
5 19
12 23
17 16
9 15
0 10
4 11
2 8
21 18
9 12
18 5
20 9
1 14
9 10
3 15
11 8
30 13
11 9
10 28
25 17
23 22
1 31
30 25
9 8
15 7
33 29
32 30
16 34
15 18
13 3
13 30
5 30
9 14
34 19
10 2