3

25 25
95
4 3
4 4
4 5
3 1
7 6
7 5
17 3
4 4
19 1
6 4
11 0
3 5
2 10
0 18
3 9
4 17
1 14
0 25
4 1
2 1
4 12
17 3
7 0
13 4
5 6
9 6
12 1
20 3
12 16
11 4
0 7
1 16
11 6
24 7
16 7
11 6
8 0
8 5
 4
21 8
2 1
16 0
11 7
1 8
0 3
21 3
16 0
6 4
22 24
8 1
15 2
10 8
2 7
7 1
5 1
12 3
20 7
9 7
16 2
0 1
4 5
0 18
12 11
13 8
10 15
24 15
15 8
10 1
12 23
17 6
10 2
15 2
22 2
17 1
5 15
19 3
16 1
18 1
8 10
8 4
0 6
8 6
15 16
12 6
18 21
9 20
6 2
3 4
3 12
10 20
21 7
18 3
17 8
9 6
5 0
27 9

100 50
108
42 13
18 13
5 10
34 22
40 16
51 10
59 0
36 3
47 19
19 26
47 28
38 10
41 7
56 20
49 29
32 5
43 26
37 7
37 13
62 31
33 31
2 18
1 36
7 17
41 20
7 29
17 38
41 19
39 17
24 8
18 15
44 44
30 2
22 30
49 41
49 15
45 17
3 0
69 44
37 10
54 47
17 24
38 36
17 17
56 27
55 26
54 45
42 48
22 4
58 37
49 28
16 42
41 38
19 1
31 3
5 33
69 6
19 0
43 43
59 46
33 29
56 43
22 44
33 24
13 24
23 14
61 16
56 17
52 45
21 17
23 37
44 46
56 12
19 1
53 22
0 39
27 45
36 5
49 34
32 13
6 30
44 6
64 39
17 44
40 29
65 3
14 9
6 43
64 36
31 43
0 13
30 6
11 6
42 40
61 17
48 38
23 32
50 33
60 27
10 12
60 5
58 16
56 35
29 9
53 27
43 29
24 9
36 29
20 5

100 100
500
1 1
37 38
39 48
17 40
35 45
17 33
8 41
2 19
2 46
8 21
6 13
18 43
4 20
1 47
38 44
5 6
0 9
1 47
15 22
7 28
18 22
1 19
25 34
2 16
23 44
9 14
5 17
14 24
4 42
9 16
19 38
38 48
12 34
13 16
20 41
12 42
11 37
16 30
24 25
19 35
7 18
21 19
29 2
21 41
7 1
11 33
11 27
29 31
38 25
9 15
28 94
5 7
46 28
15 2
12 16
45 22
12 1
48 15
74 28
26 22
3 11
14 12
25 13
17 14
32 15
29 3
22 14
24 10
7 12
76 43
57 30
33 16
49 1
40 60
27 25
17 4
66 55
13 13
55 32
83 10
81 8
67 40
66 39
76 59
93 47
72 44
80 17
95 31
55 54
92 11
6 4
69 20
90 4
67 44
6 56
6 3
35 33
73 1
61 58
6 13
98 14
91 51
61 35
3 18
8 9
42 10
46 20
2 12
36 49
23 91
20 94
11 30
21 42
45 0
2 46
52 46
11 35
3 29
29 24
13 11
30 19
16 5
7 6
31 11
21 0
0 6
18 8
27 6
27 29
4 18
17 20
4 23
16 1
2 14
17 23
9 4
1 11
20 6
19 1
0 12
2 0
3 9
1 3
8 6
9 0
6 9
11 12
7 12
13 15
1 23
23 5
18 25
14 7
9 2
27 23
23 28
22 20
15 7
26 6
21 18
3 0
18 4
27 11
0 0
5 22
1 12
26 21
7 9
5 3
3 6
1 10
23 1
45 7
7 82
9 67
17 91
29 29
19 45
28 13
6 42
43 29
17 12
44 10
23 3
0 18
30 10
26 13
35 18
5 4
19 36
22 40
14 24
2 42
10 48
21 35
4 21
6 47
21 25
15 37
7 37
2 48
38 43
2 7
28 46
6 17
0 10
26 36
39 48
30 37
8 17
14 19
0 37
24 39
3 11
30 33
15 35
11 20
4 42
22 31
34 20
20 26
24 4
4 11
74 52
69 10
31 36
0 28
27 53
32 19
20 32
11 8
0 14
21 1
5 15
25 12
21 24
0 0
2 29
5 5
25 27
22 11
24 24
11 18
16 9
2 14
2 28
16 33
11 12
11 30
13 27
6 17
15 41
11 43
15 12
9 36
9 42
13 7
4 42
5 32
9 10
24 6
23 24
11 25
21 29
5 32
21 32
24 11
9 27
13 20
24 27
12 9
8 2
21 24
7 18
10 9
19 20
20 30
5 7
7 2
24 6
18 2
0 29
12 1
23 11
25 21
1 34
0 26
2 37
5 35
13 31
15 19
14 9
2 19
0 1
15 14
14 10
19 0
1 23
30 18
11 20
28 0
6 18
6 20
9 10
12 41
11 5
15 2
1 26
12 29
2 40
19 3
2 13
34 6
31 22
38 40
37 38
12 29
13 37
17 15
26 15
36 23
13 37
12 36
0 33
14 3
36 2
6 42
40 15
32 39
41 37
13 36
1 20
3 16
3 42
17 13
5 34
5 23
0 24
28 43
29 40
39 74
32 20
28 94
5 7
2 46
52 46
11 35
45 7
7 82
9 67
17 91
36 14
24 59
27 85
20 12
24 62
45 51
30 8
44 63
32 23
33 33
32 72
10 74
47 93
44 17
41 87
37 53
4 78
27 27
55 31
0 43
7 8
4 39
12 26
1 24
9 30
2 39
4 36
8 8
17 31
32 3
32 6
28 7
1 25
20 7
25 15
7 17
34 2
46 22
23 7
8 41
3 41
2 9
33 26
22 26
11 30
17 40
3 23
20 23
2 2
45 38
26 17
46 24
39 10
14 41
7 27
46 20
22 10
46 9
15 14
3 27
6 21
11 23
6 11
19 28
8 21
8 17
6 10
3 3
15 18
0 17
13 2
7 3
2 17
32 25
26 12
11 17
1 16
0 11
5 1
32 44
3 20
41 44
19 29
31 42
10 23
1 30
18 19
6 31
14 43
32 42
7 32
38 46
0 46
8 45
26 40
1 34
1 19
28 41
18 27
40 47
1 13
2 10
9 13
10 12
7 13
0 6
2 13
0 9
4 11
2 8
5 11
8 12
2 38
4 24
23 38
10 47
27 25
0 29
27 7
26 8
2 7
30 11
15 17
12 23
27 28
10 36
2 20
2 10
25 10
8 40
89 0
91 42
51 6
48 20
96 1
56 51
98 57
67 38
88 9
36 14
24 59
27 85
65 17
29 5
24 21
40 19
57 22
14 11
39 25
100 20