10

77 35
94
32 12
30 1
37 18
73 0
10 17
27 23
57 24
44 3
45 29
5 2
17 19
6 14
39 9
6 0
43 26
53 3
65 17
29 5
24 21
40 19
57 22
35 20
33 5
41 16
52 10
2 16
44 30
51 22
34 7
64 13
69 25
52 24
53 30
21 7
5 15
14 29
20 13
65 13
50 13
33 15
63 15
24 23
54 30
7 23
34 24
54 16
57 22
28 29
29 3
36 3
22 27
69 2
44 1
27 27
23 13
46 28
15 2
12 16
45 22
12 1
48 15
74 28
50 30
33 12
36 33
13 5
16 31
33 12
27 2
33 8
30 28
47 17
62 30
70 17
7 8
15 21
48 3
54 21
26 25
30 30
30 4
72 12
30 2
42 27
22 0
38 32
35 17
19 23
9 20
59 13
49 12
33 21
52 22
20 9
659 1

58 97
193
27 24
24 79
26 92
51 87
19 65
53 37
51 19
14 26
11 3
45 1
55 81
43 44
17 24
9 31
4 51
21 13
52 80
56 40
56 45
7 15
31 17
23 31
45 18
18 94
29 4
12 27
18 86
30 29
3 33
42 83
27 94
32 7
29 36
43 55
13 4
48 57
54 21
56 80
17 21
39 72
41 30
55 68
10 45
44 29
28 57
56 83
36 73
21 43
2 63
20 74
45 72
32 88
43 14
30 60
20 45
40 74
36 45
56 32
11 90
50 79
35 6
6 57
20 47
43 58
52 5
42 92
9 57
48 88
24 48
55 32
13 27
47 82
45 18
55 86
6 94
10 9
17 2
38 80
45 34
51 57
45 55
5 54
16 19
16 87
18 53
39 39
51 63
36 1
35 67
15 74
53 12
24 19
18 16
6 63
28 43
29 40
39 74
32 20
28 94
5 7
2 46
52 46
11 35
45 7
7 82
9 67
17 91
36 14
24 59
27 85
20 12
24 62
45 51
30 8
44 63
32 23
33 33
32 72
10 74
47 93
44 17
41 87
37 53
4 78
27 27
55 31
12 42
5 17
39 29
32 38
23 80
8 45
56 80
2 87
47 27
47 41
5 93
11 50
51 70
23 77
29 7
47 94
7 1
16 77
43 68
13 20
54 88
15 36
13 83
42 91
29 21
24 8
8 31
1 15
38 21
33 16
32 93
23 70
1 11
40 13
13 19
20 11
1 92
5 19
42 41
22 85
55 84
42 40
12 23
37 16
56 69
52 0
6 49
56 51
18 56
35 64
17 93
5 46
0 58
27 8
43 39
48 74
9 8
22 22
16 73
11 33
8 22
45 6
13 5
48 71
15 58
37 44
12 75
43 2

24 10
188
18 4
21 7
18 3
17 8
1 8
0 3
21 3
16 0
6 4
15 8
0 1
16 3
9 8
3 5
0 8
10 2
15 2
22 2
17 1
11 3
12 2
17 3
15 3
9 1
8 8
10 6
14 8
1 0
13 7
15 8
21 2
20 2
6 2
1 5
18 0
7 1
9 3
21 7
8 7
19 5
17 1
15 4
11 6
10 7
4 6
22 2
0 0
2 7
7 1
5 1
12 3
20 7
9 7
16 2
0 1
4 5
15 7
4 8
7 4
21 8
16 0
11 7
1 8
4 0
6 1
4 2
22 1
13 1
9 2
7 4
7 8
3 4
5 0
14 6
3 6
1 5
20 0
13 3
16 7
2 7
18 0
9 6
14 5
15 2
10 2
21 1
5 2
8 0
1 5
19 4
6 0
5 5
13 8
0 1
18 1
17 6
5 1
5 0
21 8
18 3
11 0
2 6
2 3
4 4
10 2
14 0
12 8
16 6
22 1
11 0
14 6
19 5
15 5
12 6
3 5
15 7
15 8
20 0
14 0
16 1
14 3
1 1
3 2
22 7
17 1
13 0
14 2
8 4
14 7
1 1
0 3
4 1
14 7
16 6
4 6
11 0
12 1
19 0
13 3
20 1
6 7
15 7
14 7
1 5
15 7
15 5
1 6
2 8
12 6
18 4
4 2
8 4
20 6
11 1
20 7
16 8
10 6
8 2
14 0
5 5
0 7
9 5
17 4
4 0
5 8
16 2
9 6
5 0
9 5
16 7
11 6
8 0
8 5
8 1
15 2
10 8
18 0
0 8
18 8
3 3
9 3
16 2
18 5
11 5
2 4
6 0
1 1
15 2
253 5

59 73
164
13 53
32 59
50 53
39 37
37 71
8 58
31 7
10 52
22 38
1 9
19 6
34 55
56 23
28 37
9 46
47 21
42 6
34 39
26 16
52 10
36 23
7 35
54 0
21 49
53 38
43 44
6 47
46 36
14 64
23 9
2 71
30 64
51 16
10 24
52 0
26 62
40 45
9 55
3 67
6 23
25 54
28 54
6 45
50 28
41 0
15 35
55 70
38 11
1 27
4 15
3 62
35 70
24 42
16 8
12 33
7 36
54 5
35 18
21 42
36 12
11 64
6 45
28 68
31 2
57 61
45 52
12 12
39 37
41 28
3 32
10 46
56 24
29 66
19 48
5 59
22 53
13 41
28 33
24 45
14 33
17 45
17 3
23 10
2 24
8 17
33 62
8 41
2 44
4 22
33 32
4 64
5 58
38 35
20 9
26 15
44 12
42 58
18 36
19 64
0 55
28 11
29 24
39 33
13 38
49 41
37 69
33 46
32 16
52 34
56 55
9 46
17 37
0 36
9 7
46 23
9 60
10 57
50 7
31 21
53 32
30 27
42 59
30 63
47 40
25 38
9 19
9 41
41 17
48 9
47 58
25 51
44 24
5 70
50 11
53 68
39 44
5 18
12 18
14 69
40 61
8 67
51 67
35 16
8 26
47 27
14 20
3 54
56 14
57 63
5 36
6 32
13 40
19 56
42 3
25 70
36 52
11 59
38 33
18 13
6 28
21 19
14 44
56 55
39 19
940 5

58 85
139
10 15
30 44
37 56
34 11
56 44
27 2
30 58
6 33
9 35
39 39
7 79
28 70
1 83
55 24
31 60
39 80
31 50
17 40
36 74
35 7
3 10
1 33
51 56
1 13
21 2
28 4
3 59
16 17
41 1
22 64
53 0
16 64
33 35
4 36
40 45
0 82
12 26
22 53
23 67
51 7
25 69
38 22
10 42
43 14
19 73
17 24
4 34
47 3
56 8
46 32
19 52
36 5
34 50
16 79
36 13
30 23
41 81
56 76
47 34
44 65
22 32
31 46
2 83
19 72
14 72
49 11
8 53
24 80
7 31
44 8
16 48
34 39
16 70
12 77
35 33
19 54
17 44
7 22
47 79
44 56
3 12
50 15
52 24
44 22
38 28
27 44
16 7
35 31
48 16
33 1
42 13
7 17
53 4
56 47
24 15
51 43
21 55
20 38
37 56
9 1
44 65
16 74
49 22
48 60
17 2
45 41
39 58
31 68
32 71
13 34
0 27
28 0
39 38
7 69
44 27
17 20
53 67
34 80
6 9
3 16
54 3
13 49
0 64
50 32
27 8
1 22
31 59
22 70
29 36
4 27
6 63
32 43
38 81
51 6
7 83
40 10
54 54
5 23
19 34
979 4

97 42
89
27 28
37 17
39 2
46 39
73 8
92 27
29 2
47 26
89 6
70 10
72 38
46 30
3 39
8 38
94 15
10 35
55 9
10 29
62 7
59 38
70 28
65 35
4 28
11 20
15 30
90 2
23 34
94 5
1 36
44 22
51 7
54 38
6 6
41 14
67 32
58 15
90 1
54 21
43 11
25 21
70 15
4 20
23 35
38 16
25 4
41 4
43 4
50 14
95 26
73 40
81 12
5 24
88 1
19 5
8 22
19 15
26 28
55 16
65 13
15 37
11 1
20 22
78 38
95 26
49 19
19 18
12 28
64 16
23 16
45 0
93 4
41 3
77 16
16 14
7 13
14 36
19 18
16 26
69 38
13 33
87 30
88 11
83 29
62 37
29 0
57 10
46 8
76 38
9 22
9 4

57 52
4
54 1
45 15
11 19
43 23
399 6

70 67
108
49 57
62 52
37 48
28 34
41 23
42 14
23 32
2 47
32 52
53 22
1 36
35 62
4 63
51 38
37 36
10 65
38 62
32 11
43 30
48 65
18 65
53 33
32 49
40 44
17 12
24 58
67 0
34 61
26 20
34 16
23 20
63 64
44 7
4 64
16 65
46 56
14 4
5 11
54 8
62 28
55 42
44 59
47 45
16 51
7 34
48 25
60 5
18 32
18 2
38 1
21 13
15 20
17 64
50 57
38 65
8 62
34 18
55 19
23 26
15 0
23 56
6 18
54 51
33 18
48 6
50 18
15 62
23 58
23 14
55 8
3 52
31 1
33 2
20 17
12 0
49 42
44 57
26 62
12 54
45 47
68 38
13 13
50 7
37 33
57 38
16 15
15 45
48 13
21 45
23 56
29 1
33 27
13 33
43 30
33 4
18 62
44 61
61 34
48 4
45 57
23 13
53 8
33 61
4 29
23 35
11 24
64 9
64 57
676 3

52 50
123
16 41
15 13
12 26
22 4
13 37
11 31
26 41
16 10
0 46
21 29
15 29
19 29
6 28
5 7
0 11
46 1
38 14
47 13
12 16
13 35
21 1
4 47
43 20
48 13
15 19
32 44
26 35
42 24
34 22
28 16
17 23
14 43
49 39
18 29
40 13
43 28
10 31
1 22
20 10
37 9
44 28
34 29
45 19
50 24
7 17
29 41
25 48
36 42
0 40
48 29
20 43
23 23
13 16
33 2
10 21
18 32
2 15
5 33
19 33
31 3
29 0
12 35
36 46
44 19
45 0
26 0
1 37
15 35
49 38
12 46
9 34
32 8
18 42
34 47
21 17
10 35
3 8
35 11
44 33
37 0
14 33
12 43
19 40
11 48
17 2
21 26
10 21
47 30
50 36
2 20
29 5
47 36
24 33
13 2
38 10
2 36
20 11
15 47
4 19
26 19
39 14
12 48
7 38
27 28
30 15
9 46
48 32
25 3
37 7
29 45
50 32
26 38
31 8
11 20
11 22
26 11
49 0
49 11
34 47
46 2
9 40
13 26
31 35
576 4

27 86
29
18 32
8 33
10 60
11 77
24 37
0 25
0 76
16 21
1 47
17 33
15 50
19 56
23 20
15 50
17 15
12 13
4 37
3 34
15 56
13 61
6 35
20 46
23 15
0 29
18 19
23 32
25 13
22 58
11 69
851 6
