14

25 5
152
22 2
8 0
10 3
13 1
0 0
20 3
24 1
10 4
18 1
23 1
24 0
6 2
4 2
24 0
4 1
2 2
11 0
5 0
8 3
2 2
18 1
17 1
6 0
24 4
7 4
14 4
12 1
12 0
22 1
20 3
12 1
11 3
11 1
2 2
17 3
15 4
20 0
9 0
23 4
24 1
1 1
12 2
15 2
23 2
9 1
21 1
3 2
24 0
24 3
7 3
11 3
1 2
24 3
2 4
15 3
24 2
0 0
7 0
22 0
12 0
9 1
6 4
14 3
12 4
1 4
5 2
2 3
8 3
11 2
10 3
8 1
2 1
13 1
24 1
9 1
2 2
23 3
4 2
12 1
11 3
10 0
3 2
1 4
22 1
9 0
22 2
0 3
6 0
5 3
8 4
1 1
23 3
19 2
2 2
13 3
16 2
9 3
6 4
6 2
12 2
1 2
24 1
17 1
17 4
10 3
20 4
21 4
13 4
10 2
23 4
17 0
9 1
3 1
21 1
2 3
21 2
14 1
12 2
4 4
3 1
9 0
12 2
3 2
22 2
18 3
9 3
18 4
5 3
3 2
7 0
16 0
17 4
22 4
14 4
4 1
24 4
7 0
24 0
7 3
21 4
10 2
2 4
18 3
20 2
2 0
7 2
5 0
19 2
16 4
21 0
7 2
18 3
704 155

30 4
50
6 0
19 2
9 2
27 3
23 1
16 0
29 3
17 3
28 3
28 2
18 2
19 2
14 0
23 1
28 1
11 1
29 3
11 3
5 2
13 0
24 1
22 0
29 3
25 0
21 2
7 0
23 0
16 0
10 3
2 2
27 2
6 3
27 2
20 0
4 1
22 0
18 1
11 2
6 3
28 0
12 2
11 0
14 0
15 1
24 1
16 2
1 1
2 2
19 2
22 3
933 179

16 29
156
12 11
1 1
9 10
15 6
1 2
10 0
14 10
9 26
6 28
12 1
4 19
6 9
8 19
1 5
6 2
9 19
5 14
5 13
6 2
14 13
4 2
1 26
11 4
9 9
12 9
13 15
4 2
4 18
5 8
0 19
3 23
0 22
7 26
8 21
8 20
5 12
13 7
2 23
1 18
0 21
2 2
10 14
10 7
0 20
7 3
14 23
9 1
6 13
13 2
11 25
10 23
9 20
13 24
2 22
10 1
3 19
0 23
5 22
8 21
8 21
0 5
10 11
2 21
10 10
12 25
13 17
6 19
12 18
11 10
13 14
0 20
14 6
13 24
12 15
7 26
7 0
7 16
8 11
7 16
9 11
15 28
11 20
15 16
6 18
2 0
2 21
15 25
10 18
8 27
8 7
5 0
5 26
0 26
8 2
11 1
12 4
5 5
5 4
2 20
3 6
4 27
14 21
5 26
8 26
9 17
5 10
4 3
2 11
3 0
4 24
3 9
15 16
0 19
11 27
1 13
5 24
15 11
4 26
14 19
4 11
7 10
13 4
2 21
1 24
10 21
5 1
15 10
9 9
12 16
6 19
4 22
8 7
0 0
15 1
15 8
1 21
15 27
6 23
11 17
9 9
13 0
5 1
1 18
7 22
1 24
5 5
15 22
8 13
15 8
8 10
6 27
2 14
8 15
9 11
11 4
8 1
392 182

11 13
168
4 3
5 3
4 9
2 6
0 7
3 11
8 8
9 4
0 2
1 12
6 2
4 2
0 6
6 7
7 5
9 8
3 8
7 4
9 10
5 3
7 8
9 3
5 3
6 4
3 7
1 7
0 7
6 2
8 6
9 8
5 12
3 4
1 5
2 10
1 2
8 10
4 4
5 10
4 9
10 5
3 7
6 5
5 8
2 5
4 3
1 1
8 2
1 9
7 6
10 7
3 3
5 6
1 7
2 4
5 10
8 0
6 5
5 2
9 4
9 9
5 3
7 5
6 12
3 10
8 6
10 12
6 3
3 1
9 0
2 2
5 4
6 3
1 7
1 3
6 2
4 1
6 1
7 0
0 7
2 5
7 12
5 3
10 12
9 2
0 0
3 0
2 10
3 11
6 12
6 4
2 6
3 7
10 8
6 1
5 5
2 11
6 0
5 1
2 0
4 3
6 6
3 10
2 0
0 4
7 7
8 1
0 4
5 10
9 4
1 6
2 3
0 4
5 0
10 10
0 12
2 7
7 1
0 4
9 3
6 3
2 0
3 11
9 0
2 1
4 9
3 4
1 1
10 4
1 1
7 11
2 2
4 6
4 0
5 8
6 2
9 6
5 3
1 7
3 11
2 10
3 8
9 9
0 2
1 12
5 10
5 5
6 9
8 2
5 11
8 2
2 10
10 0
5 0
6 0
6 11
9 0
5 4
3 7
1 7
5 5
9 11
0 12
3 3
9 6
4 4
8 6
2 7
9 1
91 132

43 27
62
30 4
7 8
8 18
4 14
17 7
4 20
42 8
24 20
16 11
34 19
0 14
13 24
0 14
16 26
12 1
36 26
3 4
30 5
24 2
6 16
29 12
31 13
5 6
37 22
7 9
4 11
15 4
19 5
13 22
27 3
4 26
34 6
7 22
15 4
31 13
18 5
4 14
37 11
2 5
26 17
8 9
41 2
17 4
6 4
19 10
34 11
0 8
37 9
10 23
12 8
22 26
21 12
6 10
15 25
19 13
41 9
23 6
10 13
12 9
6 11
21 2
13 18
204 113

43 5
138
34 4
0 1
14 2
15 1
19 0
40 1
13 3
35 0
1 4
37 2
2 1
15 0
26 1
24 2
3 2
17 2
3 0
5 4
27 3
27 3
0 3
18 3
31 1
28 1
16 1
27 3
20 1
17 0
41 0
27 1
10 1
23 4
33 0
9 1
7 4
6 3
1 2
15 2
17 3
33 0
42 1
35 4
16 3
10 0
4 0
26 4
6 1
39 2
33 0
0 2
2 0
7 2
28 2
36 2
34 3
14 2
23 0
0 0
8 4
39 0
22 2
42 2
7 4
39 3
17 4
20 2
30 2
3 1
16 2
42 4
15 4
21 0
14 3
3 1
31 4
35 0
31 1
26 4
37 0
25 1
14 0
9 2
25 3
5 4
2 2
36 1
22 4
11 3
20 4
6 4
13 0
22 2
9 4
42 4
34 3
23 1
29 2
36 4
38 1
41 1
18 3
19 1
11 0
25 0
4 2
21 0
8 0
5 4
35 2
14 2
11 4
2 1
37 2
1 1
32 2
4 0
26 3
37 4
41 2
21 0
37 3
40 0
31 3
11 0
9 1
8 4
14 4
42 1
7 3
23 0
36 4
26 0
2 2
12 4
13 0
33 2
3 0
33 1
745 128

48 46
169
47 21
38 9
19 16
27 16
23 36
33 35
41 11
31 45
38 39
36 33
46 35
37 40
35 34
15 6
33 29
5 14
47 38
4 8
9 26
33 34
30 5
35 31
22 20
8 31
10 22
43 28
38 37
25 15
14 26
24 26
25 14
8 13
33 31
28 3
11 11
47 17
22 25
28 32
13 9
36 0
0 27
7 31
11 42
31 23
21 0
24 29
24 19
19 5
8 23
28 17
29 33
26 44
20 0
37 20
5 23
41 45
13 8
36 30
28 8
24 41
28 21
29 45
31 3
22 23
34 34
0 0
32 31
6 6
47 29
14 35
16 27
10 2
21 28
36 16
28 42
44 37
24 13
29 30
42 17
4 21
40 41
8 43
0 31
33 22
34 12
25 23
46 1
15 43
34 1
40 2
24 23
8 14
13 36
43 4
2 33
15 12
34 17
16 3
0 7
32 34
37 6
45 19
29 7
36 27
1 5
44 42
39 16
27 39
29 34
29 24
21 18
16 18
34 36
33 15
47 18
30 45
19 29
21 4
12 12
44 39
39 27
45 11
29 20
3 5
44 18
18 44
44 3
31 13
25 23
15 30
26 3
8 36
35 28
20 26
45 23
0 14
47 14
38 1
38 41
35 41
23 45
39 3
19 29
31 17
23 4
29 2
31 36
25 8
36 6
29 42
42 33
9 11
45 41
39 13
37 37
29 40
10 6
9 15
35 6
15 1
5 18
2 4
9 23
0 31
26 20
1 39
0 16
4 32
9 7
830 31

32 17
158
29 14
27 10
4 5
19 11
29 14
29 11
29 7
23 12
1 14
14 9
2 6
22 12
13 5
21 1
6 5
2 15
0 4
11 15
13 4
28 16
20 6
28 11
18 1
22 1
0 11
2 12
16 1
9 13
25 11
1 7
29 5
26 12
0 10
27 9
29 13
1 13
5 8
23 12
9 14
28 11
8 15
25 14
15 7
4 11
11 1
11 0
9 9
21 15
16 6
29 12
3 4
25 14
2 5
0 1
20 9
29 14
11 9
28 2
21 14
31 14
4 8
11 12
11 7
14 7
21 11
4 12
20 12
26 15
5 8
2 6
3 0
31 4
18 3
2 15
17 2
4 1
18 13
10 3
18 14
21 1
4 10
19 16
18 5
27 3
18 16
27 14
2 12
11 4
28 16
8 8
30 2
26 4
17 10
25 6
14 10
20 3
19 11
1 1
11 8
10 14
26 2
7 4
14 2
5 15
8 2
7 8
7 15
15 5
22 14
8 9
2 15
29 12
11 0
25 14
4 15
23 15
6 1
13 12
17 12
9 9
24 10
19 7
24 6
10 15
25 14
2 11
13 13
17 5
1 5
8 5
13 10
23 6
12 6
7 8
26 1
16 7
5 12
5 6
10 9
29 1
24 5
5 6
19 6
8 7
30 8
29 8
4 10
24 9
11 2
13 4
1 6
14 15
2 7
15 7
14 10
15 16
30 16
5 16
246 148

1 6
160
0 4
0 4
0 0
0 5
0 5
0 3
0 0
0 4
0 2
0 1
0 2
0 1
0 1
0 5
0 0
0 1
0 5
0 0
0 5
0 1
0 2
0 4
0 4
0 3
0 2
0 5
0 5
0 1
0 3
0 0
0 5
0 2
0 4
0 5
0 1
0 5
0 4
0 2
0 0
0 2
0 0
0 2
0 3
0 1
0 3
0 5
0 3
0 0
0 0
0 2
0 1
0 2
0 0
0 1
0 1
0 4
0 3
0 3
0 1
0 3
0 2
0 3
0 5
0 1
0 0
0 2
0 3
0 3
0 1
0 0
0 1
0 1
0 0
0 0
0 3
0 0
0 1
0 3
0 0
0 1
0 4
0 1
0 1
0 1
0 5
0 1
0 4
0 3
0 4
0 2
0 4
0 1
0 2
0 2
0 0
0 1
0 0
0 4
0 0
0 2
0 2
0 2
0 0
0 0
0 1
0 3
0 0
0 5
0 3
0 1
0 0
0 3
0 3
0 5
0 3
0 2
0 2
0 5
0 4
0 0
0 5
0 1
0 4
0 3
0 4
0 5
0 1
0 3
0 0
0 3
0 4
0 3
0 3
0 0
0 3
0 3
0 5
0 5
0 0
0 3
0 2
0 2
0 0
0 4
0 2
0 2
0 3
0 1
0 4
0 1
0 0
0 5
0 2
0 3
0 0
0 0
0 3
0 2
0 5
0 1
158 108

18 5
11
15 1
10 3
9 3
11 2
8 3
4 1
1 2
2 3
11 1
4 4
5 2
249 106

19 44
190
13 26
3 4
13 1
2 39
14 7
6 14
5 4
18 43
18 27
7 32
0 9
2 15
5 43
2 28
16 33
11 12
11 30
13 27
6 17
15 41
11 43
15 12
9 36
9 42
13 7
4 42
5 32
9 10
1 34
0 26
2 37
5 35
13 31
15 19
3 40
16 28
9 14
9 10
8 6
0 16
4 26
2 33
18 12
1 20
7 0
7 29
18 3
10 10
8 40
14 9
9 16
9 17
4 6
17 11
5 7
7 29
17 23
10 5
10 12
16 43
17 28
5 22
0 9
9 9
8 1
14 21
6 4
8 33
8 4
16 28
14 1
9 4
13 9
10 4
10 6
10 19
6 10
9 7
15 40
10 32
2 27
7 29
4 39
5 30
18 5
16 4
0 32
18 15
10 42
6 18
6 20
9 10
12 41
11 5
15 2
1 26
12 29
13 36
1 20
3 16
3 42
17 13
5 34
5 23
0 24
0 43
7 8
4 39
12 26
1 24
9 30
2 39
4 36
8 8
17 31
6 15
13 30
2 27
17 11
9 25
16 32
5 15
14 22
17 22
2 6
2 8
3 36
3 25
11 5
11 42
6 25
0 10
11 35
15 3
18 23
10 20
12 17
5 9
3 6
9 37
3 21
17 0
13 19
6 28
12 22
10 26
1 32
12 11
0 27
13 32
3 38
17 8
5 13
8 30
18 26
5 5
17 39
9 43
13 34
13 29
16 22
2 33
5 40
17 18
14 1
18 19
3 38
1 9
10 35
16 23
9 29
1 42
10 8
14 9
7 33
11 31
4 9
12 22
12 41
15 15
2 32
3 30
14 0
9 35
0 6
5 20
7 35
14 20
18 33
16 31
529 178

45 7
34
12 6
41 0
20 5
38 0
16 2
21 1
39 5
18 6
36 4
33 3
19 5
3 6
19 4
25 6
11 3
40 6
32 0
20 6
19 0
37 2
21 2
11 0
41 3
9 2
14 4
26 6
7 3
38 0
4 0
0 0
43 6
44 5
29 0
33 2
216 160

48 43
64
39 2
6 32
7 8
40 1
23 26
41 15
14 10
47 37
37 4
2 40
19 3
2 13
34 6
31 22
38 40
37 38
12 29
13 37
17 15
26 15
36 23
13 37
12 36
0 33
14 3
36 2
6 42
40 15
32 39
41 37
17 8
35 20
3 37
24 11
21 5
34 2
46 22
23 7
8 41
3 41
2 9
33 26
22 26
11 30
17 40
3 23
20 23
2 2
45 38
26 17
46 24
39 10
14 41
7 27
46 20
22 10
46 9
15 14
3 27
45 16
23 12
16 9
36 40
24 31
462 171

26 34
95
12 13
0 32
17 16
24 6
23 24
11 25
21 29
5 32
21 32
24 11
9 27
13 20
24 27
12 9
8 2
21 24
7 18
10 9
19 20
20 30
5 7
7 2
24 6
18 2
0 29
12 1
23 11
25 21
2 9
23 15
21 9
1 17
21 27
23 24
1 6
22 18
3 3
9 14
22 15
20 27
12 30
3 20
1 6
9 4
14 3
10 30
4 25
24 32
10 9
22 6
7 17
21 17
9 30
9 4
18 33
18 20
7 32
15 2
17 9
18 20
15 29
0 5
21 6
5 1
19 1
10 12
14 7
14 24
12 10
25 29
14 29
4 15
17 23
3 9
1 26
16 19
8 18
19 11
10 21
11 15
22 1
12 25
21 4
9 0
12 29
9 25
25 18
10 29
3 9
0 14
12 3
12 31
19 26
23 13
9 10
842 143
