14

5 31
181
2 19
3 28
2 2
3 22
3 7
0 27
3 25
4 8
2 0
4 12
1 0
4 12
3 29
3 20
4 14
3 4
4 15
1 16
3 16
2 18
4 25
4 23
0 28
0 5
1 26
2 30
0 22
4 1
4 25
2 26
2 4
0 24
4 25
4 30
2 9
3 7
3 15
3 6
2 30
3 13
4 3
4 23
1 13
3 30
0 21
3 26
2 5
1 23
2 10
2 22
0 5
0 24
0 28
4 29
4 11
2 27
4 5
0 26
2 28
4 11
1 11
3 3
4 25
3 3
1 1
2 10
4 12
3 2
2 21
1 13
1 17
0 21
2 18
4 5
0 5
4 7
4 17
1 8
3 19
0 20
3 17
2 4
3 28
4 25
2 11
3 6
2 15
3 15
0 18
0 20
4 28
2 0
2 23
3 7
1 5
0 19
4 28
1 3
0 30
4 1
2 12
2 7
2 7
0 9
1 29
4 25
3 14
0 9
1 20
0 22
4 21
2 13
1 9
0 12
2 4
3 27
0 23
0 3
3 4
3 24
1 0
4 18
3 7
0 14
1 14
4 6
0 1
1 4
1 30
3 8
4 29
3 6
2 30
2 8
0 5
3 6
3 30
0 7
2 24
1 10
2 20
3 5
3 6
1 9
3 28
3 16
4 22
2 9
2 30
1 12
3 0
2 29
1 14
4 22
0 8
0 6
2 30
3 5
1 4
0 24
0 14
2 28
3 22
2 1
1 3
1 29
0 7
3 14
3 6
1 21
4 7
0 20
1 3
3 29
3 9
4 4
1 30
0 6
1 1
1 29
3 9
59 158

7 27
179
4 14
3 1
3 25
2 10
3 22
0 8
5 21
2 2
3 11
4 0
2 11
3 12
6 11
2 14
2 16
2 16
3 24
0 5
4 5
3 9
3 9
1 16
4 3
2 12
0 5
3 25
4 26
1 7
3 5
6 8
6 10
6 10
3 7
1 23
4 24
4 23
3 3
1 3
5 24
6 3
4 17
5 13
0 24
4 24
4 4
3 20
6 22
0 5
5 7
1 11
4 25
4 8
0 2
6 5
2 14
1 7
4 8
0 25
2 13
5 13
1 2
6 9
5 26
6 25
3 18
0 6
2 17
6 9
1 0
6 17
4 26
0 9
0 17
0 7
0 5
5 2
1 7
1 16
1 15
2 1
0 11
4 24
6 14
1 8
4 13
4 13
5 18
6 24
5 12
4 1
2 8
2 22
6 20
6 1
5 22
5 13
1 6
3 20
4 4
4 23
2 14
1 5
3 12
4 12
2 25
2 17
6 9
1 25
1 3
0 10
2 5
4 1
0 5
0 11
2 8
2 17
4 20
2 7
1 14
5 5
1 26
5 15
6 20
5 16
5 12
2 24
4 9
1 23
0 1
1 1
6 3
1 14
6 17
0 25
3 0
3 16
3 18
1 14
5 26
2 2
2 20
0 3
5 8
1 1
0 21
3 6
4 23
3 11
4 25
6 18
3 8
3 23
4 25
2 25
2 18
6 16
2 6
0 9
0 15
4 16
5 3
6 9
0 2
0 26
1 19
4 1
4 11
3 19
6 9
1 3
4 5
0 0
0 8
6 20
1 26
1 26
5 20
5 26
5 6
549 35

19 19
152
11 0
2 12
2 2
12 13
9 13
18 16
3 4
18 14
2 7
12 12
12 15
1 0
14 13
7 8
5 14
4 11
5 8
6 18
0 5
1 14
8 5
13 11
5 5
1 9
18 2
11 17
7 2
9 6
5 5
18 15
9 0
11 12
3 5
6 16
1 18
7 7
0 2
13 6
18 0
7 13
11 1
8 11
6 1
3 16
7 13
1 16
13 3
11 16
17 1
9 7
17 6
15 7
13 1
5 6
1 1
8 6
11 18
7 18
0 7
16 18
8 2
12 16
14 7
16 3
6 18
0 1
5 15
3 13
16 16
7 0
6 11
0 12
9 3
8 8
12 16
6 6
9 11
8 4
1 14
14 13
1 0
3 7
18 6
1 11
16 17
17 9
0 1
10 8
17 13
15 8
13 2
2 2
14 16
9 0
4 13
5 3
0 16
0 0
9 14
2 18
0 5
4 15
15 1
7 11
17 11
15 1
7 2
11 14
12 9
15 12
14 10
13 4
13 5
1 12
4 13
18 13
9 11
5 6
2 17
1 12
1 14
14 12
11 7
9 7
12 4
14 7
2 12
7 11
8 15
0 0
6 13
17 10
18 6
10 5
4 12
3 3
10 3
0 6
5 10
18 9
11 8
18 18
4 11
12 8
1 3
8 3
7 10
18 16
17 17
2 12
5 12
17 12
992 49

27 16
131
14 4
6 2
25 6
16 2
21 1
12 13
26 4
3 9
12 0
6 12
21 15
8 15
5 3
24 9
22 8
0 11
9 6
4 1
18 6
24 0
4 0
23 2
6 1
9 5
1 13
11 2
15 9
1 9
12 14
4 10
18 4
9 6
5 0
4 15
18 14
6 13
6 3
0 7
24 1
8 15
26 0
3 4
19 14
26 5
10 0
21 5
21 5
15 1
23 2
14 11
10 9
26 0
22 11
10 15
18 14
23 9
3 11
14 8
19 12
3 14
15 9
8 6
19 12
20 4
1 4
10 8
14 3
24 9
20 7
9 8
2 13
25 14
20 2
21 7
0 13
22 6
10 11
22 3
21 6
4 5
14 6
6 12
16 8
24 9
6 12
14 6
3 1
26 10
12 4
18 15
20 15
13 0
23 8
2 8
25 8
14 5
15 2
10 11
12 14
12 6
14 0
17 5
23 7
24 8
26 4
24 8
25 13
16 11
17 7
13 3
9 1
19 13
15 2
0 15
19 13
14 4
13 6
14 4
16 14
1 7
1 0
12 3
0 3
14 7
23 3
23 8
3 1
15 7
18 5
0 11
2 4
813 163

34 33
67
26 4
13 9
6 1
25 12
11 26
15 18
7 30
17 26
24 6
27 10
3 17
32 23
16 25
31 29
24 3
23 15
16 3
19 29
20 31
32 9
25 18
15 28
16 6
17 5
30 31
20 30
23 3
29 3
11 13
31 12
24 19
1 32
1 15
6 14
22 16
6 14
18 19
20 24
33 18
4 31
12 5
0 22
5 30
23 24
27 18
28 26
11 0
27 32
9 11
33 26
23 27
26 2
2 25
17 31
24 14
4 2
17 16
14 0
25 25
19 22
26 16
15 0
9 23
12 12
26 15
22 28
1 28
314 14

40 5
10
4 3
8 1
11 0
7 4
1 2
16 1
10 4
24 1
7 2
39 0
687 36

47 38
116
31 24
31 7
10 19
40 20
2 37
43 35
5 2
15 13
44 18
28 0
33 18
6 27
15 0
4 11
22 34
30 6
1 14
23 11
6 33
0 2
21 29
30 0
15 6
13 24
31 5
33 18
10 17
45 23
8 19
31 6
8 17
31 1
29 9
18 11
12 34
45 29
11 9
14 13
29 5
38 30
25 37
3 33
30 31
38 10
42 10
43 14
1 23
38 34
0 9
9 25
29 2
13 8
42 2
16 6
32 20
40 31
9 0
8 37
44 32
23 10
30 10
0 15
40 37
3 21
23 12
24 18
22 19
13 33
23 25
39 19
29 24
4 36
7 28
16 14
22 19
8 13
10 18
42 28
13 28
1 37
41 24
44 1
9 11
38 32
2 8
26 11
1 4
37 16
44 31
17 14
1 30
16 8
40 34
11 23
12 3
35 37
31 32
5 2
29 33
21 35
32 9
43 5
46 37
37 6
12 19
11 32
25 1
35 23
26 28
37 35
33 12
39 13
25 32
4 21
5 20
18 19
275 99

19 47
63
14 26
10 13
2 32
4 9
2 18
7 12
14 36
5 6
18 46
13 14
2 43
6 33
8 5
10 42
11 46
2 14
2 13
5 34
0 2
8 10
12 37
15 44
6 22
13 46
9 37
8 40
8 25
10 24
7 29
6 9
14 8
13 16
16 8
16 3
13 45
17 8
14 26
1 1
1 16
9 19
3 6
6 6
17 23
5 41
12 13
8 39
15 34
4 34
2 42
4 38
14 13
18 14
7 23
14 41
16 18
7 32
7 45
0 12
15 17
4 17
13 25
7 27
11 18
40 168

29 15
194
24 4
15 1
1 0
8 7
7 5
27 12
19 13
22 12
9 11
0 0
14 7
28 6
16 2
15 12
11 7
25 6
19 0
23 12
23 5
26 0
2 9
10 11
8 6
22 13
15 8
21 9
22 12
15 3
28 5
18 14
6 11
21 0
13 12
12 0
17 1
5 10
1 1
21 7
3 6
15 5
26 12
11 2
22 9
10 5
14 14
6 2
17 11
4 10
15 0
21 8
6 6
5 7
16 7
5 11
10 3
28 10
25 11
17 13
18 3
18 4
21 3
12 12
4 11
18 5
22 8
22 11
6 11
3 12
16 11
18 0
0 1
27 7
1 2
27 12
11 11
1 2
17 6
24 7
4 1
16 7
22 4
10 13
8 10
12 0
19 13
25 7
13 6
20 13
24 12
16 8
12 2
27 3
21 0
26 4
5 14
25 9
23 10
14 7
19 13
0 11
16 11
27 13
1 1
22 11
4 0
7 7
10 11
11 14
16 13
25 5
2 11
24 6
13 11
21 7
16 7
12 12
25 8
8 1
19 13
8 1
5 0
2 9
2 0
6 14
10 9
19 13
28 2
21 0
7 6
10 9
21 0
10 10
23 5
18 8
13 6
2 5
24 8
17 14
13 9
12 7
25 3
12 8
4 5
18 1
6 12
27 1
11 0
12 13
11 13
19 11
19 14
10 7
27 2
6 3
12 3
25 8
28 0
12 6
20 3
28 2
5 10
14 5
24 11
4 12
4 5
20 6
23 0
22 1
14 4
7 9
2 10
23 3
8 5
17 3
21 6
23 0
7 11
23 0
18 2
16 13
22 6
14 14
15 13
15 14
0 6
1 2
16 14
13 14
2 5
3 13
22 8
7 11
13 3
22 14
756 76

7 4
37
2 0
1 0
6 0
1 0
5 2
3 3
5 0
6 1
3 0
6 0
3 1
5 1
2 2
3 1
0 0
3 1
4 1
3 3
0 0
5 3
5 1
4 2
3 3
1 2
1 1
6 2
0 1
3 0
0 1
5 0
5 3
3 1
4 1
4 1
0 3
5 2
0 1
168 115

22 4
185
6 3
0 0
10 2
14 3
20 3
4 3
4 3
21 3
1 0
18 0
18 3
13 1
18 0
7 2
10 2
1 0
19 1
3 1
17 1
4 1
12 0
11 1
20 0
12 2
0 3
7 0
14 0
19 2
1 3
18 1
6 1
3 3
4 0
4 2
21 3
14 1
8 2
8 2
1 3
16 3
1 1
17 3
9 1
9 1
9 0
21 0
13 2
1 2
16 3
1 3
0 2
0 2
15 1
10 2
15 2
12 2
18 0
1 1
11 1
0 3
17 2
20 1
14 1
16 3
9 2
0 0
4 3
2 1
17 3
6 2
13 2
7 3
20 2
13 3
12 0
12 1
20 3
10 2
10 1
8 3
8 2
0 1
15 0
17 2
11 0
14 3
16 1
13 0
5 0
15 3
5 1
5 1
16 1
19 0
12 1
13 2
18 3
13 1
7 2
15 1
16 0
2 0
15 0
16 2
9 1
21 3
9 0
7 0
18 3
11 2
6 0
7 2
19 3
14 3
11 3
17 0
5 1
1 0
12 1
16 0
10 1
10 1
6 3
3 0
11 3
5 2
13 0
0 2
13 1
9 1
0 3
4 1
13 1
3 0
15 1
13 2
14 1
8 3
19 2
3 1
12 1
7 3
7 0
3 0
1 1
4 3
4 2
2 0
1 3
17 3
0 0
4 0
10 3
2 0
12 1
6 2
3 3
15 2
20 0
4 3
21 2
2 2
10 3
16 3
19 0
2 1
2 0
3 1
18 1
14 3
2 3
5 0
3 1
8 2
19 2
6 2
6 0
12 3
11 1
6 2
12 3
18 3
0 0
4 0
4 2
375 99

39 3
58
21 0
10 0
38 2
28 1
12 2
4 1
3 2
36 0
20 2
30 2
28 2
19 2
16 2
1 1
29 1
31 1
3 1
31 0
8 0
10 1
26 0
34 0
24 2
19 2
37 2
32 1
21 2
10 0
33 1
13 2
28 1
12 2
10 2
33 0
29 1
24 2
5 1
37 0
26 0
23 1
3 0
19 1
6 1
6 0
14 0
26 1
31 2
35 1
6 1
9 0
31 0
6 0
37 2
10 2
2 1
25 0
30 2
27 1
446 63

48 1
80
40 0
37 0
37 0
34 0
36 0
46 0
47 0
6 0
7 0
18 0
25 0
13 0
33 0
28 0
16 0
40 0
40 0
35 0
29 0
10 0
2 0
30 0
5 0
8 0
23 0
16 0
44 0
13 0
26 0
20 0
27 0
19 0
19 0
12 0
44 0
3 0
12 0
31 0
10 0
6 0
24 0
46 0
22 0
13 0
44 0
7 0
25 0
34 0
6 0
32 0
12 0
36 0
12 0
40 0
0 0
24 0
26 0
22 0
39 0
43 0
28 0
30 0
37 0
26 0
23 0
17 0
19 0
26 0
45 0
46 0
8 0
16 0
29 0
21 0
44 0
14 0
0 0
34 0
38 0
46 0
166 89

25 36
55
12 13
11 18
20 29
19 28
6 18
6 27
8 34
4 2
0 20
20 7
8 16
16 17
5 18
17 28
15 24
5 15
18 27
2 23
2 21
8 14
12 6
9 19
10 34
1 29
6 21
3 3
5 8
10 35
14 22
20 4
9 33
12 8
3 17
8 7
12 8
13 20
1 11
7 0
8 15
7 29
7 14
15 10
2 27
16 30
7 18
21 26
5 23
15 35
8 19
4 13
18 4
6 26
19 9
24 12
13 31
295 4
