50

60 22
91
16 21
11 19
30 12
0 0
34 1
1 13
12 14
59 20
50 6
6 12
34 19
46 19
6 16
38 20
56 11
7 2
31 0
5 7
17 5
16 10
26 9
36 7
53 9
33 3
57 11
41 21
20 3
18 10
4 1
46 6
54 4
52 7
44 1
45 21
44 6
29 21
1 17
24 1
47 7
6 4
55 15
52 11
40 19
57 17
55 19
2 5
38 2
20 3
37 10
30 4
53 21
54 20
9 8
3 16
0 14
46 8
37 4
59 4
13 13
37 12
46 6
58 1
45 18
24 14
21 18
8 16
52 5
34 16
35 13
23 15
17 10
10 8
59 16
29 18
14 19
30 10
0 1
22 4
33 16
39 21
18 21
34 14
19 18
13 17
8 19
32 18
59 19
45 1
35 19
35 12
19 9
10 6

17 32
21
13 28
12 7
5 15
2 17
2 18
8 1
14 6
7 26
10 24
13 8
7 13
2 26
3 7
2 16
15 2
16 22
10 28
5 2
10 30
11 24
11 29
2 2

45 54
104
21 38
32 47
10 32
42 27
36 50
24 5
19 46
1 4
26 8
30 41
28 9
38 46
34 8
39 16
19 39
6 18
23 11
42 6
26 23
3 37
17 5
8 17
23 1
37 22
5 12
24 36
1 45
39 34
43 33
11 24
19 13
22 18
1 38
35 23
34 7
35 35
25 0
38 27
9 14
6 38
6 45
8 49
37 1
17 42
10 13
32 49
31 52
10 30
34 26
26 35
33 23
15 27
18 45
11 15
15 9
44 15
37 0
11 28
26 33
15 20
38 16
7 19
18 18
42 50
6 30
1 14
16 26
12 30
34 52
1 10
35 45
20 3
11 40
28 29
28 22
25 1
5 9
44 40
20 7
26 10
7 29
13 3
22 7
2 6
19 46
31 42
44 48
13 53
9 16
29 8
22 2
3 44
10 31
2 51
7 7
39 25
8 28
32 37
33 29
13 51
35 22
4 8
21 11
16 8
6 4

26 76
152
25 40
2 5
13 71
16 25
23 42
21 41
2 27
25 50
18 45
3 10
8 6
21 41
8 27
13 18
3 37
10 19
12 4
5 53
15 14
20 25
12 43
25 5
10 67
24 7
10 25
12 56
9 10
16 51
24 73
20 33
6 38
4 66
13 9
2 50
0 28
12 51
18 14
16 21
6 45
20 10
0 8
25 67
20 8
11 12
5 3
9 70
1 3
6 9
25 3
21 61
9 58
1 18
15 59
12 7
17 52
13 37
23 0
7 43
2 31
11 43
3 20
11 47
20 18
4 0
1 4
4 32
20 61
18 11
22 29
7 22
20 2
19 8
0 42
21 45
22 75
10 42
5 53
21 52
18 53
11 54
13 29
23 55
5 36
0 15
2 58
18 18
7 22
11 12
4 48
0 63
19 40
7 13
25 45
25 24
22 57
1 32
21 11
4 75
10 61
18 12
11 31
3 62
3 1
22 73
13 60
22 33
20 48
12 15
9 35
3 65
20 42
17 2
2 30
2 60
21 26
10 22
12 48
4 63
25 19
0 67
11 24
19 39
10 34
21 48
10 0
18 58
4 59
15 74
12 48
5 75
21 36
7 49
24 7
7 54
2 2
7 52
5 3
14 58
17 17
17 11
15 6
1 7
17 40
2 63
13 12
15 44
13 71
25 73
8 10
6 2
12 65
22 29
10 2

49 42
15
35 13
15 10
31 13
8 36
43 4
32 15
14 36
5 27
47 24
18 18
0 24
34 6
43 4
42 3
7 7
1 1

83 43
89
50 1
26 3
77 27
71 22
55 39
28 24
7 16
70 29
38 41
59 19
1 23
40 4
1 21
38 34
27 21
82 6
34 8
5 17
49 17
63 10
41 24
25 37
47 1
63 19
27 22
0 42
71 38
57 29
11 41
69 12
15 31
23 21
49 29
61 31
58 5
46 31
49 6
75 34
42 25
33 15
42 9
15 24
0 26
31 14
68 3
52 3
23 16
80 23
73 20
34 33
64 6
8 12
19 21
20 10
76 26
68 34
12 21
58 25
41 0
72 27
30 12
31 26
43 25
54 17
51 34
60 24
29 31
7 29
54 4
32 10
40 11
17 5
67 27
44 3
18 12
37 27
65 20
34 0
13 24
20 39
67 11
55 25
39 35
9 35
79 32
64 2
59 14
5 16
80 26
7 2

34 16
118
33 1
5 7
32 6
4 10
11 9
3 9
5 5
14 11
10 13
6 10
30 0
2 12
28 8
28 1
3 6
33 12
6 14
32 14
28 4
14 1
22 9
33 8
12 14
5 7
1 5
29 8
2 15
28 12
24 1
17 12
3 12
21 12
26 15
32 5
6 9
23 1
6 14
14 13
13 5
7 8
24 1
0 0
22 0
2 3
15 10
11 15
21 2
0 4
11 13
27 3
31 11
5 15
8 3
3 1
18 1
29 8
8 14
9 10
11 6
4 4
1 13
1 10
27 2
18 12
14 5
20 13
13 12
1 7
31 7
2 7
22 10
12 10
10 10
19 7
14 10
14 8
25 11
7 14
6 1
7 8
13 3
33 10
5 9
33 1
18 8
22 1
33 11
17 3
5 13
29 2
24 12
10 11
32 2
16 12
15 4
12 8
9 0
11 5
8 11
25 9
29 4
25 11
9 5
23 7
33 8
14 14
23 14
4 15
15 15
14 14
4 7
7 10
23 6
29 13
21 12
33 5
28 11
25 6
4 2

3 34
102
0 9
0 11
2 29
0 7
2 0
0 20
1 0
2 22
0 23
2 27
0 20
1 2
1 21
2 30
0 20
1 13
2 23
2 16
1 26
0 5
2 18
1 17
1 9
1 4
0 5
1 3
0 4
2 4
2 30
0 7
1 25
0 1
1 16
2 9
0 15
2 2
1 27
1 24
2 16
2 13
2 11
0 11
2 20
2 5
2 23
1 12
1 32
1 3
2 19
2 32
1 7
1 12
2 25
1 2
0 10
1 23
2 7
0 29
0 13
0 27
1 10
2 31
0 13
0 9
1 1
0 4
0 20
1 13
2 20
1 32
0 22
0 27
1 27
1 11
0 24
0 0
2 14
0 21
2 29
0 31
1 33
1 33
1 0
1 30
2 2
1 32
0 8
1 15
1 29
0 24
2 21
1 33
0 17
2 0
2 5
2 29
1 19
1 0
0 3
2 7
1 28
0 0
1 1

80 23
52
2 3
77 17
5 22
28 7
4 3
15 4
30 19
3 10
25 13
24 22
50 19
7 10
4 19
60 15
26 5
78 17
33 22
73 14
39 2
40 5
20 1
16 19
1 17
77 4
14 22
57 8
9 18
68 17
73 8
8 7
33 6
46 10
44 4
29 14
18 13
33 20
58 13
5 22
34 21
16 4
31 5
53 18
45 6
30 8
35 19
17 8
40 0
24 15
44 22
22 16
46 16
22 20
7 6

86 20
56
23 5
7 15
56 3
25 7
77 18
53 0
79 9
33 8
59 8
52 10
31 9
68 7
32 18
0 11
67 15
10 11
85 9
51 0
61 15
13 3
45 18
46 15
62 1
68 5
70 15
71 7
33 9
30 5
5 11
19 19
12 7
80 8
64 14
48 16
72 2
35 11
22 12
28 1
61 6
59 3
8 8
51 9
59 8
24 10
44 1
35 4
30 10
82 5
46 15
22 12
58 1
14 6
76 3
37 4
64 5
49 12
10 3

68 49
158
28 39
13 32
40 20
4 5
26 12
4 32
3 47
53 3
1 30
24 45
14 17
11 48
56 3
49 28
15 25
58 10
38 30
54 20
61 8
43 34
34 6
40 14
61 13
22 4
12 22
25 30
48 5
39 15
29 30
55 2
52 14
45 26
25 30
37 18
20 27
60 0
26 27
5 27
4 17
57 16
11 18
42 13
26 45
7 36
65 6
56 8
9 32
61 29
21 13
49 44
31 0
63 0
46 42
60 2
60 23
27 23
55 8
30 0
9 26
66 30
14 39
19 18
24 6
36 6
58 42
47 48
30 6
26 10
4 32
27 21
35 13
56 25
23 1
47 2
27 41
59 19
51 32
35 21
25 29
67 43
57 36
12 39
44 22
47 1
32 40
35 12
46 18
14 28
42 31
66 42
37 19
27 24
23 9
31 5
37 23
48 0
25 42
54 10
41 23
15 34
7 2
34 0
57 28
27 45
30 41
39 12
67 12
67 2
11 18
51 4
58 24
38 28
1 1
67 28
57 13
17 3
47 0
44 42
46 34
50 9
22 1
1 8
28 24
41 0
18 5
40 37
57 27
45 4
61 25
23 20
50 20
2 13
62 24
7 45
43 26
35 31
60 17
65 33
20 38
62 36
31 10
42 20
34 46
45 7
62 47
64 12
10 10
55 2
18 39
1 43
54 23
11 20
35 29
32 22
3 47
65 33
57 33
46 47
5 3

95 14
114
4 0
4 12
88 10
77 4
35 7
90 13
20 12
45 6
52 1
32 12
82 3
36 0
41 5
87 12
12 6
37 4
36 9
36 5
17 6
78 9
67 6
29 10
20 11
69 2
93 3
77 2
91 8
30 8
83 10
9 1
25 2
5 6
90 2
70 9
31 13
87 1
17 3
72 3
17 2
90 7
39 0
52 10
28 5
27 11
92 1
78 0
16 7
94 0
29 3
49 9
51 2
1 9
15 5
15 11
58 3
17 0
85 12
19 7
75 5
18 5
2 0
37 4
70 7
47 13
52 1
52 7
54 8
46 4
64 0
40 0
84 7
39 8
19 4
47 1
71 3
18 10
60 1
57 2
48 6
50 3
50 5
72 13
39 4
64 10
48 5
74 12
80 9
3 7
9 6
86 4
11 2
24 2
85 7
37 7
45 10
48 6
67 12
47 0
33 12
92 9
94 0
2 11
81 4
32 5
56 8
14 8
43 0
35 0
67 7
35 4
92 1
89 1
33 2
85 3
2 1

18 100
82
5 19
16 91
16 96
3 45
3 2
17 79
13 94
9 33
2 90
6 34
1 21
10 8
14 81
16 87
5 98
7 15
10 14
8 36
3 0
8 30
4 38
11 42
15 58
10 0
13 99
6 42
5 28
14 87
17 42
3 98
7 45
6 93
5 92
7 85
2 49
12 55
13 3
15 69
17 84
6 94
5 42
10 98
12 76
16 40
14 9
10 27
6 50
17 3
14 82
12 99
7 42
12 87
2 6
3 2
0 25
0 91
5 18
14 51
1 94
5 0
13 90
4 79
9 97
13 4
4 50
10 77
16 46
17 45
3 93
8 67
6 56
12 55
2 73
9 13
12 45
13 18
15 15
15 79
3 66
7 53
6 78
0 70
10 9

25 43
166
11 22
9 39
19 12
17 42
24 7
21 14
22 13
13 16
21 37
19 3
0 36
21 14
23 34
11 36
2 28
19 26
4 2
3 33
15 11
23 23
18 39
24 16
4 35
13 39
1 14
5 17
21 29
13 40
5 12
21 7
3 36
8 9
7 4
13 22
11 42
20 37
22 6
6 13
15 24
18 5
23 22
3 9
20 19
7 38
24 4
14 22
18 0
3 42
16 21
13 13
20 2
0 32
11 14
20 36
23 6
22 36
13 36
4 31
9 26
1 39
5 19
8 14
19 9
19 21
1 40
8 10
8 34
19 11
17 26
15 21
13 31
10 41
12 2
24 15
2 16
4 34
14 13
7 32
12 28
18 7
18 4
12 27
9 23
16 1
15 23
2 6
10 22
18 34
13 6
15 38
16 34
9 19
2 31
23 0
6 6
1 42
16 32
18 17
20 3
24 17
14 17
16 36
17 30
15 32
2 40
9 34
21 26
0 30
14 35
3 1
3 6
1 15
17 22
3 28
16 14
15 16
12 2
18 23
6 17
21 37
7 12
13 5
1 31
12 33
1 36
21 22
4 28
13 32
21 14
13 0
24 7
12 9
3 8
1 33
21 30
22 2
20 11
11 17
21 16
12 35
19 7
22 23
4 9
5 41
6 5
8 34
7 7
17 2
18 40
24 6
21 21
14 20
0 3
21 33
24 11
20 30
20 10
7 11
16 9
6 37
6 15
1 36
5 19
11 26
16 37
21 3
8 1

11 94
19
8 80
8 6
2 87
5 36
0 47
3 29
9 74
2 36
5 72
1 88
8 62
9 35
3 2
9 82
3 41
9 16
10 13
3 78
10 28
9 8

79 91
84
3 90
37 88
32 90
30 27
71 3
52 53
31 61
43 45
73 28
69 7
0 19
17 69
76 42
24 51
18 66
5 21
67 15
71 34
63 38
58 27
13 18
19 72
17 79
51 76
0 55
13 85
45 3
70 21
34 62
5 27
46 56
49 83
24 89
20 3
56 28
15 18
29 90
70 47
57 35
9 14
48 58
57 35
48 68
65 2
76 72
24 87
15 26
76 65
27 27
25 6
48 8
6 52
68 24
64 11
56 19
11 76
7 86
65 49
7 72
74 47
24 59
43 66
27 27
68 28
72 52
41 71
8 25
20 25
9 55
26 61
77 7
3 43
38 22
52 21
42 66
53 7
59 82
75 3
8 88
2 77
3 45
41 37
1 55
19 4
3 3

14 84
76
6 33
9 29
1 34
8 30
0 73
0 50
8 34
1 64
1 30
8 13
2 49
3 14
6 18
7 32
10 34
10 41
7 17
3 19
8 32
13 71
13 17
10 50
7 45
4 56
9 59
13 5
8 8
11 16
0 10
3 43
7 5
2 17
7 54
10 26
3 47
8 8
4 63
3 21
4 34
2 78
4 48
5 79
6 74
6 33
13 5
11 38
12 4
10 33
10 2
9 47
3 29
1 17
0 44
0 32
1 79
6 17
13 75
4 48
2 57
10 20
13 4
5 10
7 6
3 73
9 22
0 33
8 77
7 66
2 9
12 11
4 33
13 66
5 30
2 28
0 3
1 19
7 7

47 58
98
19 47
39 7
11 35
17 6
28 52
7 17
34 52
43 33
1 0
32 50
21 8
26 35
23 50
39 51
14 56
18 35
0 42
8 35
7 2
28 18
32 43
12 44
16 46
17 44
5 2
42 56
18 55
10 39
27 37
25 8
38 20
13 31
6 1
0 19
0 40
23 36
11 21
2 53
7 47
33 14
32 26
15 33
27 49
39 40
29 9
29 20
45 22
8 3
35 5
8 7
7 54
31 51
41 32
9 14
40 8
10 10
31 11
18 8
41 40
18 26
37 24
27 51
27 37
32 31
7 37
30 43
46 48
26 43
8 38
1 38
24 13
14 32
27 26
45 43
29 12
26 38
9 42
9 40
13 41
9 16
33 47
1 17
34 17
27 11
35 9
32 34
23 8
39 31
45 12
31 4
35 6
12 44
16 29
36 3
17 54
34 7
23 9
9 52
6 4

46 63
104
24 2
36 48
21 33
42 21
21 44
7 25
4 34
29 4
38 42
35 45
40 16
9 11
27 60
20 57
10 46
30 19
3 47
16 1
27 46
29 43
9 51
34 32
23 22
2 8
7 60
36 34
27 22
2 17
18 11
31 11
15 33
39 32
40 9
10 41
35 54
25 44
26 10
21 28
25 36
32 11
41 50
10 57
12 49
31 2
41 51
36 27
14 3
40 15
33 6
45 9
18 7
45 26
32 8
4 25
4 32
30 20
18 24
43 20
28 33
38 47
10 49
38 11
15 49
11 62
17 58
33 42
7 12
7 33
6 62
9 18
34 16
2 21
32 47
10 48
0 52
34 45
19 36
31 2
37 47
16 34
8 60
26 9
4 15
13 12
33 47
16 32
33 32
3 56
30 17
5 50
45 54
2 41
45 53
21 30
11 18
33 10
16 53
36 13
44 5
36 54
39 47
35 22
29 17
6 39
5 1

11 41
59
4 7
8 5
9 28
9 35
7 40
6 37
3 30
4 30
5 9
3 11
1 4
2 37
6 40
3 0
10 13
6 14
9 9
9 27
10 0
1 10
3 19
2 18
0 9
2 34
8 17
8 20
10 33
4 33
9 3
9 39
3 28
9 10
4 3
1 28
8 26
1 9
0 27
4 31
10 0
3 26
5 2
9 29
0 22
10 11
5 7
3 34
9 22
7 3
0 12
6 5
4 25
10 30
9 1
1 24
6 18
3 15
3 10
4 3
7 6
4 4

54 15
76
21 7
41 12
1 7
43 14
5 6
35 12
31 14
52 9
9 10
35 5
28 9
47 8
47 6
25 13
23 12
11 10
4 2
27 13
45 11
18 6
8 11
33 13
36 1
0 11
20 1
4 4
44 0
35 8
17 2
50 11
34 0
30 9
33 10
26 5
14 10
18 9
0 12
31 14
33 5
27 13
1 7
30 4
4 7
44 14
47 2
4 5
31 10
37 9
6 11
44 10
10 8
16 14
20 8
8 4
40 0
4 11
7 11
34 0
3 14
43 7
29 12
42 3
38 11
25 5
15 0
32 0
25 12
46 7
43 6
42 12
23 1
31 12
0 7
34 7
25 8
44 7
11 6

76 27
165
16 23
40 11
74 8
71 7
38 5
66 26
36 24
1 14
5 26
71 11
12 15
27 15
0 20
45 23
35 6
10 19
6 24
19 8
9 24
26 15
37 23
71 8
70 0
34 1
60 2
47 7
10 19
43 12
60 19
34 12
1 25
6 23
51 0
9 2
44 14
67 5
44 10
56 12
71 11
37 19
66 12
70 24
53 20
32 14
25 5
72 18
40 4
14 16
45 19
6 22
58 26
38 0
33 12
43 12
49 13
29 18
18 18
27 8
3 10
37 24
43 6
64 3
56 3
1 14
75 6
71 16
40 16
36 20
54 17
4 6
44 19
65 12
3 18
14 10
57 26
69 16
2 26
65 12
9 6
35 12
13 10
50 26
23 6
40 18
17 13
21 20
11 26
3 4
58 3
23 4
32 23
20 19
10 25
12 23
4 0
40 10
60 18
37 9
15 26
66 16
30 23
13 21
2 16
18 7
24 17
10 20
43 24
12 15
28 18
0 17
12 11
17 0
51 1
39 16
66 1
34 1
63 12
3 13
75 3
54 17
20 24
65 3
73 26
14 11
8 16
15 11
74 16
5 22
9 0
7 22
40 9
21 6
47 19
51 25
57 6
40 11
68 25
43 16
15 8
58 22
3 26
56 14
38 6
56 3
31 24
18 7
18 20
55 15
75 12
21 7
55 12
55 0
53 21
29 15
18 3
22 17
51 2
55 24
69 20
50 20
39 17
45 14
43 6
34 17
33 17
10 7

48 18
1
39 10
1 1

52 16
67
21 1
44 3
2 13
50 2
30 14
12 8
17 14
11 0
43 15
7 4
32 0
48 5
21 2
26 4
29 3
26 11
6 13
49 4
12 0
4 0
51 8
17 4
20 8
50 5
3 11
50 2
14 5
41 5
9 3
39 8
14 11
32 6
34 6
7 7
19 3
8 8
11 7
11 9
6 12
27 14
1 10
1 12
21 1
16 2
21 3
8 7
46 11
36 9
7 4
4 14
1 10
19 1
22 2
13 14
34 6
49 12
5 0
13 0
25 14
45 2
11 13
1 6
5 3
49 8
41 8
10 0
23 5
5 4

85 35
127
3 9
23 24
69 13
84 0
27 27
25 34
81 5
51 22
8 28
46 29
62 21
4 8
31 31
22 28
32 6
73 7
11 32
50 31
31 7
42 14
57 7
58 10
2 31
2 33
43 0
65 12
24 31
78 28
37 28
60 26
10 19
12 9
12 29
37 19
7 30
44 22
31 32
30 20
23 8
84 24
56 1
24 9
47 5
2 16
46 32
42 25
27 15
35 5
19 14
77 17
55 16
78 21
11 12
31 3
54 1
17 26
19 28
66 21
73 16
61 27
28 16
19 17
17 3
6 5
24 26
73 6
54 20
73 12
50 16
73 23
44 19
54 16
24 30
29 6
28 13
42 16
47 33
6 2
54 33
53 24
32 9
49 9
49 6
1 16
67 6
53 4
20 2
65 10
39 1
49 25
34 8
71 10
2 3
44 21
8 13
70 13
24 26
22 17
21 18
56 14
64 33
23 22
32 22
42 31
79 21
55 0
53 4
69 11
21 30
5 17
4 2
82 10
22 20
58 2
55 2
8 14
55 13
46 16
51 30
0 32
52 30
75 25
30 32
8 2
22 30
3 5
11 13
8 1

6 99
162
5 35
3 57
2 86
4 27
1 10
1 44
2 8
1 87
0 25
0 53
2 61
0 62
4 98
0 54
2 24
3 10
0 59
1 9
4 86
3 43
3 9
2 9
1 14
2 47
1 20
3 43
0 87
2 58
0 51
0 90
4 33
0 1
3 10
3 22
1 27
2 21
3 23
5 21
0 83
0 28
2 23
2 86
5 2
0 28
2 87
2 97
2 0
5 40
4 58
3 84
4 14
1 68
0 38
2 72
1 87
2 18
0 11
0 20
1 17
1 72
5 29
4 77
5 69
5 15
0 90
3 86
0 91
2 50
1 48
2 20
4 63
5 94
5 26
3 24
1 30
4 72
0 40
5 17
1 10
0 9
3 78
4 31
5 33
4 20
3 96
0 1
0 40
2 77
5 65
4 42
3 80
3 6
1 69
2 23
4 82
5 7
5 78
3 25
0 7
2 17
2 80
4 47
4 64
2 46
3 97
2 4
1 23
1 80
2 39
1 50
4 18
1 0
3 41
2 87
0 21
0 34
3 2
3 26
0 69
0 64
2 9
5 33
4 28
3 35
2 83
1 96
4 34
3 11
1 7
1 3
3 54
4 25
2 85
3 61
1 21
1 7
5 71
2 71
3 57
2 62
3 98
2 6
5 39
2 45
0 11
5 2
3 28
4 78
0 16
4 61
1 87
0 74
3 71
3 18
0 20
3 34
0 69
0 50
2 79
3 18
5 94
3 90
4 4

16 3
48
11 0
0 0
9 0
2 1
6 0
3 0
15 2
3 2
1 2
13 0
11 2
12 2
12 0
7 2
13 2
1 1
14 1
11 1
1 2
1 2
15 1
8 0
4 0
15 0
12 1
13 2
0 0
3 2
5 1
8 1
8 0
12 1
7 0
11 1
9 2
6 1
9 0
15 2
6 0
9 0
6 0
11 2
7 2
9 1
12 1
9 1
13 1
2 0
3 3

49 84
124
40 61
24 27
43 5
32 52
26 29
1 25
0 17
17 11
22 28
14 19
5 69
1 23
33 51
20 19
40 41
30 42
4 4
0 15
15 27
20 20
39 29
11 34
27 70
35 73
27 25
14 3
48 73
24 20
8 53
8 52
6 6
27 1
46 26
25 67
24 73
20 13
24 40
13 80
44 72
11 62
20 18
22 79
40 76
15 52
13 23
26 62
31 2
7 43
6 60
35 68
34 42
20 83
18 70
44 36
47 69
36 82
2 16
2 0
39 45
44 66
3 5
27 43
28 58
28 75
19 68
41 36
4 66
6 47
39 0
32 49
23 40
15 44
2 28
18 51
39 79
7 20
16 71
17 76
14 33
14 23
48 2
38 82
4 8
34 16
43 45
42 65
36 18
19 76
15 67
14 55
32 7
16 23
5 24
21 50
2 51
21 17
15 62
29 74
47 61
8 57
23 11
7 58
24 56
4 55
18 65
7 24
12 73
46 48
15 14
32 83
45 80
6 45
33 79
39 55
39 5
12 1
40 25
5 67
14 47
35 73
9 38
33 5
40 10
37 67
5 2

96 91
93
3 8
44 86
17 56
80 81
77 1
48 38
42 17
58 48
2 74
95 89
2 17
75 68
59 72
80 79
14 31
87 62
15 14
40 79
4 74
69 7
37 11
42 68
86 37
10 15
24 7
3 4
17 41
14 81
70 88
69 77
33 50
43 83
80 57
66 65
52 1
52 33
59 65
3 0
60 9
58 35
48 0
22 66
39 86
8 0
5 49
53 38
30 20
70 21
11 28
0 81
15 23
63 41
71 48
65 73
14 46
92 15
60 76
39 81
8 17
23 24
83 0
50 30
39 76
54 35
21 56
34 17
45 28
26 84
75 70
93 68
8 63
74 35
66 86
89 2
30 55
1 31
82 14
29 57
94 9
18 66
3 38
20 60
8 56
34 68
86 89
1 12
63 84
54 19
52 73
65 67
36 36
33 28
54 47
10 6

79 21
5
26 20
28 19
54 2
68 16
70 16
10 8

80 29
67
37 28
65 10
77 1
71 25
60 27
45 25
72 14
4 4
59 12
56 10
74 28
59 27
27 27
35 25
78 11
18 4
2 15
0 11
51 25
38 28
26 16
77 24
25 12
50 12
35 26
45 23
20 18
12 10
78 6
10 15
32 14
77 26
78 2
38 9
33 20
67 12
13 28
45 27
14 20
59 5
77 16
37 2
43 19
24 5
41 24
27 27
29 12
3 21
76 14
79 11
30 20
4 14
69 4
70 3
40 16
15 10
14 5
9 14
54 12
43 1
56 12
39 22
44 9
8 4
40 22
34 18
58 23
7 4

99 99
84
0 25
44 38
36 35
19 43
0 47
90 20
1 81
33 10
87 36
44 6
55 51
62 95
21 16
28 53
65 82
3 91
89 92
74 35
1 26
91 33
78 21
0 92
31 18
43 0
83 80
4 51
35 10
37 46
96 57
13 40
18 75
3 25
31 4
22 30
75 74
95 77
13 84
72 22
0 66
10 44
90 61
46 35
82 15
0 91
63 55
54 61
90 88
22 53
71 87
29 45
1 91
67 82
31 34
98 72
9 65
26 34
50 59
73 8
23 91
31 94
34 50
31 12
5 57
57 68
83 8
37 90
44 6
62 10
32 71
20 14
22 49
4 49
23 44
88 71
87 21
34 35
76 36
55 80
60 90
67 87
26 6
39 45
56 6
47 36
8 6

29 49
9
15 27
13 3
21 1
9 40
20 11
19 26
17 15
4 38
19 36
8 3

42 99
147
4 41
23 4
34 56
19 93
35 70
22 18
39 28
10 65
23 27
0 8
34 17
22 45
29 8
26 66
25 23
5 57
6 5
21 20
32 67
17 63
12 62
16 61
30 89
20 34
28 76
28 57
28 34
29 18
40 0
16 33
10 23
10 79
11 54
3 85
5 40
36 30
15 92
26 22
14 2
17 14
0 78
8 68
28 21
38 46
24 81
36 69
21 22
32 12
2 93
26 61
33 24
18 16
34 5
11 24
39 37
39 67
26 4
34 5
7 8
37 71
17 85
18 48
9 80
6 89
38 23
37 83
18 63
8 83
12 46
22 88
25 54
34 72
23 52
21 34
34 62
24 32
27 28
13 13
1 68
9 25
28 5
5 77
6 64
19 12
36 77
35 71
14 23
37 73
27 26
32 29
13 15
40 40
31 25
0 49
6 1
3 25
27 91
39 73
5 1
0 14
40 29
16 49
7 47
36 19
18 35
13 96
10 25
39 6
22 44
18 74
35 52
21 93
14 52
23 77
1 86
23 72
12 48
27 55
30 93
30 71
13 10
8 67
5 20
11 19
38 67
2 71
21 28
23 78
23 35
41 40
38 57
40 57
16 23
21 72
29 20
13 78
17 0
39 20
11 1
18 72
36 79
14 34
7 94
36 70
41 86
7 96
14 73
4 1

99 35
155
83 6
87 3
49 33
28 0
94 12
28 23
9 7
47 13
22 30
76 6
96 18
3 13
26 8
93 27
85 21
12 5
48 6
4 20
42 14
44 26
51 16
29 11
66 13
93 5
43 20
47 5
0 1
13 0
79 21
72 18
51 1
52 8
21 17
90 11
86 13
69 28
11 28
79 2
32 7
95 25
44 8
50 21
92 30
31 27
64 5
50 18
31 19
53 12
95 0
96 26
61 11
62 2
72 29
70 34
79 27
34 13
16 30
51 0
71 29
43 30
68 11
20 4
71 28
58 1
33 28
52 27
26 13
88 5
35 3
60 32
22 28
49 2
48 19
67 12
78 34
24 12
40 23
50 29
81 6
3 12
48 0
69 24
18 15
21 34
86 32
53 25
78 30
95 23
94 15
64 20
29 26
9 11
5 2
21 6
34 24
35 22
91 2
44 4
62 14
6 3
1 22
14 31
41 3
89 2
32 19
21 27
48 9
26 6
48 31
3 5
6 9
59 33
89 10
73 6
86 25
79 2
60 15
35 22
10 0
4 23
80 30
48 31
59 7
79 34
29 5
34 32
31 0
29 6
74 30
46 24
71 2
53 13
33 25
38 27
17 26
63 6
21 2
17 27
87 24
98 10
80 11
15 11
36 5
17 13
70 34
25 1
65 2
17 34
55 9
51 9
24 23
12 18
29 28
77 14
87 0
11 11

3 54
43
1 12
0 24
2 10
1 18
1 11
1 49
0 6
2 37
1 3
1 24
1 48
0 41
0 47
1 35
1 49
0 8
2 32
2 23
1 28
0 11
2 27
0 42
0 11
2 38
2 28
0 23
0 26
0 40
1 15
1 45
2 53
2 25
2 22
0 17
1 51
0 10
1 37
2 22
0 12
0 19
2 51
0 25
0 16
8 2

89 83
30
16 17
50 17
49 27
9 53
78 73
10 61
28 48
38 24
54 37
32 77
71 57
25 15
10 55
25 3
44 76
76 78
49 54
62 30
32 52
18 74
79 16
20 37
49 71
88 34
84 35
55 50
33 11
31 63
23 27
87 4
9 7

50 43
33
49 16
46 27
26 32
7 36
15 34
27 33
47 8
3 35
16 26
32 9
27 20
26 21
14 22
40 31
35 21
23 18
25 29
8 5
41 15
44 10
15 1
48 19
23 18
33 27
42 37
15 29
14 23
10 7
28 27
10 9
2 42
7 33
9 0
5 4

95 15
69
46 9
53 7
69 14
30 14
4 1
20 6
6 8
23 9
76 11
85 0
32 8
41 5
59 13
45 7
67 6
76 0
20 14
13 12
9 5
21 5
9 7
16 1
80 8
62 9
17 6
11 3
25 9
3 13
74 4
5 8
20 0
54 3
65 10
46 1
93 13
17 9
79 1
65 5
43 9
89 13
65 13
76 1
19 7
61 14
8 4
77 0
41 14
55 14
66 4
74 10
76 1
14 8
89 10
12 4
94 5
41 14
28 6
73 6
34 10
67 14
60 2
44 7
8 7
48 7
9 1
73 9
74 3
22 14
63 4
11 7

10 26
76
2 24
0 13
7 24
9 5
3 20
8 21
5 1
3 0
7 7
0 21
1 23
8 8
3 18
1 10
8 12
6 4
0 9
0 22
0 8
1 22
1 21
8 19
8 2
2 13
3 1
9 1
1 19
6 12
3 24
5 14
2 12
4 4
7 6
6 19
8 11
3 9
6 22
3 25
4 21
9 6
8 20
5 6
2 4
8 15
9 8
5 12
4 16
9 19
4 22
6 5
7 6
4 16
7 17
0 23
4 16
4 2
4 6
9 4
7 12
6 9
4 9
2 6
6 5
0 4
4 5
4 10
6 1
9 22
1 22
7 20
0 4
1 22
4 23
9 10
2 3
8 3
7 1

59 12
95
46 3
27 4
2 3
23 6
25 2
10 8
54 0
12 0
28 7
32 3
58 0
10 4
42 4
22 9
6 4
50 5
25 8
11 11
43 7
8 3
48 9
12 11
21 1
22 10
53 5
36 1
57 3
46 5
52 4
57 1
44 4
48 11
20 2
54 2
47 1
52 4
6 4
9 0
55 1
3 6
24 11
21 3
26 8
37 1
0 6
3 4
57 0
42 6
3 3
27 6
27 5
16 2
2 3
20 10
42 1
34 7
40 4
38 9
30 5
8 9
11 10
22 3
6 9
37 10
14 5
45 5
9 0
37 5
0 4
14 5
25 10
51 6
29 2
33 0
6 11
36 4
26 3
0 10
31 9
34 11
24 7
45 4
43 7
41 11
27 8
41 1
4 7
2 1
15 10
44 5
6 10
18 1
0 7
54 6
6 6
11 2

35 14
151
12 7
22 2
26 3
7 1
29 1
33 1
21 5
33 4
8 7
7 10
17 6
12 0
8 9
25 9
27 0
13 10
19 5
1 7
6 11
31 4
24 12
5 7
11 4
1 10
10 8
21 7
25 4
1 8
28 7
6 13
27 13
8 1
0 12
24 11
29 1
30 8
18 12
25 13
16 3
15 0
14 6
30 12
6 3
17 1
19 0
24 13
25 7
28 5
10 9
27 13
5 4
30 11
30 3
8 4
13 7
19 1
18 3
24 13
15 4
8 10
6 8
7 8
1 4
18 4
22 10
16 4
32 5
27 12
8 8
32 13
18 0
20 0
5 4
12 1
8 4
28 11
11 5
13 8
10 4
8 12
18 2
9 4
33 2
5 4
7 8
19 8
29 10
9 6
29 5
9 0
13 7
25 5
20 11
17 5
4 7
8 0
30 10
1 9
30 11
0 7
28 12
25 13
17 11
0 4
14 7
34 6
24 5
15 1
26 1
27 11
31 8
14 6
9 8
10 9
33 11
13 10
19 13
34 13
16 2
26 3
9 2
24 0
5 12
25 7
26 5
21 2
19 5
0 4
1 4
18 0
6 2
26 12
25 1
29 6
3 11
17 4
5 10
6 5
9 3
10 11
2 12
22 4
20 3
31 2
8 6
16 9
6 13
27 13
8 9
1 9
19 5
4 1

69 2
134
52 1
29 0
62 1
19 0
13 0
41 1
26 1
67 0
7 0
10 1
48 1
46 0
58 1
31 1
40 0
14 1
19 0
61 0
21 0
59 1
12 0
45 0
60 0
1 1
43 1
15 0
23 0
58 0
46 0
33 1
17 0
32 1
23 1
33 0
25 0
31 1
66 0
20 0
50 0
19 0
52 1
58 1
43 1
22 1
66 1
15 1
26 1
35 1
4 1
28 0
6 1
8 1
41 0
45 0
24 1
57 1
60 0
64 0
14 0
56 0
40 1
16 0
15 0
52 0
8 0
8 0
9 1
49 1
33 0
32 0
8 0
42 1
38 0
49 0
16 1
26 0
59 0
2 0
33 1
3 1
45 0
10 1
47 1
60 0
26 0
29 1
18 1
24 1
21 1
36 1
6 0
16 0
26 1
34 0
8 1
25 0
63 0
56 1
11 1
11 0
43 1
14 1
21 0
41 0
23 1
20 1
57 1
8 0
41 0
24 1
52 1
25 1
44 1
50 0
54 1
14 1
59 1
3 0
6 1
68 1
30 1
36 1
67 0
49 0
50 1
30 1
7 1
64 0
30 1
54 1
39 0
34 0
24 1
63 0
4 1

22 29
157
9 22
20 13
1 28
5 13
12 28
1 3
5 20
7 7
10 0
2 15
8 14
19 13
19 17
14 13
17 12
18 8
9 13
5 6
11 7
21 7
3 16
12 25
16 3
20 2
21 15
3 9
13 2
21 16
5 22
3 12
19 15
3 0
15 25
4 18
14 20
4 25
16 20
2 28
4 16
3 0
8 18
9 0
15 19
7 16
0 19
17 22
20 3
1 14
20 11
21 5
17 21
4 22
18 22
7 20
21 26
4 10
17 16
20 23
16 1
2 22
3 26
6 4
10 19
14 11
17 2
6 19
6 28
18 15
0 23
21 10
17 6
6 5
18 21
10 19
17 9
14 18
7 21
16 24
11 12
0 1
15 20
19 4
16 25
0 17
21 25
17 17
0 26
11 22
21 27
8 8
19 11
0 19
16 3
3 20
3 11
0 16
5 14
17 8
20 13
8 19
17 10
7 23
11 22
4 13
14 11
8 10
1 7
18 13
15 16
11 13
20 23
13 26
14 14
19 25
16 24
11 6
9 2
1 14
19 8
1 25
3 28
9 22
4 25
10 12
6 23
0 26
5 10
16 5
5 22
20 9
5 8
13 15
13 0
16 9
12 19
7 15
3 21
16 15
9 14
19 13
21 18
3 4
21 13
19 25
2 6
0 19
19 19
11 10
15 8
7 15
4 3
12 4
6 0
2 11
14 8
11 6
7 6
8 1

81 4
80
36 0
72 0
34 2
10 3
39 0
46 0
4 3
7 2
65 0
42 2
43 3
20 3
67 1
67 0
10 2
14 1
55 2
55 3
52 1
37 1
54 1
17 0
7 0
70 1
6 1
9 1
1 2
43 1
28 0
68 0
80 2
72 2
54 3
14 2
8 3
28 3
67 2
46 1
46 3
77 0
65 3
17 3
9 1
51 3
77 1
21 2
57 1
68 3
6 1
61 3
2 3
48 1
43 3
4 1
23 1
73 2
1 1
19 2
36 3
13 3
56 1
2 0
7 2
74 0
25 3
79 3
32 1
52 3
29 0
24 3
6 1
68 3
63 0
66 1
56 1
66 2
40 0
27 2
79 1
59 3
2 1

23 45
83
14 43
12 1
19 44
22 34
3 24
16 36
15 19
0 40
15 2
15 41
19 40
9 2
18 7
15 5
8 36
18 14
10 10
21 30
15 7
15 23
10 43
19 32
21 27
14 20
22 5
14 25
19 10
17 44
9 41
0 39
0 17
16 43
15 38
12 29
7 28
11 0
0 18
20 30
1 25
17 9
7 3
3 19
0 18
22 37
20 38
5 13
14 33
21 43
21 38
10 24
7 29
7 2
15 24
12 1
15 17
20 21
9 6
13 28
20 13
4 43
16 39
14 36
10 30
10 4
20 21
11 16
4 22
9 22
3 15
6 31
12 23
12 13
11 31
9 3
21 34
13 27
5 0
10 34
17 29
11 8
2 10
0 41
11 36
6 2

91 20
55
19 13
40 12
24 6
38 15
12 13
12 2
59 4
47 18
89 15
53 8
45 15
11 6
36 15
56 6
89 12
44 6
9 6
22 11
34 15
24 11
88 12
34 19
25 18
51 10
29 15
19 12
88 9
8 10
65 0
55 13
62 2
52 7
15 7
43 10
84 13
58 6
9 13
50 18
85 18
4 10
47 18
42 18
52 13
11 13
32 11
84 2
42 2
85 8
68 14
30 14
72 10
12 15
49 4
27 8
82 16
10 1

15 10
34
1 4
8 6
11 5
6 1
13 1
2 6
2 8
9 2
0 7
3 8
2 1
3 4
11 8
11 4
13 8
7 3
5 7
9 3
7 5
1 1
6 0
2 8
7 3
10 0
11 2
3 0
3 9
9 2
7 9
2 8
0 5
14 9
5 2
0 5
10 3

24 73
157
21 22
16 44
13 53
12 0
17 42
23 68
7 56
5 51
6 22
17 23
22 17
19 57
16 13
19 3
15 57
7 24
22 65
22 70
12 54
5 52
14 9
23 8
17 19
18 4
16 24
1 67
4 48
2 20
19 63
1 1
14 47
12 30
16 50
15 16
4 15
14 46
7 9
18 42
18 56
15 63
7 11
1 53
21 13
23 27
2 61
18 66
19 13
16 54
2 53
3 58
9 44
3 24
8 27
3 50
16 59
7 19
11 31
5 7
14 5
15 65
18 31
8 66
21 20
0 28
13 10
21 48
13 59
9 23
10 6
16 69
2 53
4 13
0 33
18 57
5 11
11 6
13 23
9 42
17 7
7 68
0 44
21 15
5 43
21 70
13 16
0 70
9 64
15 23
11 5
22 40
6 0
7 60
14 20
21 23
19 17
12 72
16 14
0 12
23 23
10 32
14 6
2 48
15 19
16 53
22 2
13 10
0 40
19 54
1 23
18 69
3 10
1 3
20 24
19 55
1 61
12 68
22 24
17 70
11 41
5 5
19 41
21 53
5 43
12 24
17 46
7 60
17 43
21 23
16 37
20 23
1 65
20 68
11 6
19 56
5 45
7 70
5 58
7 19
11 18
13 70
15 16
6 0
4 14
7 16
9 62
8 28
18 51
12 28
19 27
5 51
19 36
14 26
19 40
8 44
12 17
6 16
16 45
7 4

19 39
5
3 16
1 30
10 11
8 10
4 22
5 4

