40

39 45
68
15 35
22 35
10 39
19 19
30 24
10 40
0 37
23 29
28 14
31 30
31 21
0 31
23 4
35 29
18 24
15 1
30 13
28 35
7 6
38 9
29 43
2 43
14 25
1 37
6 27
17 18
12 11
20 12
14 3
15 42
35 36
37 4
15 33
16 32
30 7
20 32
33 29
22 14
4 20
0 41
8 33
10 3
28 37
13 20
21 44
20 17
17 43
5 44
24 44
0 0
4 28
10 44
8 34
2 23
36 3
31 35
4 4
21 34
18 9
18 26
3 21
0 44
9 5
31 5
4 10
11 26
37 1
25 34
6 5

16 85
24
9 72
2 23
1 33
2 72
4 48
5 51
14 71
14 51
0 15
1 41
14 59
4 9
14 48
4 82
12 39
6 55
1 8
11 66
5 16
14 0
4 34
4 64
2 77
11 84
20 9

63 60
88
23 1
49 57
41 24
38 24
25 11
2 34
0 4
26 45
9 24
40 15
37 48
4 30
52 58
28 1
55 4
42 39
25 44
23 39
41 17
59 58
27 14
48 5
19 16
16 38
35 5
45 34
33 30
12 45
57 17
15 25
16 6
49 54
55 30
10 15
42 2
60 49
19 37
59 24
49 36
18 39
33 18
38 0
61 43
28 19
24 44
25 8
1 50
37 11
12 26
17 27
4 36
6 28
22 43
1 13
38 43
27 17
12 19
24 59
56 55
8 9
59 36
6 22
6 2
20 10
8 22
15 30
53 7
17 10
13 52
10 37
37 26
41 51
19 39
23 21
25 43
12 21
17 51
47 58
54 18
61 2
11 42
55 38
37 47
55 1
40 36
30 13
49 12
33 12
10 2

32 38
35
12 12
24 17
23 19
18 32
6 8
10 0
0 24
9 28
14 35
16 14
21 21
17 2
2 26
16 22
18 32
31 22
20 25
15 7
27 22
28 30
31 7
17 5
4 29
7 30
20 14
23 21
1 37
0 24
11 0
19 29
3 31
7 0
31 29
10 18
6 19
3 3

96 47
157
35 7
26 40
93 39
87 3
8 18
52 40
92 33
52 31
84 15
68 6
47 25
81 42
95 13
50 24
0 19
84 18
67 17
68 22
70 37
9 4
25 33
76 14
11 17
32 28
16 30
6 21
30 1
67 45
58 44
88 25
8 23
30 10
91 24
22 11
23 27
1 11
77 11
27 34
48 19
38 29
29 8
81 13
38 32
6 23
41 38
59 11
9 45
10 38
41 21
32 44
84 30
72 36
31 31
66 26
57 29
54 7
52 10
89 2
39 33
17 8
22 5
6 15
30 3
15 40
61 8
84 22
54 29
89 36
50 41
53 1
94 12
35 33
6 17
80 43
63 45
66 19
64 25
82 45
13 3
33 35
49 14
20 40
51 25
92 37
45 31
54 46
52 41
15 45
1 34
49 7
33 44
62 0
33 40
37 9
13 8
70 37
79 3
5 46
64 45
92 11
18 10
91 5
69 6
56 39
32 7
25 10
28 28
50 44
65 42
47 7
46 12
40 35
27 37
80 37
29 21
34 35
69 3
42 7
17 21
6 35
2 1
44 6
89 23
52 26
44 12
59 31
94 30
35 3
84 40
30 32
44 29
94 20
69 1
87 2
52 35
74 26
71 11
4 7
75 9
26 45
22 34
9 42
41 5
23 7
43 39
0 3
58 24
67 32
45 35
44 17
81 37
39 26
42 18
39 11
19 4
60 10
39 8
15 12

93 59
73
8 5
20 37
1 56
38 58
35 4
38 33
70 1
35 30
75 17
36 23
43 31
46 55
58 49
45 4
89 41
1 16
0 49
36 31
56 1
37 14
31 29
64 8
62 30
19 41
82 0
26 1
61 23
17 22
78 14
19 39
90 44
57 6
65 51
86 26
89 49
81 46
85 24
12 42
60 10
24 10
86 5
84 55
18 13
30 13
56 23
44 52
22 0
26 38
34 57
65 45
17 48
77 16
90 33
52 33
18 49
63 49
63 26
59 45
76 40
12 30
69 45
78 15
81 2
81 9
41 10
79 54
13 30
43 26
6 43
39 38
19 17
33 6
83 26
8 5

68 61
108
54 58
19 36
48 7
47 50
20 29
33 21
47 57
41 1
56 6
3 54
36 6
50 35
37 16
14 21
45 1
11 56
66 46
22 34
33 26
44 29
46 34
53 56
57 41
65 60
24 38
4 42
62 44
62 51
23 54
53 51
14 3
15 39
31 20
28 5
0 8
29 47
51 26
43 24
11 3
45 2
11 8
47 38
63 10
15 17
64 42
35 45
50 4
36 28
64 40
24 17
25 52
24 46
17 55
53 38
8 60
54 24
12 34
59 20
1 9
39 49
17 52
38 0
25 15
55 58
5 17
46 27
6 34
6 52
23 40
25 19
53 3
56 21
44 24
15 3
2 38
14 18
28 47
59 16
22 52
34 59
15 31
30 17
27 57
2 47
29 25
46 13
18 24
3 30
65 25
3 5
62 41
29 23
57 46
54 52
54 20
53 60
46 13
46 37
67 54
61 45
26 47
63 17
66 39
29 12
66 15
7 5
37 1
44 24
2 1

39 78
28
24 26
28 74
0 28
10 33
5 73
3 64
35 31
16 71
26 46
37 67
19 6
6 22
10 12
20 23
36 5
29 4
37 51
9 24
10 70
32 41
37 33
20 73
38 32
17 33
16 14
27 3
33 28
24 15
7 1

67 79
175
38 75
21 6
55 64
44 23
35 27
64 68
29 21
59 45
32 77
25 76
2 68
11 69
55 30
63 77
34 50
5 68
24 15
60 18
14 69
39 6
32 2
63 20
3 55
56 11
8 0
21 76
0 78
66 19
60 14
0 51
16 28
3 33
38 63
45 12
40 10
25 17
3 37
10 12
8 0
55 70
24 64
13 17
14 17
44 8
7 52
30 71
65 13
29 16
13 78
61 72
16 38
28 55
56 16
1 49
16 30
40 32
24 18
10 32
58 44
56 55
47 3
21 32
14 49
46 75
17 64
62 65
37 70
24 14
36 33
21 19
10 15
16 1
59 50
35 46
23 33
57 15
38 74
24 41
24 46
65 42
61 75
50 5
3 28
37 59
35 71
46 69
23 71
52 25
30 64
52 74
49 67
14 3
49 78
59 25
13 34
63 5
5 37
16 15
7 48
53 54
66 45
11 11
11 72
49 40
1 73
17 69
24 26
58 70
39 63
12 45
64 66
13 20
35 9
41 25
18 27
31 25
7 70
46 33
8 17
57 60
21 39
55 13
62 51
54 47
4 73
31 45
49 38
57 65
55 49
1 71
66 54
60 23
56 68
55 76
34 3
60 50
21 40
11 35
47 30
10 19
57 66
37 54
2 41
7 28
5 38
10 2
44 72
57 53
11 29
6 22
53 31
21 46
2 69
17 42
38 10
15 6
26 19
38 16
65 58
31 54
20 64
44 34
38 16
63 65
1 32
22 64
11 6
65 75
15 9
24 4
29 2
25 77
28 64
1 20
59 75
5 1

25 60
106
16 17
16 17
22 57
22 58
17 27
4 54
23 35
7 3
6 42
24 28
24 28
19 58
7 39
6 27
19 46
11 21
21 44
21 44
5 41
11 6
1 59
9 30
21 14
5 40
16 2
11 51
4 21
12 52
15 0
10 40
20 38
22 59
8 40
2 51
11 21
18 10
3 49
14 16
8 56
23 24
22 47
21 0
8 53
12 48
4 25
16 27
12 33
19 42
2 3
2 26
7 29
4 24
15 23
10 41
24 57
3 45
15 28
0 47
16 34
3 50
17 33
15 22
23 11
22 27
1 49
24 58
15 3
10 28
11 52
4 24
23 24
1 48
19 18
2 9
17 36
21 27
6 36
13 57
8 53
6 31
13 31
11 23
6 5
20 7
6 2
14 23
7 21
10 59
11 15
6 54
2 48
9 52
4 45
7 38
24 46
3 59
20 22
21 3
15 26
0 53
15 28
9 13
3 42
19 10
18 26
14 40
7 6

59 30
86
0 15
27 0
35 0
53 4
23 13
3 10
20 15
15 7
8 0
53 6
19 18
53 24
9 16
53 0
34 15
12 20
26 5
8 22
4 17
41 2
12 16
21 10
17 10
11 5
24 15
40 12
49 12
31 11
49 1
39 24
34 12
49 24
2 0
29 23
13 0
42 25
54 17
40 21
12 16
37 11
22 13
41 3
50 25
39 20
7 29
48 27
49 11
4 16
42 28
8 25
29 6
19 1
30 7
5 27
11 15
5 24
6 5
6 0
39 15
19 26
30 28
56 27
27 29
8 20
4 11
45 2
51 12
46 15
23 2
23 26
17 4
40 11
38 11
36 10
14 13
27 2
50 29
14 20
31 4
1 23
53 21
57 0
10 25
14 26
32 8
53 0
15 7

44 8
123
21 0
24 6
16 5
11 6
37 5
26 1
33 0
20 4
15 5
26 5
34 3
18 3
32 1
6 2
33 4
1 1
42 3
22 6
7 6
34 7
24 7
9 3
31 5
19 1
31 6
12 7
11 4
24 5
2 2
33 1
33 2
23 4
6 6
41 2
35 4
4 5
38 6
26 3
15 2
6 3
16 1
12 4
19 5
17 7
42 7
33 4
8 0
5 3
8 6
12 3
21 6
38 5
24 0
21 4
2 1
7 6
28 1
42 2
32 6
41 2
30 0
3 1
23 3
26 4
21 2
19 6
14 1
32 1
32 2
40 4
8 4
19 4
8 0
40 6
5 0
43 2
8 5
41 0
18 7
27 6
35 1
41 7
6 3
6 4
39 2
7 2
9 5
21 6
1 7
20 3
36 5
37 7
40 5
23 1
24 1
7 0
38 2
35 4
4 1
1 2
10 5
35 0
7 2
31 3
36 6
24 6
11 0
38 3
12 1
1 6
43 0
5 7
33 6
8 4
19 5
8 4
6 6
26 6
10 7
22 0
9 1
29 4
25 6
11 6

46 86
141
30 48
0 33
27 0
7 60
35 81
4 82
21 48
4 46
16 24
31 34
17 79
27 19
7 65
37 56
45 33
29 72
36 43
15 52
16 81
12 49
22 20
7 3
20 50
42 41
11 36
38 61
4 54
30 28
9 7
44 11
17 49
44 5
18 49
41 13
31 81
22 54
15 34
1 69
25 64
38 25
27 25
32 44
6 62
17 54
26 59
40 47
9 72
9 57
31 24
17 14
34 32
44 50
34 44
31 47
1 20
23 17
21 27
18 15
9 11
14 38
16 16
4 67
4 62
9 64
7 41
19 19
42 32
6 14
42 11
9 66
27 0
26 28
0 55
15 2
17 4
9 51
39 3
42 4
36 65
10 36
33 82
6 54
37 14
12 11
21 67
4 46
15 12
25 4
31 8
44 84
43 37
44 79
32 44
10 51
2 12
37 30
43 6
38 81
24 50
26 32
21 45
27 60
24 53
0 77
44 12
5 74
12 85
35 67
7 54
26 14
42 70
26 71
23 13
12 59
4 80
29 32
7 59
35 82
19 80
23 20
4 5
27 59
29 19
20 22
5 3
9 74
40 50
44 28
14 3
0 82
24 30
4 40
3 16
15 56
15 82
31 43
10 26
8 44
21 83
3 67
32 77
16 12

19 78
68
12 16
0 0
14 38
18 59
18 58
12 12
9 53
5 28
4 5
3 29
14 63
6 14
7 48
16 10
5 18
5 64
6 65
2 31
15 52
18 28
12 76
1 12
15 62
0 50
5 31
5 31
2 2
4 5
15 62
3 20
14 52
16 33
6 11
17 22
0 65
6 46
13 74
13 60
12 61
3 1
5 67
0 66
4 50
12 53
2 27
16 37
6 58
9 13
15 11
11 37
6 42
10 16
0 74
17 3
11 29
8 47
12 18
18 41
9 54
9 32
4 31
11 75
16 27
8 77
3 61
10 25
5 12
9 41
16 12

16 33
84
2 22
8 24
6 2
5 25
6 19
6 21
4 24
1 0
5 2
1 27
3 4
6 30
9 21
2 16
7 11
4 29
10 28
15 17
12 8
4 12
12 26
4 20
11 8
8 32
3 4
0 30
7 24
6 9
1 25
15 22
6 4
6 23
0 13
9 16
14 19
9 18
13 29
8 16
6 30
6 13
11 32
1 24
1 26
0 16
4 27
10 8
6 28
3 14
0 18
14 28
4 4
8 30
11 17
4 16
7 29
0 32
8 4
1 1
13 26
14 7
7 16
2 27
10 17
0 18
12 29
5 28
0 29
8 31
4 12
6 9
6 27
8 13
5 22
3 8
4 11
1 11
13 26
14 28
11 19
7 26
7 19
14 12
5 23
10 4
15 4

56 14
7
33 3
55 9
12 4
46 6
47 3
36 9
44 10
2 2

74 89
2
64 51
9 68
6 2

62 44
152
29 43
17 43
50 19
25 38
8 4
48 37
22 22
5 23
30 3
41 42
12 38
15 7
14 25
60 25
29 40
25 16
50 19
49 30
58 42
59 10
5 0
5 41
54 29
4 35
61 37
55 15
44 0
61 11
18 1
55 24
45 0
3 19
23 12
36 25
41 7
33 35
27 43
2 3
60 1
55 37
3 13
42 15
9 12
7 32
43 2
31 37
36 12
14 6
10 9
14 31
52 9
18 40
29 9
59 15
39 26
4 42
31 1
42 7
40 43
49 36
54 21
2 5
42 4
39 41
0 1
18 0
53 18
20 25
35 24
57 13
23 15
49 28
22 26
3 15
54 15
42 13
45 10
10 22
20 4
47 39
23 23
30 33
36 29
10 4
57 12
42 28
53 13
20 25
20 8
48 14
38 17
42 6
48 12
28 41
21 26
43 20
18 35
15 19
48 32
21 26
13 16
19 14
54 26
53 43
22 18
53 2
19 18
1 23
4 42
9 33
19 41
10 14
45 19
61 42
25 38
4 33
41 15
22 8
43 14
13 40
17 28
36 20
14 35
60 12
46 5
16 13
10 11
0 2
7 8
52 23
50 20
1 7
12 14
38 38
35 29
24 42
17 9
55 16
53 31
49 22
40 5
8 17
45 34
49 7
44 1
53 29
26 27
40 12
60 36
13 42
50 26
46 31
7 5

4 55
85
0 45
2 0
2 8
3 32
0 0
3 33
2 30
0 6
2 4
1 52
3 36
1 54
2 43
0 16
3 24
2 46
3 30
1 23
1 48
2 30
3 19
0 12
3 1
0 23
1 29
2 10
3 39
0 39
0 39
1 29
0 16
0 30
0 50
0 50
2 25
2 17
1 16
1 28
2 15
3 10
3 29
0 24
2 12
3 45
2 21
0 27
3 4
3 45
2 29
2 22
3 40
3 4
1 34
2 38
2 4
1 23
3 49
1 37
0 17
0 26
1 43
0 54
0 17
2 33
3 51
2 22
3 29
3 20
0 10
3 26
3 44
2 27
2 50
0 1
1 43
1 29
3 7
2 0
1 36
1 2
2 46
1 10
1 41
1 17
2 21
14 12

96 8
66
69 0
46 4
76 2
5 0
91 5
75 7
46 0
17 7
41 0
43 6
34 0
91 1
90 6
46 4
94 7
43 2
90 3
60 3
57 4
83 2
82 6
78 0
53 2
27 0
73 1
85 4
87 0
64 4
65 1
75 1
53 0
83 5
65 4
75 3
44 0
56 1
53 3
34 4
28 1
85 2
28 2
81 4
20 3
20 5
30 5
65 5
15 2
3 4
89 6
1 4
51 5
46 2
1 3
30 2
49 0
47 5
43 2
35 6
69 0
61 5
49 7
16 2
85 1
70 2
29 0
26 1
16 12

90 3
156
28 2
77 1
49 0
40 0
63 1
62 1
19 1
37 0
81 0
6 2
47 1
39 1
86 1
49 0
63 1
1 0
19 2
89 1
84 2
74 1
37 2
9 2
0 2
56 0
67 1
89 1
29 1
45 1
43 2
35 0
79 0
42 1
80 2
18 1
25 0
89 1
13 1
73 0
79 1
51 0
66 2
44 1
35 1
29 2
57 0
2 0
21 2
79 0
43 2
21 2
40 1
26 2
74 0
21 2
79 1
1 1
80 1
86 1
53 2
63 0
53 2
43 0
69 2
64 1
24 2
37 2
65 0
89 1
41 0
77 0
77 0
7 2
47 0
1 2
66 1
63 2
31 1
39 0
77 0
42 1
85 1
62 2
12 2
52 0
34 1
59 0
47 2
25 2
32 0
6 0
46 1
8 0
10 0
52 2
4 2
64 1
18 1
42 0
46 2
60 0
10 2
59 0
26 2
68 1
0 1
27 1
86 0
85 2
74 1
71 1
30 1
23 1
80 0
31 2
70 1
70 1
54 1
24 2
57 2
55 1
11 2
59 2
1 0
15 1
29 0
19 2
50 0
45 2
11 1
32 1
45 1
37 2
0 2
1 2
11 2
77 2
30 2
55 1
59 1
68 0
2 2
21 1
70 1
80 1
65 0
11 0
25 0
16 1
23 2
11 1
54 2
86 1
82 2
33 2
47 0
82 0
18 8

53 46
104
13 4
34 11
43 9
21 40
40 26
25 1
43 30
12 28
50 3
22 6
11 38
25 4
29 33
18 0
35 42
39 1
50 41
15 28
7 45
32 38
46 32
8 27
40 12
40 0
30 8
4 16
23 8
19 37
47 11
0 0
52 24
40 10
46 12
47 9
21 13
14 25
36 24
24 2
18 42
47 18
38 44
26 20
38 14
7 25
8 13
28 16
16 18
47 31
26 24
7 14
24 20
5 37
21 35
2 42
52 29
33 20
17 27
21 38
28 13
48 7
12 44
18 38
38 33
42 30
24 27
47 39
41 5
24 6
11 8
41 1
48 25
28 17
2 35
26 38
32 4
21 2
29 2
44 7
19 35
44 40
6 17
8 23
18 12
33 36
27 28
24 41
47 21
24 15
0 40
45 33
44 19
44 37
42 45
49 20
34 7
29 19
33 6
14 33
49 20
21 31
18 42
36 2
40 37
43 22
9 6

8 53
93
5 33
4 38
2 43
6 38
7 35
6 12
4 22
0 0
6 21
7 27
4 25
6 10
5 36
4 35
7 26
0 42
0 25
5 20
0 24
3 5
1 10
5 16
4 49
1 43
1 47
3 10
0 43
3 44
7 45
1 24
4 16
6 20
5 8
5 26
1 30
7 5
0 21
1 32
7 23
0 43
1 26
2 13
6 9
0 48
1 0
3 13
2 17
2 36
3 13
2 15
4 30
6 7
5 15
7 50
2 44
6 18
2 44
4 23
2 34
3 18
4 48
5 42
0 30
3 2
4 49
2 15
1 6
3 20
1 25
5 39
2 46
6 25
6 25
3 31
6 11
1 4
4 19
5 15
6 12
7 45
2 15
0 22
0 7
6 5
1 49
0 41
6 33
1 29
5 27
7 45
0 35
0 40
1 41
8 4

6 59
50
2 37
1 50
4 10
4 33
4 12
1 25
0 30
4 58
0 37
5 15
2 12
0 5
0 33
2 21
5 3
2 6
3 8
3 43
0 15
3 45
1 8
1 2
0 16
4 27
0 6
0 7
5 33
5 34
0 7
3 33
0 8
1 0
3 24
4 41
1 20
2 22
2 53
0 3
2 16
4 27
2 5
4 43
5 55
5 38
5 54
2 9
3 55
5 47
2 43
2 5
6 4

28 87
1
18 51
1 1

78 10
149
20 3
40 1
19 6
19 0
60 4
24 8
10 2
36 0
41 0
66 6
42 6
13 0
66 9
35 7
14 8
3 5
62 5
8 6
70 3
72 4
3 5
44 0
39 2
3 1
76 2
66 4
16 9
43 2
14 6
38 2
72 0
53 4
31 7
10 6
23 0
0 4
13 0
18 3
68 9
35 5
32 3
76 1
30 8
24 1
18 4
39 2
70 1
75 6
2 3
5 6
8 1
32 0
38 3
61 6
41 5
61 4
59 1
56 6
16 7
38 3
19 4
57 7
58 0
43 2
25 6
3 4
76 3
66 9
41 6
77 4
20 0
49 7
69 5
46 0
4 3
35 2
29 6
63 4
16 5
21 0
14 7
76 6
62 1
41 1
72 5
55 8
1 6
73 5
46 7
8 0
39 6
75 7
15 3
1 2
33 2
64 0
45 5
72 3
29 0
58 1
61 7
12 8
34 1
20 2
8 3
17 0
36 3
21 6
74 2
50 3
75 9
40 2
35 3
40 8
40 2
28 7
65 9
61 8
72 7
9 6
77 4
59 5
66 9
72 5
57 1
30 6
30 0
71 0
19 1
37 0
49 1
63 6
7 8
13 0
15 0
53 0
38 1
43 6
55 0
20 5
63 0
48 8
61 6
70 7
52 6
7 1
25 3
19 7
42 0
18 6

30 48
88
4 17
0 31
7 22
6 31
6 32
2 16
7 11
11 31
17 22
23 38
24 6
3 35
20 27
12 44
13 4
5 2
5 0
26 5
6 0
11 38
16 30
22 39
26 12
8 14
6 28
14 38
2 8
27 6
0 44
24 11
14 47
18 24
2 2
23 36
23 37
28 32
0 8
9 31
29 14
25 33
15 38
19 7
4 16
21 41
12 21
29 16
4 16
0 37
29 43
25 10
16 9
5 2
9 32
14 39
10 33
23 45
27 30
18 13
18 5
26 37
17 46
21 16
14 9
21 12
1 2
25 7
14 23
14 17
24 36
2 12
9 4
6 20
23 3
5 18
4 31
25 38
29 11
28 42
5 32
18 8
25 0
1 4
25 1
17 3
27 18
20 40
18 19
8 8
20 17

72 57
38
66 9
26 7
8 36
25 26
66 37
60 27
48 28
16 32
55 51
65 30
27 37
69 49
39 23
22 22
65 35
70 5
10 24
60 20
14 21
54 26
15 45
66 53
19 50
2 0
69 10
13 44
44 27
60 30
58 2
56 25
51 16
39 2
61 30
31 23
31 22
25 31
51 45
0 45
4 1

71 43
64
11 19
53 8
37 7
38 39
55 41
56 32
6 34
6 36
27 38
3 36
7 42
15 13
16 37
61 1
51 3
43 34
57 33
66 10
21 29
66 27
39 24
33 8
11 36
36 11
37 4
55 4
52 31
9 41
62 5
26 4
23 35
66 9
56 12
14 39
17 28
29 28
26 35
57 10
53 33
14 7
5 33
4 39
20 19
63 13
69 13
36 3
14 22
29 33
11 4
58 0
18 33
23 37
46 16
20 0
70 1
13 24
33 0
21 6
40 29
56 32
18 6
9 35
8 9
21 6
19 6

10 47
105
8 43
7 1
5 10
7 32
3 14
1 44
4 34
9 1
3 41
6 28
0 34
5 45
5 7
5 34
6 27
5 33
5 1
1 25
6 14
2 1
6 18
6 1
1 17
6 9
0 29
4 18
8 14
4 0
6 20
7 0
0 29
9 18
0 10
9 6
5 15
7 39
7 13
0 39
0 32
4 18
7 11
5 18
8 17
3 45
1 10
6 6
5 20
3 41
4 34
8 27
9 20
8 27
2 30
4 40
8 46
8 13
3 41
5 16
4 13
2 30
1 4
3 0
3 27
5 0
8 31
9 35
1 32
5 17
7 8
8 31
3 32
0 31
5 37
7 34
0 0
8 13
8 10
7 41
9 26
1 21
7 32
4 32
5 28
9 1
7 34
6 15
9 24
9 0
4 29
1 28
4 12
2 43
0 34
1 41
0 33
7 19
0 22
6 29
2 17
4 31
8 0
3 38
3 25
0 35
6 6
3 3

45 6
98
33 5
43 1
8 0
41 3
39 5
28 1
2 5
34 3
24 0
30 4
42 0
32 1
43 5
38 3
41 5
12 5
15 0
26 2
7 5
40 2
20 3
37 0
32 0
20 2
36 2
18 2
33 1
3 3
43 2
20 4
44 1
19 0
20 0
31 0
29 1
27 0
3 0
5 1
16 5
10 0
38 2
39 3
43 1
27 3
27 4
22 3
17 2
44 4
31 1
35 5
28 1
19 5
34 1
7 3
5 0
32 3
22 1
23 3
31 5
34 3
33 4
24 5
30 0
7 5
35 3
27 3
30 2
9 1
44 3
28 5
40 4
5 2
17 1
28 2
24 5
11 1
36 0
34 5
32 0
9 1
20 4
3 5
4 4
42 5
35 1
2 1
12 5
42 5
23 5
0 5
17 2
23 1
33 5
9 4
2 3
25 4
9 4
15 2
18 8

57 54
105
20 8
41 27
34 47
45 4
27 45
56 25
43 25
36 11
47 12
43 13
55 21
0 24
15 35
18 37
4 49
38 22
28 27
31 13
15 22
10 42
26 15
26 29
1 5
54 19
14 0
16 20
41 11
37 10
50 31
41 26
41 30
7 32
22 13
48 45
3 26
41 37
37 52
9 13
41 37
5 27
37 32
51 9
47 16
32 45
50 15
15 27
2 29
31 29
50 44
55 40
11 31
45 5
18 20
4 17
28 49
2 41
18 36
14 43
45 21
8 47
9 18
6 17
13 4
4 10
30 8
40 11
31 33
29 0
48 42
36 42
23 20
17 46
32 33
46 35
29 30
24 43
21 12
38 26
41 39
7 27
39 44
22 37
44 35
31 51
49 20
32 32
27 43
45 34
31 52
23 48
26 53
16 40
37 25
29 3
45 33
16 14
10 48
35 43
51 26
42 22
51 37
36 43
8 32
29 29
15 42
19 1

77 62
169
71 39
5 32
74 30
74 50
63 11
21 55
22 15
31 21
21 17
23 6
51 10
49 13
24 40
71 12
22 11
36 24
65 51
45 47
66 6
56 37
47 9
30 55
30 32
63 47
51 54
1 37
63 3
19 35
24 7
19 48
19 32
51 49
62 49
10 8
53 40
12 29
1 35
18 61
39 54
50 54
4 47
37 37
13 45
46 38
59 19
38 29
51 38
41 35
46 31
61 23
32 36
12 18
49 53
61 39
56 19
47 46
18 52
30 27
42 57
40 11
11 31
72 48
68 37
12 19
58 30
55 38
28 10
30 28
17 5
11 41
16 48
41 0
22 0
32 20
73 48
56 34
18 15
53 43
26 26
19 16
46 15
51 27
21 22
13 50
2 35
44 0
74 23
26 43
62 34
73 33
15 10
24 55
39 46
29 45
45 19
59 26
24 61
72 15
16 34
66 20
61 10
22 20
10 3
40 51
7 0
9 42
27 7
39 43
71 53
44 52
12 10
43 38
27 42
19 45
42 51
9 53
48 28
28 7
70 51
70 13
35 21
59 61
76 22
7 10
42 26
48 50
34 55
71 9
75 28
64 33
22 22
39 40
20 58
15 36
65 41
62 61
55 57
22 31
4 20
13 49
3 27
40 22
52 4
68 15
19 33
6 11
19 7
53 22
8 44
47 6
10 36
70 30
4 40
45 24
4 10
9 43
30 51
50 51
64 16
2 43
52 22
18 59
72 8
6 29
64 0
49 55
1 24
33 1
51 16
7 1

70 44
161
11 41
14 15
23 23
69 18
3 15
26 17
53 26
48 34
11 41
6 33
46 30
31 36
1 1
34 43
20 19
14 14
0 22
38 36
61 10
51 4
12 16
37 42
3 10
27 5
22 12
5 9
49 22
60 33
34 10
37 21
66 28
58 39
48 30
18 43
34 11
2 28
43 31
45 39
39 16
69 25
31 17
64 9
47 1
9 42
29 24
48 33
63 29
23 12
15 33
16 31
69 30
58 7
59 7
47 29
25 13
28 6
56 5
27 37
48 35
44 40
18 33
11 4
41 29
39 37
9 14
57 15
57 33
21 35
24 37
48 34
56 5
44 33
10 9
8 2
63 21
0 15
36 18
41 10
31 13
7 22
47 1
21 39
24 12
53 5
58 43
22 23
44 25
62 29
9 24
29 14
61 10
37 4
48 4
61 0
42 21
47 18
62 32
66 11
38 41
39 33
31 11
53 36
39 38
65 21
37 35
11 26
48 34
6 9
6 37
48 10
13 6
57 34
52 19
34 27
17 19
17 33
18 8
1 13
63 22
17 43
20 10
32 22
41 36
16 10
47 33
9 14
4 10
42 32
24 42
67 0
18 23
69 2
29 36
62 34
11 23
9 25
31 41
62 17
21 1
16 43
61 39
46 29
2 14
56 12
42 13
35 29
59 11
2 4
37 16
58 21
63 19
7 1
67 16
13 8
31 1
11 4
33 8
43 0
64 30
57 24
61 2
2 1

44 13
33
23 8
42 3
1 3
29 9
9 11
38 12
35 6
9 7
7 3
8 12
21 5
8 7
16 1
12 0
13 12
31 2
16 8
20 7
30 12
25 9
39 6
35 1
30 5
38 6
38 9
1 2
3 0
42 5
6 4
11 6
35 1
6 3
16 4
3 2

45 39
119
0 16
25 1
34 17
32 2
32 3
0 25
27 3
39 15
6 17
5 35
7 13
26 7
17 6
4 11
44 10
35 11
30 31
32 29
19 31
7 37
26 1
23 2
19 11
25 29
36 8
26 7
12 20
5 38
35 12
43 4
43 32
14 4
35 17
41 34
24 6
41 14
40 1
31 30
1 17
9 25
19 6
8 0
26 4
2 18
13 36
3 26
25 27
30 38
31 11
29 36
41 11
10 9
10 35
8 18
26 1
4 6
14 29
30 17
18 14
14 20
6 16
39 21
7 27
4 28
0 19
37 18
39 10
2 14
38 36
28 35
4 0
36 3
10 22
35 30
23 21
14 15
4 33
11 0
22 37
12 21
28 32
11 13
11 6
41 29
12 3
4 30
37 27
7 28
16 22
37 26
19 20
36 30
8 16
39 12
8 13
27 8
33 19
20 20
15 12
25 25
5 27
33 26
22 36
15 16
11 34
31 1
11 0
29 36
19 31
38 36
26 20
20 12
15 3
4 17
10 1
18 34
34 22
2 0
38 37
17 1

48 25
114
8 15
22 4
25 20
32 8
43 0
19 19
19 0
26 8
46 1
33 13
19 12
46 13
4 4
16 12
31 17
45 12
27 21
44 9
14 11
14 7
39 8
40 3
16 4
43 15
11 3
37 24
16 16
12 13
19 9
37 5
43 3
25 5
8 16
15 13
31 16
2 5
16 16
0 1
4 8
20 18
25 21
8 10
5 9
10 12
44 11
29 4
9 23
46 24
46 23
23 2
9 13
23 3
41 5
36 5
40 18
47 2
10 17
30 22
5 7
22 3
13 0
35 8
41 20
17 1
22 20
9 1
16 18
23 22
42 8
27 12
26 6
8 23
5 7
47 14
24 18
9 18
10 21
14 2
7 2
17 19
22 7
19 15
6 16
34 14
12 3
30 11
18 9
9 1
13 20
12 21
16 3
16 23
26 15
37 18
32 19
16 16
47 21
25 13
20 13
3 2
41 18
40 17
46 23
43 15
9 16
39 22
10 2
29 19
16 7
35 4
17 12
2 19
28 21
38 2
14 9

20 56
148
1 51
16 2
11 30
11 34
6 49
11 11
14 37
13 50
1 22
0 5
13 37
14 30
2 43
14 0
6 8
5 30
19 13
8 35
8 11
12 21
1 24
16 36
6 25
18 37
1 16
14 53
16 15
17 45
1 1
7 6
19 5
19 41
8 24
7 10
2 40
2 40
8 39
5 16
5 16
11 10
4 45
18 55
7 9
3 41
11 31
0 28
14 20
15 55
2 29
15 4
1 52
16 1
5 29
17 7
16 21
12 50
10 44
7 42
9 54
2 12
19 48
10 31
7 21
17 39
12 10
13 6
19 24
17 3
4 26
5 10
3 1
5 44
2 24
2 43
9 12
7 48
17 25
8 53
4 48
8 30
1 35
15 49
0 29
17 47
14 41
13 48
7 41
18 22
16 27
17 1
5 3
15 40
2 18
17 23
19 41
13 3
19 6
10 29
2 52
4 17
5 52
3 10
9 15
13 50
5 21
6 22
19 5
0 22
7 21
15 16
19 3
4 25
6 4
11 42
8 24
1 16
3 0
5 20
16 39
8 4
3 18
5 13
12 14
18 5
5 46
19 12
18 27
17 14
19 50
2 4
1 11
15 53
3 20
12 51
7 33
13 10
14 7
3 46
5 14
13 55
11 20
14 7
12 25
11 25
13 14
6 46
9 44
16 36
16 16

15 31
69
11 11
1 20
0 4
13 23
8 12
4 19
8 10
4 9
1 1
11 16
1 16
6 22
3 11
12 26
12 21
9 17
7 21
11 25
2 11
12 23
1 19
6 22
3 7
12 11
2 14
12 17
10 23
9 23
14 7
14 9
4 8
5 28
5 1
6 26
9 23
0 2
9 12
11 26
1 6
10 13
11 14
14 22
9 25
0 21
3 27
5 6
12 22
7 30
0 15
14 22
10 23
0 14
3 25
5 6
11 0
14 21
2 12
12 21
10 27
8 0
0 6
13 4
11 29
13 15
5 4
14 22
12 20
13 8
12 5
5 1

33 2
66
6 1
27 0
2 0
25 0
5 1
1 1
22 1
19 0
16 1
0 1
27 0
32 1
4 1
6 1
22 1
16 0
21 0
14 1
13 1
25 0
29 1
4 0
12 0
2 1
29 0
31 1
7 0
24 0
13 0
11 0
0 0
27 0
26 0
22 1
8 0
5 1
25 1
18 1
3 0
21 0
28 0
5 1
25 0
26 0
19 0
30 0
26 1
15 0
0 1
1 1
28 0
7 0
0 0
11 0
2 1
18 0
2 0
2 1
6 1
17 0
26 0
17 1
22 0
2 1
26 0
16 1
10 4

