50

22 53
109
18 0
18 51
14 32
5 7
6 35
1 45
11 6
20 17
15 50
13 23
19 13
20 28
9 44
1 26
17 41
19 19
14 31
10 48
12 0
20 37
16 13
20 27
0 15
7 13
15 28
15 37
3 34
14 5
1 27
2 37
6 4
5 5
1 29
2 36
18 9
14 20
12 26
11 51
5 47
1 6
6 8
15 23
14 33
6 33
10 7
12 22
9 18
13 39
20 30
8 32
10 1
10 5
19 14
14 1
3 52
15 9
18 9
17 12
21 20
21 27
16 20
14 2
3 4
4 1
7 42
20 32
6 48
0 52
15 29
7 42
16 30
15 47
16 35
16 4
21 5
3 50
8 4
19 2
6 5
4 9
7 14
9 11
17 19
17 1
15 31
6 13
11 7
12 11
4 4
1 29
4 45
9 49
1 21
20 45
8 22
16 13
4 15
1 22
11 18
18 35
13 25
16 52
17 52
0 17
12 7
17 33
16 17
20 15
6 4
9 6

47 82
7
24 36
32 44
13 81
4 45
14 43
10 34
29 35
2 2

78 74
118
7 29
45 18
20 52
77 12
61 56
22 53
66 67
75 22
63 48
30 52
32 54
53 19
58 13
36 59
54 46
12 52
53 44
19 27
64 3
5 33
65 3
0 32
0 71
52 3
27 7
32 41
40 28
53 64
59 57
44 69
5 3
6 17
55 0
53 58
75 28
41 68
10 35
38 25
40 2
57 54
1 35
2 10
19 40
55 64
28 39
10 18
19 17
54 7
11 69
60 3
3 63
49 61
30 55
51 26
1 59
2 71
48 22
36 46
12 45
75 72
3 30
35 39
13 35
74 27
37 59
2 7
35 56
7 15
49 50
74 13
27 39
72 66
66 51
63 49
59 50
43 37
20 40
34 17
40 4
2 52
38 48
45 23
17 28
67 51
18 27
5 1
58 10
2 46
3 31
0 29
68 57
53 24
57 58
13 3
61 14
29 72
25 47
27 12
61 27
10 70
68 6
12 16
36 66
68 38
32 44
18 0
62 64
14 25
0 33
18 62
40 40
22 24
22 34
23 26
44 46
26 26
55 57
18 24
9 6

46 74
161
1 42
35 51
34 15
36 25
4 45
1 18
7 66
34 42
0 57
19 54
11 24
24 31
13 69
41 18
20 38
28 23
30 25
5 3
32 71
35 72
25 68
26 43
34 14
23 29
1 44
7 7
9 20
14 14
33 20
17 9
0 24
37 55
35 49
39 58
32 64
41 53
33 28
42 60
6 42
10 23
3 24
30 46
2 17
43 73
36 34
19 71
3 55
0 53
12 36
33 16
10 4
1 36
6 56
22 70
10 58
7 57
17 62
40 68
31 13
31 12
27 25
6 50
11 26
7 62
41 49
21 21
12 24
27 33
2 20
32 61
0 37
0 9
8 64
30 31
37 18
11 67
24 30
3 59
19 38
19 5
22 59
3 64
36 72
13 69
41 18
17 0
37 16
17 12
8 71
39 55
8 46
5 19
20 21
40 22
5 63
25 54
45 48
1 68
11 52
1 3
33 6
37 48
24 51
17 62
17 55
30 52
19 60
7 14
36 72
14 31
20 26
3 22
30 35
2 27
27 66
34 25
13 10
40 1
29 20
0 69
44 24
38 73
3 40
37 53
25 21
44 64
19 17
39 44
16 11
23 67
2 73
44 36
43 1
25 34
30 24
7 38
1 4
28 60
38 32
37 23
45 20
25 67
33 12
37 55
3 58
24 23
45 47
9 64
29 73
31 49
3 30
4 0
40 63
19 68
1 54
0 44
9 67
3 15
29 61
24 6
40 42
9 1

50 60
84
23 51
44 12
8 40
19 32
4 51
31 32
7 4
19 49
34 35
48 9
46 39
48 9
35 40
33 11
43 3
14 23
45 8
26 20
29 11
44 37
43 36
35 58
14 46
35 46
47 48
24 45
23 15
12 26
8 26
7 27
14 15
19 8
33 29
1 24
35 4
27 31
48 44
32 34
4 18
49 50
21 16
15 5
27 54
16 55
9 12
8 23
29 19
40 10
5 12
18 25
3 47
27 22
39 53
23 37
41 17
28 23
40 41
9 19
48 34
29 22
24 34
15 5
45 22
3 53
30 37
8 27
32 20
2 2
6 23
26 16
42 58
41 29
26 17
34 49
38 45
25 53
44 33
42 7
40 52
38 45
25 8
28 5
2 40
1 30
2 1

24 59
153
10 28
8 57
14 12
19 37
14 57
13 42
5 15
1 3
6 30
4 0
21 39
10 12
1 57
19 25
3 38
6 24
14 31
13 10
0 55
10 37
22 28
17 6
23 57
17 54
2 29
22 2
17 41
23 11
1 10
5 54
5 34
21 43
5 21
12 2
7 51
5 52
16 33
13 52
3 56
15 24
13 12
22 49
3 34
21 17
6 19
9 7
19 26
5 39
16 37
19 48
20 46
14 50
14 37
2 26
8 49
1 14
22 14
22 14
13 11
14 2
8 50
13 3
9 57
0 20
0 58
20 0
3 14
11 27
23 21
23 28
9 50
17 58
6 32
4 37
1 55
10 53
12 53
4 20
13 43
13 23
2 42
14 44
8 57
7 13
1 22
21 31
12 29
1 10
22 6
6 58
8 6
20 31
23 8
8 40
17 41
6 45
23 2
13 16
4 24
21 9
19 10
16 53
8 50
6 37
13 0
11 34
9 43
5 50
14 25
8 9
9 17
12 29
5 30
20 24
17 9
22 39
9 8
19 16
2 53
11 33
11 1
17 22
20 22
16 55
18 14
17 19
19 13
17 43
7 13
21 16
7 34
9 26
14 34
17 53
23 26
21 12
3 30
3 1
16 18
0 56
22 18
9 13
8 24
9 29
7 10
22 33
21 16
7 51
23 44
6 53
20 49
10 29
3 13
8 1

15 97
15
8 41
8 6
0 69
3 47
13 48
8 66
3 92
4 95
13 57
12 9
10 49
5 73
9 77
12 16
2 71
3 1

71 65
15
3 9
26 41
8 1
39 46
11 5
38 17
30 63
42 63
18 6
49 30
15 50
69 9
59 53
4 5
41 38
8 2

99 40
129
14 3
73 13
78 38
42 25
16 5
58 12
11 35
63 22
15 5
86 23
51 12
69 34
24 2
40 34
20 4
21 25
37 19
4 33
79 22
61 20
19 30
51 19
58 5
38 38
70 21
54 31
95 37
47 11
13 0
30 4
85 25
40 4
56 34
67 19
39 16
39 10
14 30
1 17
54 8
82 25
92 3
80 34
37 34
42 34
14 6
7 20
57 39
6 26
45 22
31 35
50 25
51 29
81 9
89 8
87 12
46 21
90 3
53 3
93 25
63 1
58 6
1 29
34 29
24 23
42 20
63 38
67 18
23 17
22 11
38 34
12 28
23 38
51 25
62 16
34 34
97 2
21 0
91 7
41 19
16 15
53 1
14 9
21 35
81 15
61 33
61 33
65 35
28 28
18 35
14 22
68 31
71 1
14 37
61 5
39 29
98 28
54 8
97 32
25 23
0 11
95 30
17 34
96 24
58 34
78 9
75 19
25 2
68 4
25 31
27 27
12 1
14 22
39 8
45 1
84 14
80 26
41 14
55 38
24 9
89 20
58 26
34 35
57 24
91 28
12 11
63 32
0 36
74 24
53 32
6 2

97 10
117
29 8
57 4
57 4
36 2
6 0
33 8
26 5
24 3
17 3
56 5
44 7
19 4
19 1
11 2
63 6
31 9
94 4
59 4
31 9
19 3
63 1
90 5
71 0
72 0
66 3
6 2
16 6
33 6
41 1
54 3
8 7
80 3
75 9
78 8
69 9
54 1
70 7
93 3
51 4
13 0
32 9
92 8
64 7
14 1
37 7
29 5
54 0
58 0
74 9
80 7
19 8
23 6
0 9
89 7
91 4
65 6
2 5
37 5
53 3
22 8
49 9
89 6
79 1
0 0
20 1
14 2
26 5
31 7
16 2
28 0
1 1
18 9
90 5
13 5
57 8
48 0
35 5
12 0
4 9
90 8
31 3
82 6
42 3
87 7
33 7
69 1
47 7
71 3
21 5
3 3
9 0
86 2
69 9
92 6
93 7
36 8
22 8
7 5
36 4
27 5
65 8
36 6
18 1
38 3
80 4
83 3
35 2
87 9
16 1
73 5
46 7
71 7
81 8
89 7
12 4
26 0
25 2
3 1

62 10
101
29 3
20 6
57 0
61 2
7 7
32 2
17 9
53 9
0 4
26 3
24 5
25 6
29 9
42 2
58 3
58 6
21 0
30 0
25 3
8 2
59 5
9 9
60 8
36 8
42 0
3 9
36 4
39 5
31 2
5 8
5 0
44 9
16 7
60 6
55 2
50 0
4 5
49 5
55 4
37 3
61 9
23 1
44 1
0 9
43 4
47 9
21 8
34 5
46 3
44 6
2 1
37 5
36 6
53 5
51 6
19 7
17 0
34 8
25 0
16 2
13 6
30 5
8 5
20 2
0 6
59 1
9 2
40 9
47 0
41 3
44 0
36 8
14 7
6 1
19 7
6 9
32 7
37 9
23 8
13 9
46 0
58 3
37 3
14 3
55 6
9 4
46 0
39 3
27 1
42 1
50 0
34 3
4 1
19 3
19 8
35 5
46 1
26 2
4 8
11 6
13 4
1 1

69 40
123
9 1
26 33
7 26
17 17
17 28
6 26
8 4
10 31
11 37
38 5
10 22
6 8
32 10
10 10
40 25
44 13
44 15
68 4
62 38
46 12
66 36
45 36
67 5
3 34
10 33
12 20
0 33
41 30
16 30
47 27
31 12
25 37
68 7
60 18
18 39
18 21
25 34
65 29
26 37
11 27
56 32
25 23
52 34
7 18
25 9
25 22
46 4
53 19
47 28
17 18
38 38
15 13
55 5
37 26
24 10
41 39
48 12
18 24
61 4
42 29
39 38
22 17
3 23
62 24
2 25
55 39
35 31
1 16
32 37
12 3
51 34
25 33
41 13
37 27
5 2
16 36
32 9
15 25
45 21
12 6
8 31
6 9
8 35
4 4
61 9
25 19
24 23
51 31
31 11
39 28
29 30
44 22
67 33
28 17
40 24
22 39
4 20
38 1
35 21
3 7
18 30
39 30
7 9
60 29
26 14
36 27
68 20
39 31
66 16
65 29
65 14
51 4
20 20
43 23
15 29
31 28
4 4
44 3
37 36
55 11
40 31
2 28
25 16
9 1

18 9
7
10 7
7 3
8 6
15 8
17 2
11 5
0 4
4 3

10 66
62
5 65
3 40
4 7
6 42
8 21
0 8
2 16
0 53
8 32
2 43
4 61
4 21
0 56
2 26
5 16
0 6
1 34
8 11
8 34
8 53
2 27
4 26
2 6
5 46
7 48
8 38
2 44
6 4
9 0
5 63
6 14
4 36
2 50
1 64
0 51
2 14
6 50
5 47
6 7
8 26
8 0
7 0
6 34
2 20
0 39
4 33
2 2
5 34
8 11
7 61
7 65
9 28
4 6
4 56
1 25
4 58
7 55
4 15
0 7
2 17
3 2
2 48
2 2

1 20
20
0 5
0 17
0 15
0 9
0 3
0 4
0 2
0 3
0 5
0 11
0 5
0 9
0 0
0 16
0 8
0 7
0 0
0 0
0 15
0 7
6 4

18 43
138
5 8
3 13
17 12
9 20
17 14
6 17
13 37
8 17
12 31
6 22
9 42
10 28
15 24
9 3
16 31
5 38
5 14
10 18
13 41
16 26
8 14
3 28
1 34
8 31
4 33
10 8
2 34
3 27
1 31
0 31
1 25
17 18
12 1
2 4
14 20
8 33
8 25
4 20
4 20
2 17
1 13
5 37
14 29
10 5
2 22
0 18
7 6
0 31
15 37
16 18
10 17
6 40
17 23
13 23
8 22
10 19
7 30
4 29
12 14
14 14
2 18
6 13
17 41
13 16
12 24
10 42
3 42
12 5
13 22
3 6
6 15
12 6
0 6
15 9
3 41
10 24
17 12
8 2
4 38
4 22
9 42
12 29
5 42
15 16
15 39
15 10
12 13
5 16
14 41
2 24
17 24
9 31
4 35
4 5
5 8
4 16
1 17
1 16
16 6
13 11
3 37
3 8
11 37
2 40
7 25
7 15
11 5
5 12
1 17
10 0
16 20
8 9
11 6
10 18
17 33
16 8
16 15
11 14
16 6
0 30
13 4
12 36
6 0
15 29
13 13
5 33
9 14
4 21
13 35
13 5
10 2
11 20
14 42
0 23
9 35
4 9
2 5
12 33
8 6

32 28
161
17 24
24 4
6 27
23 1
31 18
7 13
20 1
8 11
19 23
20 24
27 15
22 2
8 5
22 24
19 9
9 7
18 20
25 22
21 26
6 24
16 3
27 22
23 11
29 26
30 27
9 25
25 25
3 8
21 26
12 23
1 17
8 19
1 4
11 13
10 21
17 9
18 25
1 22
7 9
13 26
19 3
15 13
28 12
16 18
23 16
11 10
7 18
10 9
19 14
23 11
18 21
7 20
21 12
8 13
11 18
20 25
14 21
13 15
12 16
3 21
21 8
20 8
23 15
22 4
22 24
7 26
3 1
23 11
15 21
1 12
15 22
10 14
10 13
6 0
26 20
23 22
31 5
29 2
20 3
8 1
24 15
2 5
16 19
9 8
25 8
26 10
24 16
4 24
2 11
28 10
19 4
18 8
22 7
0 2
21 4
3 12
10 2
5 7
23 8
2 7
15 16
28 10
28 2
9 7
4 19
27 1
24 10
10 27
1 27
14 6
16 27
7 24
15 8
2 1
23 8
8 2
30 23
11 12
7 19
4 9
26 17
11 18
29 4
21 19
21 16
10 21
19 22
9 2
30 14
19 3
12 23
8 8
8 8
26 20
17 6
19 15
11 24
20 27
19 10
31 24
2 23
9 3
28 26
24 10
0 1
27 7
20 25
30 11
0 3
16 12
5 11
12 3
8 14
2 7
10 27
13 19
24 0
19 24
9 7
6 22
26 12
9 7

84 75
123
71 53
53 18
35 49
70 37
32 25
60 53
19 6
18 1
1 53
5 64
7 25
33 64
38 10
81 56
9 57
77 48
53 55
34 41
72 45
49 68
83 39
55 2
69 10
72 15
4 54
2 20
30 46
62 41
51 5
55 53
0 16
51 32
33 3
7 54
74 24
41 7
15 54
47 26
59 5
30 58
11 72
82 41
20 69
64 10
2 3
59 0
60 33
2 37
14 56
7 58
22 50
47 20
55 27
4 39
18 36
5 31
7 40
43 41
58 26
34 68
17 73
53 64
54 45
1 42
34 54
23 45
61 34
52 41
38 37
0 0
14 66
7 71
25 16
57 10
17 6
26 4
40 26
74 37
7 22
12 35
54 24
23 35
77 31
15 9
13 40
9 45
80 73
31 71
64 23
20 51
67 35
27 34
80 44
10 68
49 27
33 10
20 16
15 61
9 54
75 6
39 45
59 41
64 1
34 70
45 11
58 12
0 24
38 10
65 49
3 57
64 36
55 32
57 20
36 59
23 72
25 17
71 52
26 29
1 30
11 28
3 65
20 65
63 18
4 3

65 39
29
42 14
13 10
40 11
35 2
51 7
56 14
63 37
2 29
1 35
40 16
49 27
42 32
4 36
21 4
63 28
22 20
26 10
58 35
56 35
16 14
25 18
0 23
36 19
26 28
6 7
16 8
36 13
0 7
59 0
6 4

85 75
143
84 31
3 45
58 44
4 5
81 50
52 0
72 57
78 6
79 66
18 69
59 31
18 70
46 51
34 29
21 55
75 33
2 54
36 9
34 61
8 41
15 37
52 74
30 68
12 47
6 69
64 51
69 0
42 25
43 74
35 57
48 40
0 65
71 49
59 59
37 48
59 38
1 73
8 35
15 34
26 56
75 42
45 72
51 42
80 27
49 23
52 2
38 45
48 33
78 10
3 55
43 13
17 40
62 25
76 43
10 53
13 26
34 58
16 16
82 44
39 62
31 40
46 49
41 6
44 21
1 66
70 20
25 12
8 15
64 48
73 35
30 13
53 66
0 37
45 57
5 60
64 17
68 35
40 15
78 29
54 30
22 33
66 54
17 19
69 31
27 32
30 1
6 70
8 30
73 50
57 24
42 34
80 11
4 58
27 41
57 46
68 1
79 64
80 71
14 56
61 6
82 62
39 50
65 31
71 38
70 27
12 14
45 6
78 15
54 63
45 17
34 26
38 68
83 72
46 25
54 43
56 69
4 51
62 70
19 31
54 54
70 33
42 56
58 11
77 62
38 73
62 34
68 66
77 45
18 39
28 52
13 19
74 18
71 12
41 36
24 56
64 14
23 56
7 26
73 14
1 1
76 41
78 30
34 71
5 3

69 65
146
44 52
47 26
20 22
45 49
0 32
61 37
8 17
12 3
21 51
35 63
19 34
50 63
0 57
44 35
61 17
33 58
7 57
60 17
49 64
26 24
66 20
3 29
17 14
47 47
23 41
57 44
68 38
7 40
24 32
19 34
33 45
39 4
35 41
48 43
21 4
52 27
33 13
3 27
43 54
44 3
15 32
42 54
46 34
59 23
44 36
19 47
56 20
42 8
67 49
15 61
26 2
9 22
6 35
0 49
67 46
24 0
44 9
63 36
58 64
66 35
15 6
25 33
68 59
37 53
28 18
15 59
17 60
36 10
57 42
18 42
40 38
31 21
30 53
30 49
62 4
45 17
54 38
19 13
26 3
14 38
26 27
60 26
66 42
50 8
27 61
14 26
22 1
13 7
25 38
45 13
46 60
45 58
36 30
60 12
39 2
46 16
0 59
35 53
13 0
2 51
24 63
47 31
28 20
22 19
63 42
67 63
2 12
60 53
46 62
53 27
13 57
4 2
28 16
46 55
22 15
65 51
30 21
29 35
39 25
49 50
63 64
21 57
63 21
31 63
26 17
16 48
31 19
49 16
18 54
45 12
30 45
57 55
17 32
17 13
53 43
49 12
32 4
59 0
13 14
7 3
42 46
14 40
7 62
43 43
26 38
28 6
10 5

68 31
67
54 16
56 9
33 5
12 16
13 28
58 4
40 5
41 6
43 28
51 4
24 4
34 8
38 26
42 9
46 21
31 25
39 20
1 16
64 9
30 2
1 26
60 7
37 14
6 13
22 4
43 27
53 18
0 0
25 26
62 24
59 15
32 25
40 26
1 10
66 12
59 13
43 8
37 22
39 25
39 27
15 28
7 21
50 9
3 27
62 3
64 3
49 23
14 4
10 7
3 12
42 24
27 6
25 25
32 11
18 28
23 5
45 30
51 26
0 19
10 17
22 14
50 25
10 29
41 20
22 16
43 15
45 6
7 6

18 43
132
11 15
9 33
1 15
3 6
13 21
17 33
9 40
10 32
9 12
7 14
7 5
7 22
12 32
13 11
3 4
2 5
16 36
15 0
15 42
2 15
12 22
0 27
7 26
0 15
0 38
11 31
5 0
12 35
8 28
9 0
17 5
7 12
1 32
14 0
9 10
8 33
3 40
10 33
5 4
9 4
16 8
1 10
8 36
13 17
14 4
17 23
6 4
12 32
0 15
9 40
12 19
7 18
2 42
4 41
5 20
6 5
16 39
5 27
8 9
10 28
6 13
1 7
2 17
7 10
16 16
11 6
16 14
6 33
8 40
8 32
14 30
11 13
17 1
17 34
5 5
12 11
8 34
14 5
7 23
10 20
11 39
16 23
7 24
14 9
13 10
8 24
5 24
16 22
4 22
8 34
13 28
11 40
12 10
16 27
17 3
16 18
5 8
14 27
17 2
2 32
1 34
14 14
9 6
3 3
4 10
7 37
12 37
13 42
15 13
13 38
7 15
6 3
3 21
13 36
13 34
2 20
10 42
16 0
14 42
11 41
6 22
10 26
8 14
2 15
17 6
6 36
11 35
16 31
2 28
9 25
7 23
14 3
1 1

45 16
155
4 7
40 9
3 13
7 7
17 3
18 8
20 10
24 1
39 13
8 8
38 5
39 4
29 15
22 6
35 0
20 14
32 4
13 4
28 2
4 13
34 15
44 10
9 2
27 2
7 0
41 8
9 3
37 13
11 4
23 12
19 0
20 6
37 9
23 6
19 15
41 10
13 9
27 9
8 5
41 9
24 13
5 6
44 0
1 2
21 6
30 0
14 7
31 13
31 15
10 3
28 5
43 14
27 1
35 3
1 5
29 8
2 5
11 12
40 14
29 4
11 2
16 0
21 3
35 6
5 1
43 7
29 10
14 4
33 8
9 7
23 0
28 13
4 15
25 0
21 10
13 6
21 1
16 8
21 14
42 11
13 6
14 0
0 4
4 3
34 13
37 12
29 10
32 13
28 0
25 6
37 2
39 3
41 15
20 12
3 9
16 15
40 12
3 3
8 4
32 8
33 6
8 2
44 13
35 7
21 0
27 10
43 5
23 3
15 8
42 12
40 9
17 9
25 15
20 2
44 15
0 10
0 6
15 9
37 6
22 11
9 9
5 8
11 12
38 0
27 14
33 13
38 15
21 15
30 12
30 6
37 0
25 13
2 12
44 7
12 6
25 2
42 11
37 7
20 5
43 12
27 1
25 12
5 13
4 8
43 2
11 9
18 3
20 15
8 6
32 7
40 13
5 4
12 9
35 14
9 9
4 4

36 22
135
19 20
18 5
33 2
24 12
22 0
12 7
25 5
25 19
1 20
10 4
1 10
16 8
27 9
35 11
26 2
6 4
25 12
22 11
35 19
19 4
14 2
16 20
22 2
0 3
3 13
24 3
9 20
12 7
11 13
18 11
12 18
11 3
13 21
28 7
2 16
13 15
5 16
28 6
15 0
8 13
4 20
4 16
26 20
24 18
1 9
13 14
17 13
10 9
2 11
8 2
13 7
7 2
31 8
18 2
28 3
1 5
15 2
5 20
27 1
10 11
9 0
4 0
9 15
26 12
0 8
5 19
24 2
27 6
33 0
33 1
33 8
26 20
16 1
4 2
11 3
23 0
19 12
6 7
6 3
18 14
11 11
21 1
34 18
28 5
17 12
24 9
17 2
0 2
15 13
10 0
25 14
31 10
14 8
3 2
3 14
14 4
28 7
13 15
20 13
33 3
23 16
21 19
9 3
23 19
0 16
15 14
33 15
5 0
35 10
22 14
17 9
3 4
2 19
8 3
16 11
0 13
19 20
13 17
33 16
5 3
10 17
0 16
33 16
20 17
16 19
30 11
35 14
1 13
27 5
20 9
32 21
21 5
24 10
16 9
33 2
4 3

5 53
81
4 32
1 36
1 11
0 15
1 44
3 1
2 50
2 27
2 43
2 45
4 31
3 20
0 43
4 17
1 26
1 37
0 33
1 51
4 22
0 23
4 48
0 22
3 13
4 45
1 14
3 4
1 14
2 29
2 42
1 48
1 48
3 48
0 43
1 3
0 22
4 17
4 17
2 17
0 21
1 39
0 28
2 42
4 42
0 52
1 10
4 47
3 51
4 46
4 27
2 7
1 20
3 0
1 17
3 4
0 40
4 52
0 9
2 16
0 36
2 14
0 16
2 44
0 1
4 34
0 5
4 32
3 11
1 48
4 15
4 6
2 52
0 11
2 5
0 25
1 37
4 17
1 38
0 33
0 24
0 46
2 44
9 5

62 30
173
54 21
16 3
61 16
22 4
10 13
37 19
34 23
25 19
34 28
51 19
22 27
1 26
12 22
32 21
26 21
49 19
52 28
17 2
29 8
21 17
50 3
22 7
30 23
30 21
2 11
23 11
48 13
57 11
12 16
32 28
15 29
33 13
33 4
12 9
21 14
1 11
37 5
9 20
16 11
39 25
27 20
14 25
7 8
13 9
55 27
9 10
11 16
1 15
14 22
37 16
0 25
5 6
61 25
8 11
61 23
18 11
28 19
47 6
14 29
30 16
12 12
7 13
58 3
33 20
49 26
18 27
20 28
12 6
14 1
29 26
33 24
20 2
24 11
2 8
59 14
46 23
56 17
12 5
8 13
61 13
13 26
11 25
38 18
23 28
38 16
38 7
15 12
11 11
31 16
41 25
21 6
13 25
6 20
41 24
40 6
42 27
18 1
33 18
52 9
22 0
24 23
24 2
10 9
33 4
6 21
30 28
40 12
59 4
2 8
54 29
9 19
32 13
56 19
54 3
40 25
10 24
4 1
22 24
52 6
45 0
16 5
6 27
40 17
32 13
32 19
48 6
51 13
10 12
2 7
18 21
52 24
20 2
31 5
18 29
1 25
10 19
3 28
44 27
31 14
29 21
9 29
46 2
58 28
30 24
42 25
0 28
30 22
59 6
31 16
32 1
4 11
14 22
4 29
31 25
3 13
45 24
23 22
35 21
28 2
2 17
52 25
55 26
57 15
4 16
8 9
1 9
25 7
4 21
12 20
38 15
58 2
20 27
31 6
10 10

47 69
158
4 27
38 1
9 5
44 67
38 60
3 38
34 46
10 34
38 31
6 11
9 53
36 43
21 36
6 53
1 52
7 5
4 68
16 35
3 68
9 54
0 18
8 19
24 3
40 17
7 9
17 4
29 7
9 35
17 35
11 34
37 33
0 6
1 47
39 36
27 28
4 63
33 64
19 21
15 24
19 34
28 14
1 13
0 49
16 65
18 65
16 48
27 47
42 26
26 49
24 19
19 28
36 14
24 16
42 65
23 26
11 2
21 34
10 62
17 51
19 46
33 4
13 2
44 63
11 66
14 37
29 53
11 27
38 13
22 29
21 52
35 49
41 57
18 64
44 39
28 64
5 56
40 7
43 36
33 57
32 5
13 60
20 53
39 33
8 31
40 68
16 61
21 36
3 41
41 68
41 31
40 40
5 52
6 62
11 36
12 48
33 7
28 45
27 55
20 23
2 0
37 46
43 27
4 36
42 3
31 12
27 33
9 17
30 67
33 13
40 37
0 28
34 64
12 31
5 15
13 33
4 40
12 1
12 51
10 3
4 18
27 36
7 60
14 2
16 63
27 5
41 31
6 60
4 67
42 60
8 56
31 68
27 54
34 5
23 28
46 3
43 47
15 6
43 33
18 14
32 23
27 8
22 59
44 4
40 23
38 32
41 45
15 39
45 47
31 29
40 29
24 57
2 34
35 32
40 32
19 54
10 14
36 17
38 18
6 3

14 93
137
0 40
2 15
13 77
12 15
13 75
13 92
5 63
0 85
12 16
11 88
6 17
12 84
7 30
2 14
7 45
12 89
3 57
1 14
12 66
2 41
11 29
6 43
6 6
6 60
6 10
3 26
12 33
9 80
1 37
9 77
5 89
8 51
10 37
8 38
5 88
8 78
11 24
13 23
10 43
0 74
2 62
3 65
0 14
2 60
9 86
4 89
2 40
7 38
7 8
1 15
7 64
5 89
10 24
6 64
7 40
7 69
6 67
12 34
8 25
8 6
7 31
4 11
7 11
11 52
12 14
7 71
2 87
0 83
9 84
11 75
3 4
3 11
2 25
9 66
10 10
10 61
10 29
4 33
8 86
11 67
6 92
4 26
4 71
5 26
3 7
9 69
6 12
12 86
10 29
12 88
8 26
5 76
2 50
4 43
5 85
10 72
3 34
6 59
0 72
9 38
10 22
11 75
0 46
1 56
3 24
13 18
12 61
0 88
8 7
10 85
10 40
10 82
5 26
5 62
11 43
6 40
7 34
7 13
4 71
0 27
11 69
11 8
11 39
2 90
7 43
0 69
3 9
0 89
1 88
11 83
6 55
1 48
11 56
2 69
4 84
11 82
11 31
3 2

56 6
30
34 3
9 2
54 3
51 1
25 1
44 1
12 4
52 5
18 3
40 0
51 2
53 1
47 3
4 1
33 0
7 5
55 0
46 2
44 0
0 0
34 2
5 4
37 4
41 5
12 3
4 0
54 3
22 1
43 4
3 0
6 3

47 3
141
21 0
8 0
14 1
37 0
27 0
13 1
27 2
27 2
7 2
41 0
2 1
45 2
19 0
18 2
28 1
33 2
11 1
9 2
46 1
21 1
16 2
42 1
15 1
22 2
30 0
45 2
13 2
24 2
37 1
28 1
46 2
31 0
31 1
5 2
15 2
34 0
40 0
22 2
33 0
20 0
34 0
27 0
4 0
13 0
18 0
12 1
14 2
3 0
31 1
32 1
29 2
12 1
37 1
15 2
43 1
33 0
8 1
39 1
3 0
36 0
16 1
23 1
44 1
41 2
27 1
11 2
41 1
31 1
2 1
5 1
30 1
8 2
10 1
38 1
10 1
6 1
37 2
7 0
42 2
6 1
38 1
35 0
2 2
10 0
35 2
1 1
41 2
29 1
2 0
40 1
13 0
40 2
41 1
25 2
45 1
32 1
27 1
35 2
42 0
33 2
38 2
34 2
11 0
31 0
17 2
8 1
41 0
21 0
0 1
29 1
17 0
26 2
26 1
30 0
7 0
35 2
29 1
28 0
16 0
42 0
31 2
37 1
13 1
10 0
44 1
36 2
38 1
35 0
41 1
28 2
38 2
8 2
10 2
38 1
17 2
30 1
45 1
37 1
6 0
13 0
7 2
4 3

80 83
18
57 46
66 67
54 44
50 51
46 36
30 52
16 28
42 34
52 30
49 45
38 16
43 74
50 44
30 46
12 33
64 69
61 20
0 3
7 1

67 78
110
64 77
1 28
5 3
54 53
12 74
17 5
49 11
3 16
35 35
54 64
60 24
30 24
21 2
7 63
29 49
63 62
24 0
6 25
38 6
47 43
26 5
44 32
1 41
43 25
4 22
23 77
41 3
1 0
58 15
5 13
35 63
58 23
37 31
22 36
3 20
6 5
25 72
32 61
15 5
14 66
45 54
53 66
8 22
36 15
46 19
30 9
11 8
66 41
45 68
9 65
9 58
66 67
66 55
37 77
46 43
50 18
11 14
45 75
5 11
24 4
55 67
6 15
14 36
41 43
47 23
4 21
29 65
39 20
61 73
37 19
35 20
57 65
30 64
61 26
7 64
52 70
66 71
9 0
33 45
25 3
62 58
54 65
28 25
11 42
31 6
13 46
32 21
5 44
41 55
26 7
15 65
7 0
61 38
15 38
26 24
60 67
43 74
61 72
20 29
15 52
8 19
47 15
10 20
65 70
34 28
46 54
48 43
62 39
47 35
11 13
10 4

79 94
106
53 19
55 50
36 2
60 91
21 11
69 2
68 61
44 6
67 38
7 19
35 28
9 85
13 38
24 60
63 24
63 36
62 61
24 59
14 31
60 30
59 40
52 44
35 48
3 28
7 43
32 47
25 68
55 46
4 51
1 2
61 28
29 53
71 29
36 21
76 83
40 57
2 73
67 46
65 25
6 26
46 64
17 48
53 25
32 71
40 47
35 87
42 1
65 46
18 56
32 39
32 25
30 69
35 36
60 9
23 83
9 13
3 20
52 22
50 37
12 19
28 64
40 74
11 32
10 46
75 6
45 31
74 63
24 87
23 79
25 61
39 73
45 45
34 39
41 34
42 23
26 70
60 25
13 76
62 0
7 53
50 24
37 16
44 62
50 15
51 33
52 9
14 0
31 13
35 66
38 82
64 90
11 15
5 46
13 41
72 89
56 4
61 67
13 28
72 87
66 46
75 18
42 87
32 85
12 57
67 14
47 42
4 3

100 1
100
91 0
89 0
23 0
2 0
29 0
57 0
16 0
52 0
65 0
41 0
70 0
58 0
35 0
14 0
75 0
97 0
72 0
92 0
83 0
80 0
11 0
91 0
94 0
97 0
4 0
90 0
68 0
74 0
95 0
71 0
31 0
13 0
76 0
42 0
65 0
61 0
13 0
7 0
86 0
96 0
29 0
62 0
93 0
80 0
28 0
21 0
65 0
30 0
52 0
71 0
55 0
52 0
84 0
24 0
50 0
61 0
58 0
38 0
45 0
48 0
81 0
81 0
91 0
15 0
94 0
79 0
75 0
35 0
0 0
8 0
39 0
40 0
3 0
18 0
39 0
34 0
24 0
50 0
76 0
5 0
96 0
45 0
59 0
38 0
24 0
23 0
88 0
55 0
94 0
29 0
25 0
90 0
2 0
52 0
99 0
98 0
40 0
38 0
94 0
67 0
2 2

5 13
20
2 1
0 6
4 10
0 1
3 1
2 1
2 6
0 12
3 6
3 0
0 7
0 7
2 12
4 8
4 7
2 5
4 10
0 4
1 4
2 1
9 3

94 23
26
72 2
46 1
7 10
20 2
47 10
74 4
90 14
60 1
11 0
48 1
7 20
86 17
24 0
0 13
72 15
39 11
20 2
81 5
29 6
58 2
55 5
49 9
76 0
16 1
23 3
92 16
8 8

12 2
24
9 0
10 1
11 0
2 1
0 0
10 1
2 0
2 0
1 1
3 1
1 1
0 1
10 0
0 1
1 1
2 0
11 0
7 1
1 1
10 0
4 0
11 1
8 1
7 0
7 3

56 21
77
42 13
48 9
34 3
51 18
19 16
55 8
8 6
13 6
31 10
28 16
23 11
2 4
19 0
34 19
29 15
36 4
3 4
5 0
47 17
34 5
19 5
9 17
49 20
8 13
47 7
44 10
48 1
17 9
13 14
18 18
26 9
34 10
42 9
49 15
43 12
0 17
6 16
50 9
48 9
23 17
24 7
7 12
6 12
35 8
36 3
44 12
21 17
35 18
0 15
36 3
42 3
52 4
31 5
6 8
36 7
44 2
13 19
35 0
20 3
15 7
30 0
10 17
28 20
11 7
4 1
35 8
49 9
18 0
38 5
12 4
1 20
42 18
15 18
34 15
36 18
47 13
0 7
1 1

82 27
115
69 12
5 5
1 12
17 3
26 3
27 2
9 13
27 24
45 10
12 5
68 7
18 20
72 21
73 6
35 3
30 3
61 22
20 17
24 13
49 25
45 0
20 21
20 6
40 2
9 14
27 6
42 19
80 8
31 6
80 8
3 25
65 2
56 15
76 18
69 5
43 24
42 16
5 10
32 6
69 0
65 11
34 25
60 11
51 11
25 0
12 6
63 10
53 24
77 22
54 3
74 10
29 20
34 19
37 25
78 22
12 7
3 10
21 10
42 19
66 3
22 1
81 13
37 6
41 3
46 6
28 4
43 3
26 5
4 8
60 2
25 11
50 16
57 15
49 22
17 23
75 21
13 0
5 3
15 19
22 16
47 11
20 9
49 6
32 19
53 17
17 25
4 15
1 8
60 20
8 5
26 13
37 21
81 11
72 22
30 6
9 7
5 0
14 4
55 18
7 18
64 22
15 22
53 26
52 0
14 9
35 1
28 5
45 13
52 5
6 19
68 25
33 10
56 16
14 21
43 5
1 1

80 48
15
66 9
36 6
15 6
62 25
64 35
35 30
15 23
76 7
6 6
60 29
9 5
3 36
64 19
4 37
28 10
8 1

59 45
7
37 43
2 34
0 22
10 27
27 7
34 15
18 4
10 3

29 27
110
23 26
12 15
27 11
14 7
27 15
10 24
13 21
21 15
12 26
13 3
23 22
11 2
8 13
24 22
27 10
13 0
27 2
27 11
1 13
11 20
11 7
27 9
4 18
14 23
14 20
24 16
7 15
4 22
20 3
22 18
4 15
27 22
9 4
3 4
16 16
4 22
26 4
22 3
11 24
4 19
22 8
12 13
14 14
19 12
10 1
13 26
19 22
21 8
12 20
20 8
10 8
3 2
25 2
21 14
1 15
27 8
16 16
4 7
21 23
15 7
18 4
0 23
9 11
9 4
21 21
8 26
1 24
7 9
0 18
7 1
8 0
20 19
2 18
16 16
2 15
23 0
2 7
22 23
5 0
12 8
13 16
27 16
2 17
18 4
19 2
18 13
23 12
0 1
7 10
26 6
10 10
9 16
1 2
19 9
13 0
1 1
23 5
16 15
24 4
8 24
13 26
22 7
6 20
18 13
11 9
21 13
13 0
20 20
2 0
11 0
8 6

67 86
99
0 68
66 54
6 0
20 42
56 8
44 72
50 19
46 29
37 16
21 41
32 66
27 19
55 70
46 6
55 53
39 79
66 80
39 28
64 31
19 33
37 25
8 70
26 43
8 44
9 43
29 83
24 41
44 73
24 71
21 25
7 74
16 61
8 68
45 53
56 0
17 33
17 50
58 59
66 76
46 7
19 37
27 5
61 75
25 36
63 51
47 35
36 25
2 63
59 11
51 62
3 39
10 29
35 52
63 75
66 57
18 45
45 35
23 32
10 27
0 9
9 20
10 64
9 11
46 1
13 23
10 17
8 62
13 84
40 82
20 62
48 17
7 53
31 30
3 19
15 0
49 18
48 31
7 66
36 10
25 85
34 72
45 0
36 11
7 45
6 42
57 64
61 76
21 40
13 42
12 16
43 10
32 20
1 79
45 37
22 46
15 85
64 10
10 50
22 39
10 1

18 12
47
11 2
11 6
3 11
1 10
3 3
8 11
6 8
15 6
16 7
7 6
12 9
1 8
0 9
7 3
3 11
14 8
17 8
11 10
17 4
3 4
7 5
7 7
12 5
1 2
1 5
14 3
14 6
13 2
13 1
4 2
11 4
6 11
6 2
9 10
8 10
0 1
1 2
8 3
1 8
10 4
17 4
15 9
3 6
5 9
2 4
16 9
15 4
9 4

7 66
138
3 65
3 16
6 53
4 21
4 12
6 10
3 47
0 32
2 43
4 56
1 9
3 57
4 33
6 20
6 15
4 46
2 37
3 27
6 1
3 57
6 24
2 61
3 4
5 31
3 3
1 55
5 16
3 7
1 1
4 39
1 50
0 10
5 27
1 58
0 51
2 4
4 44
3 4
5 47
6 40
5 24
4 12
0 5
1 55
3 41
1 16
3 52
1 63
5 36
3 58
4 31
5 35
1 58
4 23
2 55
2 61
0 53
4 45
2 8
0 11
2 40
5 17
1 31
0 16
0 53
3 18
2 1
3 60
0 54
3 59
5 19
2 9
3 46
4 43
5 43
4 60
2 30
5 15
2 42
1 58
2 24
2 26
2 50
4 10
0 65
3 33
1 20
0 1
6 12
6 25
5 44
4 9
1 39
5 47
5 19
0 22
1 8
1 54
1 12
2 28
5 35
5 26
2 58
5 50
5 51
0 57
3 30
3 53
0 48
0 50
4 15
6 47
2 47
0 49
4 63
4 36
1 60
0 57
4 46
5 13
1 51
2 2
5 33
4 44
6 47
0 44
0 37
0 19
4 18
4 30
3 34
2 63
5 63
2 1
1 30
0 56
3 25
4 15
10 8

28 25
101
27 19
6 18
22 24
5 19
23 13
22 20
22 0
7 3
7 24
6 21
7 0
18 23
19 5
9 18
1 6
25 12
13 9
0 8
3 0
16 21
6 1
12 16
13 15
18 9
18 24
15 10
1 6
23 3
4 4
17 19
26 5
8 12
10 4
8 21
9 18
20 0
27 10
0 3
11 6
25 16
16 14
13 22
6 12
16 12
14 18
1 2
24 23
16 20
12 17
0 20
13 2
19 6
15 24
23 10
22 8
25 7
18 7
12 12
0 21
15 3
14 18
6 15
13 23
16 23
9 1
15 11
20 17
13 10
26 19
16 23
19 14
14 8
22 5
8 20
18 3
9 19
0 12
8 13
9 4
2 10
17 16
23 24
15 4
25 16
19 10
15 8
14 21
16 14
12 18
22 1
15 16
15 22
7 15
2 19
16 14
9 3
8 5
10 13
2 18
6 20
27 21
10 2

26 64
82
15 20
14 53
16 44
14 53
20 42
2 58
1 37
8 31
1 11
13 38
1 35
22 59
12 11
13 63
20 51
20 48
8 33
8 10
23 7
3 7
2 3
0 33
16 13
3 62
8 27
4 38
2 5
16 59
3 18
4 45
9 26
19 28
19 53
16 58
19 31
14 57
7 0
11 12
12 13
11 56
9 57
3 16
9 24
9 27
16 26
8 39
1 53
12 16
25 45
3 45
3 36
22 25
7 60
23 2
18 45
16 26
23 44
0 27
17 41
9 16
0 3
19 47
8 15
5 14
6 4
22 26
13 24
19 49
25 22
12 32
4 43
6 14
23 60
8 22
0 32
6 1
13 56
19 55
7 14
19 5
2 42
13 12
9 3

36 8
118
7 1
8 2
34 7
11 0
1 3
2 4
33 6
13 3
25 0
30 3
14 2
22 3
5 5
29 5
33 7
24 2
9 4
21 4
11 5
25 0
28 2
2 2
2 0
2 1
29 5
16 7
5 4
9 5
23 6
7 6
29 0
23 7
9 6
2 0
7 4
10 1
9 5
23 5
27 7
18 6
26 2
15 0
24 1
14 0
1 0
1 0
12 7
9 6
1 7
0 1
3 1
3 2
35 0
12 1
18 0
30 2
21 5
25 4
7 0
27 3
22 0
9 2
32 7
17 0
12 4
26 0
24 5
23 5
20 1
6 2
25 6
32 7
3 4
33 6
29 0
26 1
4 2
16 6
6 2
18 7
29 0
21 6
13 4
32 4
22 1
35 4
34 7
17 7
35 2
14 0
5 5
10 7
35 3
11 6
7 6
24 7
20 0
25 3
12 7
18 1
28 4
14 7
17 6
1 5
34 1
32 7
7 6
33 4
28 6
0 2
3 0
31 1
16 2
31 4
34 1
22 1
14 4
13 6
4 2

93 31
98
39 21
22 20
34 29
69 17
49 24
38 29
31 16
33 25
16 21
4 5
86 13
69 0
7 12
41 21
92 0
1 5
89 10
25 28
83 21
90 21
65 23
63 0
39 30
69 22
49 12
51 20
30 15
62 16
25 3
31 24
64 28
81 3
8 4
14 20
5 7
13 18
71 23
82 26
83 23
10 24
32 1
70 0
46 0
64 19
84 27
63 7
31 24
10 0
35 22
70 15
76 9
40 18
75 6
81 12
81 8
18 1
22 22
20 22
15 3
71 16
6 13
30 6
79 0
69 15
61 1
87 0
65 23
5 19
14 16
81 22
69 18
18 18
51 21
79 22
23 3
61 10
57 29
6 29
37 8
73 13
86 22
28 12
89 4
44 1
88 16
22 7
88 4
48 11
51 9
32 13
51 16
9 9
37 20
28 11
10 12
46 20
3 24
0 4
6 6

