7

9 9
3
4 3
4 4
4 5
3 1

10 10
4
4 4
4 5
5 4
5 5
3 1

16 85
24
9 72
2 23
1 33
2 72
4 48
5 51
14 71
14 51
0 15
1 41
14 59
4 9
14 48
4 82
12 39
6 55
1 8
11 66
5 16
14 0
4 34
4 64
2 77
11 84
20 9

63 60
88
23 1
49 57
41 24
38 24
25 11
2 34
0 4
26 45
9 24
40 15
37 48
4 30
52 58
28 1
55 4
42 39
25 44
23 39
41 17
59 58
27 14
48 5
19 16
16 38
35 5
45 34
33 30
12 45
57 17
15 25
16 6
49 54
55 30
10 15
42 2
60 49
19 37
59 24
49 36
18 39
33 18
38 0
61 43
28 19
24 44
25 8
1 50
37 11
12 26
17 27
4 36
6 28
22 43
1 13
38 43
27 17
12 19
24 59
56 55
8 9
59 36
6 22
6 2
20 10
8 22
15 30
53 7
17 10
13 52
10 37
37 26
41 51
19 39
23 21
25 43
12 21
17 51
47 58
54 18
61 2
11 42
55 38
37 47
55 1
40 36
30 13
49 12
33 12
10 2

32 38
35
12 12
24 17
23 19
18 32
6 8
10 0
0 24
9 28
14 35
16 14
21 21
17 2
2 26
16 22
18 32
31 22
20 25
15 7
27 22
28 30
31 7
17 5
4 29
7 30
20 14
23 21
1 37
0 24
11 0
19 29
3 31
7 0
31 29
10 18
6 19
3 3

96 47
157
35 7
26 40
93 39
87 3
8 18
52 40
92 33
52 31
84 15
68 6
47 25
81 42
95 13
50 24
0 19
84 18
67 17
68 22
70 37
9 4
25 33
76 14
11 17
32 28
16 30
6 21
30 1
67 45
58 44
88 25
8 23
30 10
91 24
22 11
23 27
1 11
77 11
27 34
48 19
38 29
29 8
81 13
38 32
6 23
41 38
59 11
9 45
10 38
41 21
32 44
84 30
72 36
31 31
66 26
57 29
54 7
52 10
89 2
39 33
17 8
22 5
6 15
30 3
15 40
61 8
84 22
54 29
89 36
50 41
53 1
94 12
35 33
6 17
80 43
63 45
66 19
64 25
82 45
13 3
33 35
49 14
20 40
51 25
92 37
45 31
54 46
52 41
15 45
1 34
49 7
33 44
62 0
33 40
37 9
13 8
70 37
79 3
5 46
64 45
92 11
18 10
91 5
69 6
56 39
32 7
25 10
28 28
50 44
65 42
47 7
46 12
40 35
27 37
80 37
29 21
34 35
69 3
42 7
17 21
6 35
2 1
44 6
89 23
52 26
44 12
59 31
94 30
35 3
84 40
30 32
44 29
94 20
69 1
87 2
52 35
74 26
71 11
4 7
75 9
26 45
22 34
9 42
41 5
23 7
43 39
0 3
58 24
67 32
45 35
44 17
81 37
39 26
42 18
39 11
19 4
60 10
39 8
15 12

93 59
73
8 5
20 37
1 56
38 58
35 4
38 33
70 1
35 30
75 17
36 23
43 31
46 55
58 49
45 4
89 41
1 16
0 49
36 31
56 1
37 14
31 29
64 8
62 30
19 41
82 0
26 1
61 23
17 22
78 14
19 39
90 44
57 6
65 51
86 26
89 49
81 46
85 24
12 42
60 10
24 10
86 5
84 55
18 13
30 13
56 23
44 52
22 0
26 38
34 57
65 45
17 48
77 16
90 33
52 33
18 49
63 49
63 26
59 45
76 40
12 30
69 45
78 15
81 2
81 9
41 10
79 54
13 30
43 26
6 43
39 38
19 17
33 6
83 26
8 5