17

9 9
3
4 3
4 4
4 5
3 1

28 7
70
3 1
8 2
22 2
23 5
19 1
15 5
3 0
21 1
19 6
9 4
19 5
23 1
12 6
20 5
26 4
6 0
8 5
14 5
4 6
24 0
3 3
25 4
10 5
4 4
2 4
1 6
26 6
26 0
0 4
11 3
18 3
18 4
23 6
26 2
10 1
6 5
2 3
5 6
2 6
27 0
8 4
14 6
27 6
12 2
0 3
21 3
3 4
11 5
3 2
12 0
17 0
6 3
4 2
7 5
24 3
8 0
10 0
26 1
9 0
21 2
19 4
26 3
11 6
22 0
14 0
4 3
15 4
5 4
1 4
7 6
31 6

6 13
26
1 0
0 7
0 2
4 11
1 6
0 0
5 9
3 7
3 4
0 12
4 9
5 12
5 10
4 1
1 3
2 1
4 7
3 2
2 6
5 4
3 9
0 4
5 3
0 6
3 10
2 7
9 5

12 23
101
2 7
11 14
6 19
4 5
9 0
7 0
0 0
11 20
10 17
0 20
4 15
10 5
1 21
9 15
10 13
5 19
4 3
11 11
10 18
8 10
2 19
6 5
0 10
6 21
5 15
3 8
8 12
6 11
3 14
10 4
7 22
7 12
4 12
9 19
8 19
7 4
11 0
1 17
6 13
9 14
0 5
7 10
11 17
10 20
5 20
5 22
3 10
10 21
6 14
0 1
9 17
9 18
0 18
11 3
10 12
6 22
7 16
3 17
0 21
7 2
10 7
0 13
2 9
11 18
5 14
2 6
7 7
5 16
11 2
2 20
6 9
8 17
0 9
4 2
4 1
11 1
1 5
3 3
1 20
9 10
2 8
5 9
2 10
9 20
1 3
4 0
7 9
3 13
0 7
7 13
5 10
4 13
7 8
8 20
8 11
7 3
5 12
11 16
2 17
1 9
7 20
23 7

24 13
36
10 2
13 4
0 2
8 1
4 2
1 2
8 9
14 6
19 5
18 2
5 0
2 7
1 12
6 10
15 2
4 8
4 4
12 11
22 9
0 11
6 0
9 8
7 8
3 2
5 2
20 12
12 1
1 0
19 7
15 12
18 9
2 9
22 4
4 7
20 1
1 7
21 6

27 29
218
10 7
20 5
6 2
13 23
15 9
22 18
13 16
22 26
11 16
8 24
8 20
15 26
17 24
19 27
10 17
12 23
25 11
16 22
5 6
14 10
14 8
5 18
15 0
21 3
9 6
20 14
25 7
6 10
25 14
9 28
23 16
26 24
6 6
1 18
26 8
21 26
12 7
18 2
18 3
14 26
23 3
21 14
14 6
26 20
24 14
13 17
11 18
19 10
22 0
25 26
12 10
4 24
17 22
24 0
9 0
15 22
1 22
16 13
13 8
8 10
11 14
8 27
7 27
3 2
3 4
11 5
8 15
6 26
14 2
2 9
25 27
3 21
4 8
9 27
10 20
9 18
15 23
2 20
0 9
25 10
1 26
23 17
16 3
24 15
26 21
25 13
11 3
10 16
21 15
7 24
1 12
11 2
17 18
15 19
17 8
21 7
21 21
20 3
19 7
20 10
5 15
3 22
12 0
2 18
19 22
13 3
26 4
24 10
11 12
22 15
18 7
19 24
7 18
16 25
8 21
0 19
17 26
22 13
15 20
12 21
3 3
14 14
23 11
1 6
1 9
22 14
8 25
20 13
26 25
11 20
3 9
3 17
4 9
2 23
25 12
1 16
20 9
19 5
22 11
7 6
9 24
0 5
4 19
22 9
11 15
25 28
3 19
4 0
24 5
18 25
7 5
23 15
6 8
16 11
9 21
3 13
24 19
25 19
10 10
18 13
1 11
22 24
23 12
6 16
14 20
19 26
11 22
11 25
14 1
4 2
13 13
16 14
0 23
2 25
23 26
23 27
13 5
14 13
16 20
13 19
19 18
9 26
0 27
0 8
9 9
10 2
9 8
9 4
3 16
22 8
23 24
20 22
0 14
2 6
21 17
17 25
21 2
17 13
18 0
5 14
5 10
0 10
2 15
0 28
15 11
24 13
7 14
13 2
9 13
26 9
19 11
26 6
9 15
17 5
3 26
21 24
18 24
25 17
28 7

33 37
327
16 6
5 35
8 17
30 4
29 31
22 16
21 10
11 15
29 27
2 16
2 33
7 2
32 10
32 17
7 29
17 17
12 32
15 9
5 9
6 8
16 3
26 6
0 22
9 33
18 14
0 15
21 1
32 5
9 7
24 19
24 33
19 15
25 9
20 1
20 21
19 12
29 32
28 19
20 4
27 4
3 1
21 26
7 6
22 22
22 29
32 35
28 14
29 1
11 25
28 21
5 5
10 7
19 18
9 31
27 14
23 15
3 23
4 26
19 10
26 10
16 25
30 36
9 9
21 34
11 10
8 20
14 10
3 32
21 17
29 16
7 21
13 16
22 9
29 18
11 22
19 33
10 10
30 29
17 23
2 14
9 17
13 30
15 13
17 30
7 14
7 10
11 20
28 11
14 26
17 2
21 11
14 16
2 25
12 2
25 4
14 18
5 14
25 2
20 22
15 30
1 21
24 27
29 21
18 12
6 3
22 26
23 3
22 28
15 28
13 24
23 0
28 22
12 10
21 28
2 12
11 1
0 0
24 12
9 18
18 4
8 11
23 21
18 5
20 25
13 9
4 6
27 12
31 20
14 5
29 22
25 23
23 8
9 27
20 19
6 20
25 24
15 14
15 16
0 21
11 23
22 34
27 28
15 29
5 24
13 0
17 11
30 28
15 23
22 2
5 0
6 13
10 33
31 31
23 6
1 20
5 32
5 1
24 5
6 0
27 10
22 10
4 2
9 4
8 16
30 31
14 15
20 20
14 27
12 7
12 6
27 22
21 14
18 11
24 35
4 30
12 9
30 27
2 35
13 20
12 4
10 23
8 3
20 31
24 34
23 9
4 34
19 23
16 2
27 8
8 18
5 23
12 30
6 30
10 15
4 12
31 4
1 9
0 1
12 3
24 14
15 26
21 27
21 23
18 32
23 10
29 28
30 11
3 9
7 4
8 33
28 5
15 6
29 7
16 16
22 8
27 5
7 30
26 3
10 4
9 8
20 32
18 9
4 35
9 26
18 34
29 19
30 12
7 22
12 14
13 15
0 4
9 6
18 19
9 0
30 24
30 19
29 23
13 4
17 31
31 0
31 24
0 25
6 11
27 7
3 21
16 7
13 28
32 12
26 32
32 7
11 30
4 5
8 1
14 4
28 1
10 17
30 25
30 6
12 20
17 10
25 22
31 16
24 0
4 28
21 32
13 5
16 14
30 30
2 11
26 7
2 28
14 21
13 21
23 14
6 1
12 36
17 29
21 6
28 28
13 3
28 7
7 13
4 36
2 7
3 7
5 21
2 10
20 27
10 8
26 33
24 3
3 24
30 17
26 2
5 34
32 6
14 12
29 24
22 13
32 4
25 26
4 18
16 23
5 17
25 18
32 33
29 2
26 23
21 12
8 4
28 15
23 24
6 5
15 27
10 19
32 31
3 16
14 36
23 13
29 15
17 32
23 22
29 10
31 21
20 6
14 31
25 31
43 9

42 12
228
19 3
5 2
27 6
41 5
41 8
22 0
40 2
34 2
24 9
11 6
25 1
31 2
8 0
38 0
19 4
2 1
8 9
16 6
10 3
39 9
31 3
37 8
25 0
35 5
0 3
24 11
1 6
3 10
28 0
10 0
13 1
2 8
32 7
25 3
14 8
25 6
3 7
3 0
31 6
11 1
30 1
23 3
12 2
39 5
9 2
34 6
7 4
39 1
5 1
10 10
19 10
1 5
32 6
40 3
12 8
17 7
7 10
35 4
18 6
40 8
13 2
32 9
6 9
26 5
37 3
26 0
4 10
37 1
7 2
2 9
18 3
30 8
33 6
27 8
29 9
16 7
0 2
39 2
28 7
41 1
12 3
41 6
11 3
6 11
25 2
1 10
34 9
25 10
8 2
21 3
4 5
24 2
24 1
2 0
29 8
41 2
21 10
15 8
18 10
17 5
10 6
15 4
29 5
11 7
28 5
0 11
2 11
3 6
23 10
34 11
4 7
1 8
37 9
19 1
20 6
21 11
21 4
14 5
41 4
20 1
32 8
36 10
27 7
12 10
20 11
37 2
38 8
18 4
13 9
13 7
38 5
32 4
23 7
33 9
6 2
40 11
23 1
32 5
16 10
24 3
10 11
13 6
8 6
25 8
22 7
7 1
5 9
36 1
24 0
21 5
11 4
23 6
11 0
5 0
30 6
24 8
41 10
37 7
24 6
32 3
34 4
14 0
34 1
39 6
27 9
2 2
9 11
22 4
17 8
3 2
6 3
40 5
20 7
2 5
32 10
7 0
11 2
21 6
32 0
0 9
11 11
39 8
23 8
18 0
0 4
8 7
9 6
3 9
16 9
2 6
38 1
0 10
23 11
27 3
12 5
6 7
33 10
29 3
6 8
7 7
27 11
28 11
8 3
5 6
5 5
28 10
9 10
12 1
35 1
39 7
2 4
18 1
40 7
4 2
19 9
37 10
37 11
6 10
17 0
0 1
39 10
26 9
21 1
29 11
9 1
33 2
15 11
20 4
31 4

26 31
165
16 22
15 15
13 30
20 0
10 23
3 9
15 3
23 9
6 16
12 21
20 19
9 24
1 12
13 19
10 2
23 19
0 29
22 10
12 9
24 30
20 18
12 30
20 28
14 10
19 23
22 3
0 5
12 2
20 7
13 13
18 4
8 13
22 14
7 25
13 22
20 21
20 30
21 17
0 22
7 28
9 22
14 7
5 11
2 7
23 22
11 24
18 28
19 8
1 6
12 16
5 10
14 19
19 29
17 4
24 16
9 3
18 8
4 20
21 16
24 12
22 8
17 24
16 12
25 11
22 2
23 15
19 28
15 4
2 25
21 27
7 7
0 9
20 1
1 28
9 7
25 25
6 18
14 11
11 18
21 10
14 13
3 28
15 16
20 14
1 15
17 25
17 10
24 8
6 6
10 9
14 8
21 6
16 5
19 13
22 4
15 28
19 12
0 14
10 22
23 7
0 17
19 1
17 16
21 2
9 21
13 17
14 12
17 23
15 5
20 23
4 26
19 21
0 7
17 21
5 2
12 23
15 30
1 27
7 30
11 29
18 18
4 10
12 25
16 30
23 20
5 27
16 19
1 13
16 2
17 13
9 18
13 12
22 27
10 28
0 15
22 6
14 0
1 22
1 1
20 4
10 15
8 18
16 16
16 24
16 28
3 27
9 0
18 30
20 3
5 1
9 14
4 9
17 2
3 24
4 2
13 3
12 29
7 19
3 8
15 12
5 25
13 5
21 21
12 14
12 28
3 5

16 48
179
8 9
8 23
5 9
13 36
12 3
9 28
1 33
4 30
13 3
0 42
15 37
14 45
5 3
15 23
4 6
5 25
13 43
6 24
6 41
7 44
5 33
9 43
4 35
11 38
12 24
0 24
0 29
3 9
9 32
1 4
15 42
11 0
11 4
8 29
8 39
15 10
8 4
3 25
1 0
0 39
8 31
12 8
10 42
10 13
7 0
11 47
9 2
4 0
7 29
3 6
0 43
14 19
2 41
1 36
3 32
1 41
13 14
11 14
14 4
9 44
15 3
2 32
9 15
0 35
2 29
3 4
5 18
15 34
1 27
7 22
2 22
3 30
2 9
1 10
3 12
7 19
10 43
1 7
12 38
6 17
4 34
11 12
12 46
5 27
15 22
2 11
0 27
14 40
7 37
7 42
2 8
0 33
7 38
12 25
3 0
10 29
4 17
6 47
3 7
7 14
6 28
7 1
13 33
0 31
0 2
2 13
3 19
8 24
1 3
11 31
8 0
5 14
3 38
4 21
11 32
12 0
2 26
3 26
15 35
14 22
10 32
14 37
2 18
0 45
13 2
12 22
7 31
9 26
2 36
12 23
10 9
6 44
4 14
4 31
0 15
2 12
0 23
8 40
6 30
7 15
15 24
6 38
13 6
14 17
1 6
9 37
0 47
6 35
13 21
15 19
2 35
13 20
2 46
9 6
10 2
15 16
7 9
10 11
14 0
4 36
0 10
14 24
7 11
12 1
1 30
15 1
0 8
11 44
7 40
1 9
1 31
10 27
10 30
9 34
1 42
2 20
9 3
8 25
7 35
5 3

20 27
85
17 13
9 3
11 3
16 1
14 24
7 3
16 7
7 9
13 4
16 0
3 10
6 24
1 3
0 15
16 2
0 1
14 2
0 3
12 2
11 10
16 24
17 20
17 14
12 16
17 22
5 18
9 26
3 19
12 8
10 22
8 23
10 16
8 7
19 2
1 10
4 0
11 22
19 3
12 6
18 25
15 9
5 3
6 14
9 8
8 26
14 21
11 6
5 25
2 12
10 6
15 2
12 5
0 16
15 22
19 9
10 5
9 6
1 12
16 18
7 13
7 4
6 25
3 21
5 26
8 18
8 21
11 5
13 19
1 1
19 7
7 15
5 21
15 19
8 8
12 12
13 8
18 20
6 16
2 2
1 24
9 18
7 25
8 16
19 23
14 6
2 6

21 31
213
8 8
6 14
3 17
11 25
19 8
2 0
10 2
18 2
7 8
7 4
9 21
0 8
8 27
8 10
6 0
19 12
17 28
3 15
6 13
5 27
11 22
0 10
12 13
14 26
6 12
16 18
7 0
19 17
10 24
9 11
2 16
3 19
11 30
12 9
10 3
6 17
16 22
3 10
10 13
11 16
2 24
14 29
9 2
14 6
5 8
7 17
11 6
20 1
20 17
13 6
13 18
15 7
2 17
1 27
17 1
2 5
7 24
12 29
10 5
3 8
7 19
3 26
6 20
18 25
1 8
7 2
2 21
20 12
5 0
13 3
6 16
20 8
17 7
9 13
4 28
20 11
10 11
13 7
8 4
0 5
13 17
7 18
4 16
1 30
1 17
14 25
17 11
6 3
11 19
8 30
12 5
15 9
18 26
8 28
9 8
11 7
1 3
3 5
17 23
13 2
0 27
14 0
4 30
5 12
16 10
3 14
2 9
5 4
6 2
5 24
3 21
20 15
19 30
13 4
7 15
11 2
8 16
9 19
0 0
3 9
10 10
6 9
20 7
18 11
11 10
3 18
11 28
20 25
9 29
9 27
1 14
9 14
5 20
13 8
1 9
4 27
8 5
16 20
19 24
11 4
20 29
4 26
18 8
19 25
9 24
18 23
13 26
13 14
14 4
7 21
5 14
6 15
15 13
15 24
20 6
7 13
17 24
0 4
8 24
5 28
4 7
12 11
2 29
11 9
10 12
20 14
6 22
19 15
1 24
6 6
7 9
4 13
5 15
2 12
2 20
0 22
20 27
8 20
19 18
14 17
1 0
5 30
14 27
1 13
3 22
4 15
4 5
6 10
12 1
15 17
17 6
19 29
11 18
6 18
12 28
16 13
5 3
0 13
10 8
2 2
5 7
18 14
15 29
7 7
11 12
10 19
0 21
7 11
7 29
0 20
7 28
5 23
2 22
35 7

5 4
9
0 0
0 3
3 3
3 1
4 2
2 2
2 0
4 1
2 3
41 10

49 7
95
17 6
38 1
16 3
6 6
42 0
41 4
5 6
30 2
28 1
32 0
1 3
27 0
15 3
41 0
9 0
2 3
13 3
31 2
13 4
45 5
48 5
5 0
33 0
4 6
20 1
11 4
18 4
7 4
28 4
3 5
14 6
6 4
14 5
44 4
13 6
47 2
22 6
18 1
21 0
43 6
24 3
42 1
38 3
26 6
46 0
27 6
41 6
40 0
35 5
13 2
48 2
19 1
7 3
39 4
31 3
47 3
13 5
6 0
28 6
7 1
20 0
18 6
35 1
26 2
18 2
36 3
25 3
28 2
24 1
1 6
8 3
27 1
47 6
9 1
12 0
15 6
29 5
22 0
41 1
32 3
24 2
21 3
16 1
38 4
11 3
33 4
40 6
24 0
28 3
12 4
20 4
19 4
16 6
45 4
43 2
6 4

28 13
152
22 7
10 11
3 12
23 4
13 8
24 8
17 7
14 2
17 6
3 5
19 0
27 10
4 4
17 4
21 1
20 10
6 5
17 12
15 12
21 5
8 3
8 12
7 6
1 11
19 2
15 2
4 0
20 11
12 9
16 6
17 10
3 7
12 4
25 10
12 2
17 3
19 6
23 11
3 3
27 11
11 5
0 2
16 8
27 9
26 2
2 12
6 9
21 9
22 3
10 0
15 4
0 5
15 1
18 1
9 8
21 11
25 8
9 6
26 9
19 1
25 4
12 8
21 0
14 1
13 11
12 3
26 8
0 8
27 6
20 8
3 0
13 9
7 8
17 0
2 4
24 9
6 4
24 7
18 11
9 0
0 0
2 8
2 6
14 8
9 11
9 10
10 4
23 7
24 1
5 7
11 9
14 12
4 11
15 11
24 2
19 4
19 8
12 5
2 11
25 0
23 3
27 12
13 1
23 2
10 3
6 7
16 3
20 4
5 10
22 0
11 3
25 6
13 4
24 4
12 0
26 10
23 9
5 0
1 8
5 11
1 3
19 5
8 6
17 11
27 7
21 8
3 4
11 11
8 10
11 10
11 4
12 12
2 0
6 11
23 6
16 9
22 2
25 9
20 6
10 1
0 3
23 0
7 7
16 12
7 5
5 9
2 7
1 5
26 11
7 1
10 6
4 8
46 6

38 38
77
5 4
16 18
2 18
20 36
4 12
29 20
10 37
24 25
6 32
31 26
10 5
33 10
22 12
7 35
23 34
11 13
26 32
6 31
14 33
2 6
7 6
25 34
32 37
2 24
35 34
13 11
21 10
9 34
16 12
8 15
24 29
32 19
20 32
11 8
0 14
21 1
5 15
22 11
24 24
27 28
10 36
2 20
2 10
25 10
19 0
5 6
1 33
33 7
31 31
6 20
12 11
37 25
1 27
28 21
32 6
8 26
33 34
13 1
34 16
0 37
34 21
8 3
36 11
36 15
6 28
16 4
33 4
26 29
31 24
7 4
36 22
25 22
33 30
30 22
4 7
2 37
7 17
29 4

6 15
27
2 8
3 10
1 3
5 4
2 7
5 3
0 14
4 9
4 1
5 12
5 11
1 12
0 1
0 0
1 2
0 12
4 14
3 14
3 9
5 6
0 6
1 11
2 12
2 14
4 13
0 10
1 4
50 7