15

4 4
4
1 1
1 2
2 1
2 2
1 1

5 5
3
2 1
2 2
2 3
2 1

5 5
4
1 2
2 1
2 3
3 2
1 1

5 6
6
1 2
1 3
2 1
2 4
3 2
3 3
1 1

6 6
5
1 2
2 3
3 1
3 2
3 3
4 1

42 28
32
8 2
35 14
1 7
5 27
22 23
26 0
3 10
39 15
26 14
11 23
0 4
29 12
9 21
9 9
19 3
15 5
35 5
28 4
18 18
6 15
4 1
12 16
2 18
7 11
22 6
11 23
38 6
0 0
8 27
30 18
20 17
40 20
960 168

1 22
119
0 21
0 6
0 16
0 17
0 14
0 8
0 20
0 12
0 7
0 2
0 12
0 15
0 17
0 0
0 7
0 14
0 21
0 0
0 3
0 14
0 14
0 1
0 10
0 11
0 7
0 5
0 2
0 20
0 3
0 13
0 16
0 7
0 3
0 14
0 11
0 16
0 21
0 6
0 3
0 12
0 18
0 1
0 15
0 6
0 19
0 20
0 10
0 1
0 16
0 1
0 18
0 20
0 19
0 10
0 16
0 10
0 7
0 0
0 10
0 3
0 9
0 10
0 6
0 10
0 4
0 18
0 14
0 8
0 13
0 8
0 20
0 17
0 17
0 5
0 11
0 18
0 13
0 14
0 15
0 10
0 3
0 9
0 19
0 2
0 18
0 20
0 4
0 4
0 12
0 16
0 18
0 21
0 8
0 12
0 0
0 11
0 2
0 19
0 5
0 9
0 12
0 10
0 13
0 21
0 17
0 18
0 6
0 6
0 17
0 10
0 20
0 4
0 9
0 10
0 14
0 3
0 12
0 12
0 2
650 143

29 22
101
9 15
24 0
16 20
21 12
9 18
10 20
26 15
25 13
24 14
10 3
13 5
19 2
6 5
21 11
3 11
17 13
15 1
26 11
22 11
19 10
11 6
11 14
26 11
0 3
7 8
4 12
22 13
4 20
4 12
18 6
3 10
12 12
24 4
26 8
16 13
9 17
3 7
22 3
4 12
6 3
28 4
28 5
5 16
12 8
19 1
23 11
15 14
0 7
17 17
14 14
16 15
5 20
4 14
3 14
25 2
23 11
22 12
4 16
25 17
18 20
21 19
25 11
3 8
12 11
22 9
13 9
18 18
13 10
18 18
25 2
0 20
7 10
27 19
10 8
21 16
18 19
25 0
16 8
24 16
26 6
11 4
9 7
19 20
2 0
4 18
27 4
18 7
2 14
5 3
14 12
27 12
12 14
7 14
14 10
3 21
11 4
21 1
7 15
0 21
6 13
3 9
812 31

47 24
194
7 19
39 14
38 6
39 8
23 16
40 20
9 22
28 22
37 15
11 21
27 15
10 22
15 16
6 5
0 7
2 7
30 10
5 15
3 0
42 22
44 12
44 14
29 18
33 17
34 22
28 8
2 13
8 10
35 5
27 0
37 5
18 3
26 21
21 21
45 1
18 13
22 8
9 4
13 17
8 23
34 16
5 10
44 13
31 21
41 8
33 4
1 2
0 23
40 9
9 5
25 17
32 0
27 2
22 4
25 15
15 14
45 3
41 9
42 14
37 7
5 6
1 2
21 3
39 12
27 22
15 12
39 13
12 18
5 22
1 6
42 17
17 9
4 1
31 18
36 1
32 18
9 16
19 11
34 0
45 13
46 0
35 13
22 14
26 4
12 4
41 4
25 1
45 2
45 8
38 4
12 23
39 2
36 12
21 12
46 16
46 21
10 3
16 2
34 6
8 6
30 14
10 12
18 19
16 2
3 10
5 19
1 3
27 2
28 17
21 23
31 20
15 4
26 22
39 15
41 23
24 9
34 10
34 4
4 7
0 0
40 4
2 16
36 13
36 6
19 22
18 21
45 2
36 19
4 23
21 16
33 9
44 0
37 19
16 23
40 18
13 21
24 22
12 22
20 8
0 12
2 9
33 21
39 4
45 19
7 6
15 11
37 23
7 18
12 10
35 19
0 2
2 14
22 11
14 0
38 17
6 11
3 16
25 5
0 23
29 15
40 11
8 0
27 0
8 11
1 16
23 6
34 3
29 6
34 2
35 8
0 0
33 8
2 15
25 8
31 13
44 17
41 18
15 10
29 23
24 2
42 19
42 13
1 10
0 11
13 20
36 4
3 20
44 22
46 13
8 7
19 9
30 5
27 3
11 2
507 30

17 19
199
1 14
10 1
0 15
5 16
11 9
4 4
16 18
2 4
10 17
13 10
11 7
11 17
14 4
6 12
14 7
3 18
11 10
8 4
16 12
7 17
0 14
9 6
4 13
16 14
4 9
7 1
13 14
5 7
7 2
16 1
13 7
8 17
10 3
16 3
12 18
14 0
9 0
16 1
5 12
6 9
6 10
16 2
11 8
4 15
15 16
16 10
8 15
10 3
6 7
6 10
5 18
6 15
16 13
12 9
2 14
13 2
10 5
14 7
14 0
2 9
5 6
8 6
2 2
13 16
13 2
8 5
3 2
7 11
9 16
4 7
8 8
11 6
9 12
8 9
11 10
14 11
4 8
5 6
12 16
7 9
8 5
14 14
13 2
3 14
0 13
15 6
9 12
16 16
10 1
8 18
15 7
10 10
9 17
4 11
8 12
6 1
4 0
11 5
1 3
3 15
15 0
5 17
11 1
15 15
5 10
15 10
0 5
10 17
8 18
4 17
3 1
16 8
10 18
14 0
5 18
9 18
2 4
6 5
4 17
6 17
4 3
5 14
3 11
0 8
2 12
1 10
3 4
11 5
3 7
3 7
7 10
10 6
8 1
16 4
11 0
10 6
14 10
6 14
14 5
2 15
2 11
12 18
10 6
13 16
2 4
1 18
16 15
4 10
0 14
13 10
13 3
9 3
14 7
12 6
2 8
16 0
8 3
2 5
10 8
11 8
7 1
6 5
6 12
0 1
0 14
12 14
9 15
2 5
14 1
12 8
9 14
8 18
0 0
12 3
9 2
16 14
0 3
7 18
13 6
1 8
4 0
3 6
8 2
6 13
8 2
11 8
0 17
7 0
13 4
5 14
14 3
7 18
12 13
3 2
1 5
7 9
4 14
1 3
14 15
819 107

13 23
177
12 21
6 7
1 3
0 10
10 12
9 22
6 16
9 12
9 1
6 22
12 21
7 11
0 14
9 3
9 11
8 13
5 6
2 17
11 11
5 10
6 8
8 10
4 0
0 9
6 21
7 9
6 7
12 11
2 12
5 22
7 19
7 21
9 11
6 22
9 5
10 16
7 12
9 10
5 14
8 21
2 4
6 12
2 15
6 14
9 2
4 20
2 20
10 15
8 7
1 7
10 0
12 22
3 8
9 3
4 20
6 15
3 17
1 2
11 10
8 5
2 5
12 14
11 4
6 12
0 14
11 11
2 14
1 14
11 2
3 22
5 2
4 4
10 7
11 22
11 8
4 2
6 8
11 15
2 1
8 2
5 4
4 0
0 13
1 21
12 16
7 4
1 21
9 9
9 1
3 12
4 15
9 9
2 7
6 22
0 18
0 7
11 4
8 16
3 3
12 14
8 1
8 15
2 4
4 4
12 2
10 22
3 5
3 4
4 0
5 15
9 4
0 4
2 2
2 22
10 3
11 15
4 8
3 22
2 11
8 16
3 14
10 0
10 17
5 0
6 7
9 16
6 2
2 10
3 14
12 12
0 0
5 3
12 16
1 10
8 7
4 13
0 19
3 0
2 0
10 22
11 16
6 7
2 5
10 8
4 19
7 14
5 5
7 0
3 5
3 8
8 0
4 0
4 12
8 15
3 2
0 12
12 0
12 2
11 19
8 19
12 4
6 8
0 17
11 12
9 20
4 2
11 1
10 21
7 2
10 17
11 2
10 19
10 4
10 17
5 20
5 7
3 11
751 160

21 25
76
19 13
1 18
6 21
1 24
18 2
18 5
7 15
13 17
4 11
3 24
15 22
13 13
19 14
8 3
9 17
3 10
1 18
8 2
2 2
0 3
15 8
7 1
3 17
10 24
18 11
9 18
15 4
20 18
9 9
17 10
16 23
19 0
2 14
6 9
18 24
9 9
9 21
17 8
2 8
3 1
8 2
17 0
16 22
14 23
19 22
9 3
20 17
11 13
16 11
16 19
12 19
5 7
18 1
20 3
11 17
13 5
14 19
13 18
0 18
9 24
0 2
14 16
5 20
4 2
4 19
14 14
20 7
19 6
3 13
19 14
0 13
5 1
10 15
6 10
5 20
8 3
566 46

25 39
92
22 36
17 34
2 20
2 11
12 33
15 18
7 38
17 30
18 34
13 37
20 17
11 28
0 2
9 2
23 4
22 2
4 12
10 23
2 19
17 28
2 11
0 26
7 6
13 3
14 1
2 3
23 19
22 10
19 15
16 13
9 31
24 38
15 3
19 17
14 3
7 9
10 4
2 33
12 1
8 35
12 24
24 33
18 2
0 34
23 37
13 37
10 0
17 16
19 17
1 32
7 37
5 16
20 3
15 9
20 12
18 1
12 16
20 2
15 4
16 8
22 34
19 9
12 17
16 14
0 4
21 11
11 18
20 20
24 32
3 29
1 32
24 31
4 4
2 38
24 6
2 20
23 33
10 10
13 24
21 1
23 3
16 28
8 34
6 12
0 36
24 12
4 26
7 15
1 9
24 24
17 26
23 21
365 51

35 30
182
11 18
29 2
24 11
12 7
2 3
14 19
29 10
34 6
22 29
31 12
23 6
22 13
25 14
21 7
29 21
23 16
21 11
17 25
32 29
31 7
24 5
34 11
29 0
7 27
11 20
0 6
26 15
15 24
5 24
26 27
26 21
31 27
20 17
10 2
7 25
6 29
19 16
21 25
3 26
27 21
20 12
6 7
33 27
32 24
12 16
27 2
29 9
3 21
0 9
9 9
4 17
16 24
31 29
10 12
18 4
32 29
34 24
28 2
17 24
23 27
16 6
13 23
33 24
18 23
14 21
8 22
7 2
25 21
0 2
32 26
25 17
27 12
33 13
28 23
12 28
7 17
4 13
32 17
33 9
9 2
34 22
16 5
4 12
34 23
28 19
4 27
26 3
1 12
22 4
30 5
23 16
22 13
30 5
19 24
8 21
32 18
11 19
18 9
27 19
1 27
34 26
29 15
16 15
28 22
25 22
8 4
30 10
22 8
32 24
12 23
21 24
32 20
31 10
30 0
29 26
34 21
4 20
3 5
10 2
34 5
10 11
31 17
23 9
2 23
4 29
30 25
30 20
20 4
26 8
21 26
28 19
29 6
13 29
0 7
4 20
28 1
24 0
27 25
14 16
11 26
23 19
32 28
19 10
34 7
32 13
32 10
27 17
28 13
32 28
15 18
12 3
4 11
34 20
32 5
3 8
9 16
22 27
4 20
33 3
19 18
26 23
20 18
27 27
27 5
13 18
19 22
3 26
14 14
20 15
17 28
13 26
32 0
3 11
22 5
33 17
32 17
9 27
4 28
5 22
17 28
14 19
19 28
280 198

29 44
80
27 38
13 1
14 4
23 4
13 17
18 15
13 16
4 9
14 33
23 1
13 32
13 7
27 22
0 23
24 41
28 39
15 21
7 17
12 26
28 42
22 15
27 38
23 22
21 18
5 11
28 37
3 38
0 34
18 13
19 22
15 34
10 23
2 12
19 27
1 34
10 29
15 13
25 41
21 21
0 22
26 39
17 16
22 2
26 8
22 17
13 25
17 29
13 13
1 28
2 38
27 39
27 6
19 41
11 19
28 7
9 28
3 4
15 15
7 11
12 35
7 29
5 9
9 30
28 32
10 8
13 12
5 0
13 22
4 2
27 30
0 10
27 33
19 19
19 34
10 42
12 8
25 34
24 3
6 19
27 0
148 119