34

87 178
115
61 19
24 164
28 23
76 148
31 124
52 121
54 106
73 24
5 87
78 71
17 36
1 138
31 125
45 89
51 66
21 145
34 51
43 17
54 113
38 29
16 172
20 86
69 101
40 129
71 143
48 84
29 152
1 74
18 9
72 128
14 160
0 26
35 93
0 130
60 52
72 110
26 176
44 169
75 173
68 110
21 164
53 161
70 104
24 82
6 64
55 33
0 16
53 102
76 125
22 160
84 79
75 177
8 0
56 47
28 176
2 171
41 38
58 55
59 19
44 15
58 171
70 11
48 37
2 162
83 152
53 39
84 158
41 12
35 15
36 82
56 170
15 128
32 108
25 22
75 138
73 21
86 116
20 55
64 19
10 154
73 26
83 141
45 5
1 71
61 165
56 74
43 139
38 165
85 154
73 101
61 67
56 10
66 139
3 18
55 110
76 115
8 127
67 74
13 74
51 106
6 43
63 175
69 94
56 88
27 6
44 77
43 150
68 127
76 73
32 20
45 2
63 161
83 60
1 120
7 175
1 5

62 131
78
20 43
40 103
50 1
16 38
4 42
6 56
34 8
30 20
6 61
21 41
28 65
39 16
55 103
37 77
4 16
23 56
11 51
29 70
49 114
32 29
28 49
26 120
30 4
14 62
0 71
9 5
5 19
31 42
19 125
42 69
44 99
40 86
47 55
15 110
51 52
17 20
34 108
53 128
61 76
58 68
46 39
58 94
30 106
20 88
60 47
11 102
58 48
60 77
22 88
52 2
4 62
3 80
55 41
56 76
4 128
13 103
14 49
57 61
29 38
10 41
45 0
10 120
6 120
56 119
6 125
10 103
34 16
36 62
12 68
28 74
7 113
33 64
3 8
8 91
43 73
58 44
46 14
0 83
49 197

191 104
33
75 51
7 77
132 54
6 0
187 63
53 29
35 76
30 6
166 20
17 100
92 58
182 92
111 66
166 67
6 63
103 68
116 100
104 7
168 15
26 39
153 3
39 80
19 73
45 29
142 23
93 1
177 102
190 93
167 7
85 20
110 39
42 93
135 18
169 141

27 33
61
21 30
18 30
3 20
6 12
8 18
23 21
24 18
10 4
11 8
0 23
23 26
4 25
24 21
9 14
0 31
11 28
24 25
20 27
25 28
11 22
6 16
23 22
0 20
5 30
9 7
20 17
9 27
25 13
11 16
24 30
1 22
6 8
8 31
26 30
8 2
9 14
22 28
3 18
9 19
0 15
5 16
11 19
1 2
9 7
7 7
25 16
19 19
6 25
24 13
11 28
5 0
25 17
16 29
18 29
26 2
1 1
3 7
11 31
15 15
23 13
6 4
127 111

151 37
160
98 13
5 33
49 3
41 19
10 34
20 8
82 25
0 2
114 25
15 9
56 32
2 22
112 14
30 31
53 9
139 24
70 9
108 35
20 18
102 4
103 33
84 17
65 4
61 20
124 36
7 27
80 26
88 21
46 7
57 2
98 31
143 15
91 32
51 2
40 5
11 4
36 12
58 35
103 2
20 4
58 22
116 34
138 11
112 0
109 14
139 22
109 31
3 4
120 31
54 22
143 12
102 28
115 31
109 24
87 12
92 18
127 32
101 28
81 10
43 12
64 20
125 31
140 19
123 24
58 13
48 7
124 15
14 34
90 24
25 16
126 10
70 18
57 29
63 15
73 33
69 24
115 26
63 17
29 31
144 29
146 4
95 6
51 31
48 15
122 29
12 32
40 21
45 16
99 2
82 31
62 0
39 16
124 13
100 29
5 35
60 32
56 13
42 11
29 35
123 1
136 35
13 33
124 26
102 13
91 3
55 9
25 8
46 22
146 36
67 12
149 7
53 4
81 11
81 19
148 15
29 6
69 30
63 29
132 2
73 2
119 4
51 2
5 27
116 5
147 36
148 1
4 33
45 6
143 14
46 9
121 20
112 12
136 30
42 11
14 34
9 1
148 14
147 1
76 9
88 33
56 15
54 15
138 16
56 4
110 19
24 35
107 8
36 8
91 19
75 24
47 3
150 17
72 28
80 26
142 27
141 23
137 35
72 34
59 6
90 2
161 154

163 173
141
13 99
55 14
79 151
133 58
101 108
101 127
109 164
30 9
119 83
98 98
64 109
101 140
136 24
53 101
50 41
147 93
82 119
55 96
34 155
95 97
137 26
58 130
24 45
13 33
104 9
151 29
129 86
57 4
80 113
48 63
12 74
143 27
134 43
156 22
12 56
41 69
71 26
20 53
87 69
76 105
94 170
98 149
104 34
63 145
53 163
52 34
43 145
59 114
131 136
132 118
40 111
30 102
9 117
157 37
33 21
26 45
66 79
60 141
161 138
134 87
44 140
5 155
146 69
106 75
98 19
35 145
155 54
49 103
33 7
92 25
9 152
121 114
65 126
81 152
61 94
139 127
38 1
6 110
148 15
53 108
99 163
108 73
40 86
65 105
147 58
129 20
68 90
17 114
140 120
33 172
22 123
139 54
2 133
125 17
2 101
11 10
82 80
48 145
35 34
115 73
91 119
23 154
98 54
36 39
76 80
83 166
46 9
89 39
85 12
60 146
160 70
116 144
12 84
98 32
61 95
101 77
41 56
103 171
0 162
46 81
115 155
41 28
110 73
104 164
39 27
125 90
27 149
122 35
93 72
116 122
18 131
50 135
107 82
36 69
149 15
40 113
5 97
117 152
115 44
27 45
121 72
91 172

90 128
166
72 94
46 106
63 76
6 21
40 35
88 26
71 27
29 46
3 5
80 30
82 83
61 17
47 104
11 124
53 26
45 90
50 95
72 5
44 26
55 14
2 100
72 77
59 38
53 111
1 67
62 17
89 72
34 102
60 84
64 59
87 125
20 103
72 90
86 8
80 7
35 49
28 63
81 107
80 121
60 16
11 104
0 83
29 68
70 96
3 27
74 7
26 49
63 116
59 91
50 127
34 19
56 77
65 46
67 19
61 100
39 105
13 43
57 112
29 70
1 39
69 59
88 99
50 120
6 18
52 122
78 127
50 103
79 121
6 14
45 2
58 16
66 69
88 125
62 35
56 68
9 56
80 117
83 116
71 51
28 91
4 33
63 14
74 125
27 12
40 99
27 33
17 100
29 40
53 37
24 71
14 76
15 9
46 106
66 68
89 8
55 78
36 12
70 98
33 117
28 60
86 69
62 55
10 48
46 120
25 86
89 18
86 126
53 108
43 38
72 126
84 112
30 95
79 82
35 92
56 16
42 4
31 33
41 36
21 107
71 90
58 16
70 23
43 37
48 12
28 111
2 90
36 51
80 115
32 26
73 53
70 91
24 29
81 114
73 87
15 91
1 48
43 93
54 39
79 72
27 122
31 0
61 76
29 105
20 33
1 82
44 116
74 91
7 8
75 10
80 9
72 113
39 77
80 51
77 76
72 111
68 124
66 35
16 121
70 101
80 60
3 119
21 116
17 106
77 5
80 81
52 86
35 111

154 164
8
34 90
36 163
112 132
31 64
123 1
106 79
107 137
61 145
196 129

45 143
80
34 56
17 124
26 140
44 36
22 31
31 132
21 119
3 21
7 25
20 31
41 119
23 131
20 99
2 87
12 4
2 102
3 64
9 96
23 123
10 92
11 101
43 70
5 140
21 19
19 53
0 62
31 8
13 122
6 109
20 70
21 42
3 74
26 104
33 41
5 107
15 30
7 11
1 20
33 4
0 12
37 38
37 39
31 124
37 130
42 36
18 37
4 63
5 19
2 115
42 85
13 26
38 120
40 24
40 21
5 39
2 83
8 50
24 73
40 132
33 47
40 21
3 90
37 112
7 100
20 94
9 122
3 140
22 22
39 127
7 52
12 78
13 34
21 78
20 69
16 46
29 131
7 107
42 45
33 49
2 106
20 197

140 95
5
102 84
103 37
16 94
117 0
133 74
124 99

155 151
36
57 131
153 143
3 112
46 150
124 113
75 131
62 8
142 37
124 23
84 82
42 35
15 6
61 82
68 99
72 1
111 113
1 36
148 63
132 132
134 124
46 111
94 105
62 4
131 50
22 149
101 132
0 103
32 72
34 131
57 111
24 128
47 113
89 27
151 8
13 86
136 100
42 125

91 48
161
84 36
39 41
49 35
12 19
31 36
48 41
45 16
67 4
38 1
39 29
61 16
26 22
0 2
2 22
81 19
28 22
85 3
24 18
36 47
88 30
21 29
82 32
45 21
33 11
4 22
82 26
84 44
50 32
23 9
39 12
35 27
14 19
43 2
90 38
0 10
73 6
4 11
68 21
86 10
5 39
46 25
28 8
67 34
87 5
56 30
66 24
66 19
84 8
44 1
24 8
42 34
46 19
34 20
45 31
59 39
84 25
77 15
88 20
42 31
60 39
70 8
54 41
62 14
48 36
48 15
22 30
37 1
90 18
68 14
28 8
57 18
68 6
74 37
81 3
54 9
59 44
65 36
59 3
26 1
78 37
17 38
40 13
69 39
42 3
75 40
75 27
64 26
37 27
25 16
66 24
1 32
22 3
17 43
12 27
36 18
2 19
58 40
73 24
88 35
48 42
57 28
16 19
23 19
88 45
59 40
64 0
53 32
79 22
9 6
54 20
27 13
64 35
87 12
78 16
80 36
72 42
19 10
13 29
57 45
58 16
73 31
16 8
76 38
90 26
67 0
51 0
80 46
29 18
88 12
33 1
7 4
70 36
72 12
69 43
60 41
82 36
83 33
61 14
72 33
4 20
42 41
49 22
7 31
78 46
75 4
56 29
89 20
41 18
51 2
21 6
17 9
89 31
9 47
50 16
57 18
22 3
70 17
74 15
35 18
70 1
78 11
137 82

54 116
13
14 81
34 62
19 104
46 98
30 75
5 31
40 32
9 93
16 69
35 96
22 59
18 76
15 73
174 189

145 57
188
135 30
66 11
49 25
93 41
8 30
120 54
134 17
138 28
20 19
79 17
3 38
133 7
72 34
87 24
30 19
137 1
85 29
61 17
129 22
89 22
76 17
9 3
95 42
78 45
83 12
137 26
36 21
88 54
78 6
34 23
19 21
104 34
70 52
77 22
30 27
30 45
78 7
19 54
33 55
0 13
94 6
33 19
94 33
77 42
144 13
128 24
123 8
115 3
100 27
94 12
54 14
83 0
3 23
16 30
39 56
129 47
138 43
110 8
131 43
106 17
130 50
134 9
16 17
11 52
136 39
93 0
69 39
134 15
92 43
42 26
8 52
86 3
114 6
136 29
4 40
85 39
128 2
128 4
33 1
4 53
107 21
13 6
54 27
108 26
21 26
115 56
73 41
144 4
85 3
7 44
55 29
26 5
58 28
38 14
43 5
93 4
5 29
4 51
126 3
88 0
126 9
53 10
82 48
127 39
63 2
126 42
94 56
126 55
64 52
83 13
106 32
87 54
136 28
35 37
32 51
83 53
43 45
48 29
49 28
119 49
88 28
9 14
4 44
84 14
51 47
1 40
89 34
61 41
125 8
141 43
82 42
102 54
106 56
30 27
80 8
99 43
53 15
33 37
97 54
113 5
99 1
119 29
132 47
117 42
54 40
125 54
55 12
104 6
125 18
139 20
138 37
64 32
136 51
92 19
99 47
139 53
88 43
56 14
87 37
116 34
101 28
69 0
80 36
110 9
35 8
43 46
44 27
122 3
62 15
136 48
139 44
136 39
59 53
68 55
33 14
112 41
78 47
15 37
28 45
105 39
61 34
91 21
11 31
73 16
100 55
140 40
34 25
77 8
79 186

14 164
36
11 120
2 24
13 6
13 157
10 10
2 55
13 97
4 113
6 75
13 53
2 10
9 107
10 156
0 51
6 159
11 52
13 115
2 122
1 156
12 5
0 27
2 122
7 87
8 16
6 162
0 150
9 134
8 157
4 51
11 78
11 162
12 2
6 48
4 76
11 159
12 126
144 37

108 166
196
35 101
49 158
30 145
46 131
102 133
95 86
49 106
79 147
3 129
56 29
35 121
24 149
70 71
14 114
79 97
40 80
100 164
60 74
41 118
53 18
20 107
48 50
89 153
25 87
95 123
84 155
88 56
32 85
15 138
103 80
68 96
8 108
66 72
82 158
83 61
51 109
99 35
97 57
26 116
97 146
3 101
52 158
91 27
66 40
54 110
0 161
21 34
1 125
103 50
91 144
3 30
53 158
86 42
38 71
1 102
58 77
73 85
61 11
55 111
0 165
53 81
79 130
33 59
83 22
106 22
88 106
8 67
55 128
66 91
12 66
33 164
73 113
8 30
25 50
107 85
79 148
5 27
83 144
65 156
94 142
48 155
55 118
64 150
11 36
55 84
1 7
49 79
73 10
51 152
60 101
76 64
58 101
23 137
3 109
61 75
36 110
0 61
23 52
60 158
19 122
20 98
1 141
2 44
65 152
58 7
95 134
67 128
65 103
93 76
58 40
16 49
39 127
63 56
12 55
78 23
53 21
15 23
28 137
92 58
22 158
104 101
82 141
30 149
5 77
98 6
77 121
5 88
13 56
39 85
62 93
41 91
81 47
79 47
28 15
9 79
60 107
87 120
96 29
13 7
76 71
1 85
54 39
16 36
75 126
1 42
5 28
15 138
65 17
101 147
51 42
41 15
57 156
15 120
73 158
104 50
80 31
83 71
92 114
92 132
16 151
82 32
32 137
49 115
13 137
45 134
104 142
37 73
4 28
53 120
18 150
38 114
59 156
67 72
2 4
45 65
107 160
23 146
78 33
23 116
39 72
59 158
31 160
38 20
89 84
18 139
84 150
12 138
54 137
3 144
51 133
24 152
16 124
59 149
60 41
89 101
1 130
151 53

148 109
52
127 77
72 19
100 42
10 98
142 107
135 9
73 3
104 21
117 88
29 93
87 18
28 37
47 44
12 101
75 71
144 54
16 27
38 91
35 74
145 15
88 5
131 100
112 16
28 17
86 47
140 68
91 46
117 40
83 27
78 103
9 97
75 53
24 54
36 78
88 27
92 105
74 51
128 6
102 29
122 12
128 34
70 2
64 57
35 107
68 53
121 9
13 63
30 47
114 6
112 2
95 24
81 68
21 125

190 61
20
132 15
122 33
69 0
169 5
90 50
97 49
104 9
154 0
99 0
110 50
42 27
75 36
72 40
28 51
153 43
137 8
132 59
114 8
121 20
186 53
138 153

197 27
63
146 17
156 8
29 15
17 5
89 15
49 10
97 14
15 4
5 20
177 26
116 1
32 2
127 24
130 26
160 8
87 26
135 20
21 14
118 8
41 0
128 12
190 1
187 17
112 0
17 9
154 14
121 19
77 17
25 21
147 1
171 21
54 17
193 14
76 1
26 18
38 7
11 18
138 18
105 2
106 13
57 6
162 22
186 3
58 19
131 8
43 22
141 17
173 23
66 20
93 10
112 17
48 9
18 14
35 12
144 6
167 15
53 15
55 18
9 13
55 9
43 2
47 22
128 24
8 126

3 56
43
2 5
2 17
0 3
0 49
1 10
0 14
2 7
2 41
0 47
0 37
0 37
2 54
1 12
2 12
2 36
1 23
0 21
2 52
2 31
1 39
1 40
2 39
0 37
1 19
1 48
2 7
1 18
1 28
0 23
1 10
0 35
2 28
2 26
1 8
0 15
2 26
2 13
1 31
2 2
2 46
0 19
2 9
1 43
146 68

118 192
189
8 184
67 1
28 82
85 49
103 113
71 109
1 174
50 64
9 97
66 38
68 143
37 77
0 47
29 145
68 95
110 182
1 105
39 105
6 2
9 183
12 147
23 20
7 3
69 41
64 72
89 177
89 100
93 92
56 49
45 148
34 166
91 105
73 139
24 108
106 55
49 166
50 65
97 96
77 143
26 123
57 128
61 63
40 75
9 130
67 16
117 129
0 125
46 142
60 41
57 87
46 158
1 150
83 97
61 110
33 112
62 62
7 158
40 40
66 59
4 11
46 9
28 72
32 114
23 106
64 10
93 134
6 122
5 150
12 45
1 124
71 114
64 63
51 4
99 49
102 95
69 59
115 69
21 71
66 25
12 18
15 180
12 77
89 181
83 168
66 64
5 42
3 132
98 24
7 176
15 20
72 169
27 65
18 127
117 11
56 49
103 24
6 154
66 51
16 88
76 31
66 57
89 135
41 36
6 110
73 41
56 181
61 147
93 157
25 158
110 78
32 138
53 176
77 13
55 59
83 36
101 89
15 172
55 171
2 163
74 61
57 161
67 123
14 16
76 38
74 172
103 26
19 5
20 153
48 170
80 16
42 43
14 156
101 105
56 3
78 180
33 190
80 50
31 75
11 70
22 35
84 77
32 57
88 88
111 140
11 133
39 26
43 160
81 39
56 55
116 80
48 95
48 163
79 128
56 18
88 38
27 82
38 171
98 175
28 109
99 93
70 124
111 143
4 134
81 100
75 82
60 54
0 111
113 143
115 125
50 131
68 178
73 146
53 85
30 155
58 85
81 71
109 127
71 125
58 26
107 34
60 98
29 7
107 182
33 137
96 152
60 79
27 116
103 174
28 102
115 192

134 187
72
49 53
83 78
124 161
24 76
28 130
125 155
121 152
125 50
85 176
129 168
6 17
86 136
41 104
58 107
53 182
86 35
129 17
86 8
95 45
92 117
7 177
88 70
17 0
124 35
55 118
58 43
35 0
0 21
127 86
105 38
102 63
100 173
126 84
33 10
111 118
25 67
98 47
11 20
94 141
24 141
29 129
63 74
86 142
38 134
98 151
54 174
106 17
77 178
29 167
6 84
120 8
130 12
9 69
98 22
9 48
43 19
7 12
129 138
36 53
85 54
102 30
40 66
44 124
59 124
122 105
28 49
36 8
6 184
15 70
29 143
82 26
97 96
70 105

25 125
169
22 58
6 2
21 55
13 99
10 103
8 82
0 61
8 60
15 3
4 72
18 41
12 94
24 104
24 19
18 51
9 120
0 93
23 67
16 96
1 64
21 28
16 109
3 49
22 111
3 90
21 42
14 30
8 122
18 57
2 19
11 93
16 3
17 104
7 92
3 65
15 74
0 98
9 45
5 97
14 89
9 10
15 85
7 75
19 53
21 60
13 32
11 62
6 107
24 19
20 59
9 66
11 45
20 71
12 41
24 121
21 69
20 9
12 31
16 91
24 60
24 6
15 112
6 105
16 91
7 53
1 26
22 18
12 48
9 86
10 89
19 56
12 7
24 33
18 30
13 75
12 67
24 103
19 46
1 41
19 78
22 4
2 118
0 89
24 14
23 85
18 69
2 112
20 44
21 71
15 8
6 117
14 110
14 54
22 38
24 42
6 103
18 99
11 80
1 18
5 106
2 104
2 102
11 75
11 119
11 52
12 119
23 26
16 94
13 97
1 65
16 96
3 46
14 30
11 30
11 46
24 116
16 13
7 112
24 96
15 101
5 80
1 41
15 21
12 14
12 66
14 103
8 116
23 5
2 122
15 86
1 53
15 8
13 83
6 79
7 114
15 12
9 96
1 121
1 50
21 62
11 118
4 50
3 103
11 30
15 18
24 101
15 122
21 106
19 35
20 5
3 93
20 71
14 54
8 85
10 106
9 62
17 90
8 71
22 58
7 34
15 13
0 28
16 9
3 61
10 94
24 74
14 49
9 94
1 48
135 96

61 62
155
32 6
25 2
37 44
24 1
57 2
37 45
50 16
52 61
52 51
1 4
21 22
54 44
42 54
52 27
48 60
4 45
49 18
33 11
48 45
17 48
16 27
26 57
5 29
59 44
42 1
3 47
15 61
40 7
43 31
48 19
57 2
45 28
35 26
60 34
49 49
17 39
36 13
41 21
37 23
42 32
55 12
14 16
60 27
57 34
3 30
40 1
1 30
47 61
17 32
37 27
41 26
45 56
9 7
27 51
55 24
50 49
55 19
38 42
52 58
37 26
55 3
60 0
8 56
52 10
36 24
6 34
48 13
14 52
35 24
37 42
36 40
56 61
43 15
15 44
55 58
25 49
58 13
41 39
49 61
3 7
33 38
41 43
53 51
20 47
30 34
35 15
50 15
10 19
11 19
46 15
12 13
17 21
46 49
14 45
31 22
59 20
37 46
43 51
41 56
5 50
29 29
8 19
53 44
43 51
9 15
5 49
33 2
44 7
42 13
59 59
38 0
51 34
42 23
31 19
46 13
33 37
14 9
41 12
57 19
17 45
55 52
8 44
41 39
45 23
43 7
14 14
47 61
30 18
33 24
47 61
21 39
24 61
20 2
33 15
33 23
41 37
51 39
26 13
25 30
17 11
6 2
35 48
36 28
35 55
11 0
41 58
8 21
28 19
21 22
53 3
53 36
8 28
52 22
35 16
11 0
90 196

128 186
81
20 49
69 66
0 120
55 98
81 4
64 86
24 131
47 66
88 170
93 52
75 38
11 121
80 102
62 137
0 91
107 45
14 0
94 112
124 142
27 52
10 7
93 105
27 168
4 2
117 183
64 58
111 156
28 39
114 126
103 177
2 39
7 170
2 146
31 156
124 114
76 60
21 158
40 73
53 148
36 102
14 126
107 176
47 154
62 165
98 15
20 123
120 5
117 92
2 12
121 66
78 82
4 61
110 103
20 4
88 21
78 22
28 79
101 55
64 37
108 137
72 3
8 105
29 176
59 155
18 69
29 128
121 158
68 17
77 133
10 140
16 123
12 112
17 170
119 61
20 14
117 71
100 83
29 19
122 185
32 74
109 31
142 93

154 197
83
59 157
55 152
97 20
7 90
52 178
85 26
66 152
148 78
12 163
45 116
108 168
69 80
35 88
4 77
147 100
151 178
24 96
137 181
107 186
55 132
101 141
110 47
63 69
90 79
130 31
67 73
12 100
97 173
9 48
79 80
3 46
52 164
124 195
145 61
24 178
82 110
29 67
133 130
141 43
11 84
45 141
59 69
102 59
88 128
66 24
99 158
114 75
149 95
144 56
150 45
141 154
107 39
117 162
31 57
55 68
49 163
136 137
82 87
16 109
108 51
103 104
42 81
117 81
12 30
55 12
22 18
34 101
4 166
65 96
120 27
114 51
60 90
119 29
24 100
3 107
59 183
13 149
134 156
31 14
71 49
92 129
59 93
111 45
116 93

86 167
194
61 64
76 105
53 75
1 135
9 108
1 150
18 119
3 7
53 19
15 157
52 99
10 51
60 49
29 27
43 124
8 45
45 156
36 151
65 145
52 137
57 94
66 18
39 8
65 111
28 79
40 61
42 102
59 5
77 65
67 23
9 139
36 124
58 131
51 105
7 54
63 108
45 21
45 153
85 57
12 59
59 69
81 56
62 58
27 99
12 56
17 142
75 112
10 116
10 50
49 118
4 120
19 89
42 44
28 165
50 90
14 90
25 135
32 13
25 136
73 52
69 156
15 51
8 41
3 22
39 87
68 132
77 86
84 140
12 113
71 139
11 120
13 95
59 116
73 69
74 4
33 30
29 113
42 12
2 140
4 34
39 49
55 75
28 136
76 103
0 109
79 86
40 138
22 133
76 93
71 39
85 103
58 159
11 53
77 8
68 160
50 41
57 122
26 163
63 6
83 141
27 162
70 79
20 41
81 142
38 105
51 122
64 114
64 159
55 77
38 65
14 57
8 124
14 9
3 126
15 5
49 145
3 124
40 39
24 22
35 146
21 34
35 65
52 128
85 40
80 94
17 114
15 102
7 91
67 78
83 87
56 153
26 132
17 61
2 107
67 32
20 121
26 158
72 36
68 52
35 95
82 147
77 104
21 116
26 142
28 71
80 7
15 7
5 105
84 55
63 25
35 121
29 45
44 37
72 151
28 10
16 30
35 108
82 110
81 60
17 55
0 150
18 137
24 70
11 143
33 146
53 118
31 22
35 27
42 125
6 163
59 120
82 76
29 16
24 57
14 68
54 92
74 59
66 1
18 114
38 83
1 130
78 114
73 127
63 97
67 76
44 162
24 13
46 52
23 106
10 91
49 160
31 14
54 163
25 147
149 69

63 65
30
27 1
12 21
30 54
45 35
28 47
14 20
62 42
30 34
43 37
20 34
0 16
48 39
40 20
11 13
28 50
36 54
35 21
47 33
12 59
29 2
23 60
61 56
25 1
47 53
3 55
32 56
45 55
51 15
6 6
34 7
59 2

59 83
116
12 64
38 13
27 45
32 74
18 82
2 59
39 64
33 82
32 21
38 16
34 9
17 13
11 77
17 81
37 79
48 67
16 67
36 63
9 58
14 8
37 71
29 45
39 68
27 82
32 6
7 69
24 26
15 41
51 2
36 34
36 80
24 64
57 21
15 20
34 60
22 10
19 64
20 66
14 5
1 2
4 8
53 73
9 52
24 79
12 27
35 74
57 23
17 51
23 31
16 54
5 50
51 42
23 28
36 39
3 59
52 6
21 28
41 30
25 35
58 75
0 2
23 40
0 38
11 30
19 53
46 79
50 42
3 38
15 40
42 80
2 61
10 28
46 82
16 56
13 54
46 61
15 9
29 60
4 41
14 10
32 35
4 79
7 46
33 10
46 67
22 4
33 71
14 50
0 71
27 70
39 72
4 82
4 73
29 62
19 28
37 32
12 31
26 62
44 66
55 21
55 64
58 73
7 55
27 76
43 54
17 3
47 8
17 67
52 65
52 6
48 21
7 78
35 81
25 17
40 62
33 58
122 46

46 81
199
21 58
2 45
30 45
29 15
24 47
3 37
11 65
41 76
41 6
35 48
13 65
3 34
38 60
15 55
35 23
30 3
22 13
33 70
12 50
43 79
39 49
30 37
22 36
41 53
35 78
7 34
26 40
25 40
25 71
40 36
43 62
13 47
4 8
25 69
10 8
17 53
41 10
45 50
15 18
25 25
39 31
34 76
20 25
29 42
38 29
44 30
42 65
18 54
24 58
25 32
22 2
1 19
4 36
20 32
24 62
33 8
1 41
43 30
1 70
33 13
43 17
27 4
3 51
42 79
42 16
1 25
37 48
26 20
37 28
34 73
19 36
2 78
1 30
8 66
19 52
22 49
33 71
29 67
4 52
14 50
24 25
38 75
10 64
38 24
15 6
42 23
38 23
9 77
38 56
21 23
44 18
9 40
10 49
33 15
32 52
12 75
26 35
31 69
7 40
25 49
42 74
1 62
2 48
45 5
18 73
27 35
5 71
43 50
38 20
38 62
5 6
37 58
18 64
30 80
0 76
34 6
33 18
9 29
7 41
26 58
24 69
21 28
36 23
39 79
0 40
44 57
18 16
27 1
26 70
27 3
9 75
25 48
25 62
14 10
40 28
0 9
26 12
0 11
9 60
28 54
27 29
39 7
29 68
44 26
18 56
29 62
16 63
22 65
37 63
44 1
38 80
27 38
13 75
19 58
28 56
38 53
41 50
24 48
8 70
36 55
29 64
39 18
2 73
27 10
15 51
45 55
37 74
34 48
23 57
12 79
0 78
41 62
32 80
10 59
20 68
21 44
17 60
11 76
27 53
0 56
10 6
12 60
35 78
13 76
21 7
19 46
30 72
22 80
11 67
10 56
28 73
1 56
8 74
40 60
2 78
1 65
28 48
0 75
0 58
186 147

102 84
50
23 66
73 53
94 73
91 27
83 41
69 75
36 59
79 36
8 31
28 22
24 18
32 78
58 5
55 75
44 10
50 77
14 32
73 74
53 82
39 19
20 28
85 47
63 32
28 42
58 0
72 48
24 83
26 54
92 51
23 43
40 40
76 49
43 34
8 6
59 52
3 31
8 80
72 70
86 44
7 3
39 57
5 27
38 49
5 82
2 28
50 71
9 25
12 33
63 46
30 63
142 3

198 89
188
37 59
190 87
193 43
51 53
25 59
83 25
143 24
24 48
126 67
11 75
122 80
60 78
192 79
118 52
175 62
69 46
77 55
76 74
160 40
175 51
3 68
79 8
135 59
137 20
114 35
175 50
196 38
131 70
58 20
175 85
4 87
46 47
103 43
151 18
49 3
185 11
1 75
30 69
184 41
87 12
180 63
194 19
75 56
161 11
87 54
94 50
44 84
56 66
60 88
124 37
158 52
38 39
34 52
96 67
176 73
67 85
104 53
25 43
191 59
33 6
46 65
83 25
73 59
8 45
53 28
109 57
123 68
156 42
158 69
6 81
160 42
108 56
16 84
131 4
44 85
94 75
44 34
189 36
119 58
115 35
161 0
164 67
106 70
184 28
62 55
182 72
10 10
103 77
106 46
68 19
20 7
170 64
6 12
69 54
97 82
86 31
179 1
127 4
69 15
130 47
175 21
176 22
189 40
51 54
37 7
55 47
139 35
71 67
108 2
30 20
180 4
79 31
17 63
10 36
125 64
106 11
85 52
10 57
47 13
45 48
138 80
93 15
104 8
53 15
44 58
173 11
112 88
48 70
91 2
158 50
72 66
124 75
133 39
101 87
71 80
158 11
19 39
118 4
14 64
171 56
133 44
149 13
151 5
121 61
117 60
139 52
107 69
79 65
60 70
33 0
138 17
139 2
34 74
150 70
94 77
109 28
152 65
2 0
78 70
118 70
181 58
165 44
93 10
4 54
115 76
174 35
100 63
152 14
37 74
154 44
153 48
59 43
95 51
17 35
175 3
104 23
29 17
153 82
142 53
131 23
74 26
77 54
182 47
48 57
112 54
153 74
98 72
171 0
25 75

129 3
70
89 1
42 1
118 1
73 1
117 2
2 2
32 2
39 2
23 0
26 1
114 0
55 0
26 2
32 0
80 0
61 0
50 1
12 2
37 1
31 0
35 2
35 1
127 2
21 2
100 1
95 0
116 2
32 2
29 1
103 1
77 1
13 0
2 0
31 2
95 1
58 0
71 0
53 0
31 0
91 2
114 0
72 1
72 2
106 0
23 0
66 0
99 1
83 2
88 1
126 0
31 1
49 2
11 0
43 0
40 1
29 2
55 2
110 0
60 2
84 0
22 2
46 1
84 1
78 1
107 1
90 0
114 1
104 2
97 0
23 0
191 154

44 41
177
41 40
21 17
41 21
19 26
20 28
30 9
37 19
2 37
28 17
24 1
35 3
34 5
16 33
24 30
24 30
14 16
0 38
14 33
20 34
43 9
15 33
21 12
32 5
42 17
10 10
11 33
24 30
32 30
13 0
17 9
8 6
21 3
27 12
24 0
28 23
2 36
43 14
39 27
19 1
26 4
29 15
29 34
9 9
36 25
11 20
7 40
41 2
7 33
19 38
16 12
41 23
41 9
29 38
30 22
39 19
18 27
31 13
6 38
35 18
7 29
41 0
21 3
7 12
11 22
3 1
12 38
24 7
2 38
35 31
35 10
22 1
11 40
38 25
11 19
13 33
41 26
41 10
41 22
43 10
11 23
43 17
20 4
2 5
11 11
1 40
9 33
34 25
41 15
1 23
41 2
21 23
41 28
27 40
22 40
42 17
32 31
18 23
32 27
8 18
14 33
11 5
32 40
39 37
20 25
34 4
17 5
24 39
20 23
17 23
43 39
42 1
43 18
10 40
24 9
42 9
29 33
43 36
5 40
24 13
8 20
38 40
42 39
13 33
41 40
33 33
9 25
42 27
42 33
8 5
41 35
10 25
37 25
42 3
28 25
19 40
43 4
24 10
43 35
41 26
24 38
41 17
34 4
8 33
41 16
41 5
32 6
27 40
1 23
18 4
42 13
41 20
25 4
24 29
24 34
1 4
24 3
8 15
32 26
24 34
41 30
20 23
42 37
24 6
32 20
15 40
42 25
3 40
24 18
12 4
43 10
31 40
43 17
41 28
34 4
15 40
8 11
42 8
106 183

