27

9 9
3
4 3
4 4
4 5
3 1

164 21
95
28 6
2 9
102 2
145 10
121 3
95 0
11 12
156 11
95 7
117 2
110 2
59 7
58 9
132 2
75 9
117 13
24 11
159 9
76 1
57 4
50 18
104 15
61 13
157 11
82 16
148 2
96 16
108 5
71 4
51 16
90 6
37 13
24 4
91 2
75 14
35 14
38 3
87 7
87 16
157 8
143 3
149 14
136 12
68 16
122 19
91 6
25 14
64 15
13 14
50 7
91 17
114 17
74 12
79 1
69 6
118 5
115 4
126 0
99 11
33 17
51 1
8 9
103 7
138 17
128 6
155 6
10 19
86 8
94 12
34 3
139 10
0 8
44 0
130 16
8 18
101 6
137 1
35 19
133 4
144 1
99 13
55 14
142 4
95 7
93 3
137 7
68 19
111 12
1 17
155 15
91 14
19 18
41 9
143 15
129 18
16 4

50 133
97
48 40
4 79
41 14
0 52
46 34
14 0
20 33
25 0
21 87
13 95
0 95
45 53
20 6
11 59
29 82
39 74
32 92
12 3
42 112
32 131
15 0
13 99
22 56
19 106
43 118
28 1
29 114
21 125
8 20
44 42
45 101
26 88
44 2
14 33
8 80
37 60
4 95
19 46
45 59
31 95
26 22
39 122
45 15
11 125
5 100
3 69
7 84
40 127
25 50
44 0
12 56
17 78
39 19
4 36
36 78
35 56
1 28
35 105
47 26
8 11
14 129
20 60
46 103
34 31
26 80
16 19
18 23
10 84
36 86
4 118
5 52
2 65
26 85
10 56
40 0
38 38
34 81
37 7
25 86
15 5
9 2
45 98
31 117
46 64
26 103
46 100
2 89
43 104
42 67
9 22
32 28
44 61
17 91
6 25
16 38
5 75
14 118
29 2

48 7
165
14 0
11 4
8 0
27 0
7 1
41 3
38 1
6 0
18 1
28 2
16 2
7 0
26 5
20 1
4 3
17 5
37 0
27 2
6 1
10 3
28 4
3 2
34 0
42 2
8 2
13 4
40 2
6 1
43 5
29 0
24 2
23 5
7 1
43 5
16 1
7 3
36 0
21 1
24 5
35 5
18 3
36 4
21 5
10 5
26 0
23 5
19 3
22 0
35 3
19 2
3 5
7 0
41 3
43 3
3 0
30 2
32 5
12 0
19 4
29 2
42 3
28 2
37 4
19 0
27 4
8 0
44 0
28 5
2 3
36 5
34 1
31 2
22 0
10 2
25 0
19 2
3 3
39 5
34 2
44 3
29 4
3 4
26 2
45 0
35 1
38 3
38 5
0 5
4 1
8 5
28 3
28 1
32 3
4 3
10 0
39 2
13 5
46 0
5 1
26 3
15 4
42 1
24 5
20 4
10 1
36 3
13 0
2 2
42 5
1 5
14 4
25 1
14 3
24 5
5 0
39 2
26 1
27 4
13 3
11 2
33 2
41 0
23 0
28 4
8 3
3 2
2 0
28 5
10 3
41 3
14 5
15 2
5 0
2 3
0 2
21 5
18 1
16 5
38 1
13 3
31 3
1 2
24 5
29 3
40 4
29 0
15 5
27 2
44 5
40 0
21 2
35 2
9 0
13 2
6 1
25 1
1 1
3 3
35 2
38 1
13 5
41 4
22 0
3 5
30 3
22 1

87 167
125
35 136
58 45
85 158
81 53
35 118
1 64
71 85
42 85
47 98
54 25
18 128
57 28
36 16
51 75
18 56
6 105
16 64
77 36
56 136
47 137
16 58
71 0
61 118
47 116
82 23
2 134
52 51
0 106
56 78
57 54
12 49
17 80
33 150
20 90
72 45
1 129
29 103
83 86
85 134
19 25
51 99
79 63
72 76
3 58
46 110
6 42
21 112
62 107
24 79
51 57
64 98
84 148
23 69
82 10
23 25
9 34
20 29
68 115
75 107
41 13
38 40
77 131
64 17
20 8
50 109
83 55
22 5
29 83
60 25
68 117
25 49
56 95
72 4
52 103
15 138
2 3
40 11
11 90
47 127
4 45
79 164
32 119
67 57
52 84
71 136
23 54
10 107
47 98
15 114
50 63
84 78
68 104
38 41
48 39
9 126
80 80
46 105
9 134
64 75
62 85
80 7
43 66
63 43
78 146
3 126
15 163
79 36
31 49
61 135
14 0
37 92
56 60
11 33
10 34
25 86
31 155
55 13
23 128
64 59
9 47
42 158
60 59
6 71
58 26
68 116
5 2

93 135
92
12 122
33 58
1 91
63 90
39 4
85 79
42 101
70 87
3 97
57 54
73 28
76 91
84 120
62 28
34 19
73 52
49 133
82 75
60 84
23 3
76 23
29 85
76 7
56 71
64 102
17 14
12 3
15 69
49 41
51 107
4 52
78 102
35 36
1 42
70 24
51 25
29 28
70 121
36 98
0 40
44 133
42 13
6 26
50 75
83 79
35 28
81 25
90 83
25 123
69 132
11 70
47 61
57 83
2 35
47 57
49 14
8 80
45 93
6 9
6 73
52 117
73 35
90 131
66 104
58 9
28 84
20 75
59 79
48 93
26 55
52 5
83 107
63 46
24 7
27 0
3 93
60 82
69 76
44 63
82 100
75 98
68 103
41 11
68 97
85 112
81 71
13 38
54 19
45 10
42 40
5 7
48 129
98 6

77 60
128
74 23
43 37
45 11
46 16
10 42
53 15
32 19
34 58
73 51
62 31
41 24
61 12
66 53
25 23
5 7
0 51
27 32
12 20
22 37
9 49
9 20
53 18
37 9
55 41
58 18
43 30
31 7
50 50
58 1
53 13
50 24
23 43
53 44
30 50
49 45
47 42
58 50
56 50
7 26
10 5
32 49
29 32
37 23
42 2
35 45
23 37
45 34
43 17
37 30
21 41
69 52
8 27
65 34
43 52
40 55
2 46
63 43
17 51
66 50
0 36
34 19
67 51
25 36
25 17
48 21
72 28
11 31
49 8
9 19
72 12
10 8
3 11
61 26
53 0
19 6
33 57
16 55
13 27
59 4
27 44
41 47
29 49
60 14
52 30
51 3
75 2
3 49
14 8
38 25
56 37
45 53
67 2
54 31
27 27
58 19
25 14
34 30
15 31
29 6
44 27
72 49
6 26
2 47
19 1
13 47
70 44
46 20
60 31
5 21
18 39
7 17
43 51
53 58
32 41
66 31
12 20
75 42
17 10
55 25
14 47
68 0
7 54
9 28
3 20
3 35
17 34
4 54
24 48
99 11

65 125
37
24 55
27 91
24 41
46 92
11 115
61 3
34 71
48 5
18 26
57 59
39 11
7 80
59 41
55 83
45 24
11 118
11 67
13 91
24 75
23 79
22 24
34 52
40 122
6 122
0 43
50 71
18 45
11 54
34 26
57 12
50 21
22 1
44 27
32 68
30 24
39 41
12 105
10 3

61 46
106
7 28
29 4
41 31
54 18
45 29
48 27
43 38
55 40
21 39
5 27
20 17
28 29
29 8
19 24
16 14
5 15
5 26
50 1
12 21
49 19
12 44
46 10
15 18
28 36
27 33
26 25
42 31
9 33
40 28
57 41
35 17
4 10
20 1
18 25
14 44
14 41
28 8
22 43
26 27
12 39
7 30
34 34
16 35
44 11
4 42
45 31
36 41
3 27
27 21
22 26
20 13
59 25
21 43
24 3
55 28
42 2
50 16
43 36
51 35
55 32
54 32
10 15
13 28
19 25
34 18
13 24
2 4
35 8
18 36
11 28
11 15
8 1
53 43
59 7
55 9
24 34
26 27
12 31
40 16
3 22
57 31
53 29
21 20
14 1
11 18
36 44
3 29
7 27
20 7
34 30
53 35
57 27
9 39
43 35
32 32
49 14
55 27
20 23
3 5
39 21
45 16
13 25
52 35
37 4
27 3
20 21
36 2

184 90
129
50 12
131 24
129 28
145 50
43 24
137 2
47 66
154 41
162 67
95 58
125 25
109 7
133 60
141 12
78 67
106 0
125 47
42 27
132 18
112 22
1 26
106 28
47 82
89 28
134 75
7 65
133 88
90 11
159 79
85 87
89 4
7 4
128 66
167 82
119 42
11 61
45 62
50 5
78 2
60 48
146 31
46 44
125 30
121 67
8 12
39 33
97 18
69 23
160 69
61 13
33 54
98 23
72 7
171 15
110 85
120 42
56 21
171 13
127 74
166 26
15 78
174 36
133 52
37 2
55 9
148 9
177 23
108 24
94 84
158 62
26 36
36 40
85 34
146 63
16 66
106 39
33 16
26 84
98 1
35 34
168 36
124 29
69 9
46 45
27 27
67 84
181 78
77 76
69 22
54 88
52 6
57 55
139 69
10 24
30 71
91 35
51 56
119 32
147 74
166 70
68 52
169 8
153 35
156 87
44 68
124 57
70 58
123 52
24 30
23 85
60 0
134 74
28 51
113 55
176 50
108 70
146 58
134 55
157 29
97 83
76 73
180 38
162 31
115 57
11 32
122 6
69 17
5 21
85 52
28 7

144 24
92
92 7
69 22
84 5
2 7
133 7
8 7
81 1
22 4
82 10
19 7
56 7
127 14
124 5
15 20
8 21
124 9
34 6
23 1
77 9
132 21
44 22
55 2
71 14
65 0
127 5
103 9
122 1
126 20
84 16
93 6
142 16
26 14
100 13
104 4
26 19
54 15
42 13
28 13
20 11
76 0
10 10
140 16
99 11
69 6
97 18
85 13
69 16
82 21
136 15
37 5
88 11
65 17
9 2
53 6
43 16
129 17
117 11
138 8
82 12
42 14
60 15
109 1
72 21
132 9
67 14
61 12
69 17
118 20
53 8
84 4
109 22
102 21
29 3
85 3
138 9
4 6
112 16
136 4
137 7
84 15
103 9
49 11
81 22
60 17
5 7
41 3
23 13
126 16
74 19
139 21
53 1
76 1
70 18

13 19
128
6 0
6 7
1 0
3 4
9 3
8 8
0 8
3 13
6 10
1 13
1 2
2 8
1 8
3 1
10 6
3 2
4 8
3 17
0 5
2 9
2 8
3 1
4 12
0 8
8 17
3 9
7 5
3 2
6 11
7 8
11 9
4 3
9 0
0 3
11 0
6 11
0 9
4 4
7 4
7 3
9 14
4 2
0 5
8 10
10 4
6 13
7 10
8 10
10 15
1 13
7 5
11 2
0 15
4 13
0 15
2 1
6 6
10 10
5 4
8 8
2 2
9 1
4 0
9 1
7 2
8 6
1 17
2 1
7 11
0 11
2 8
0 0
0 14
10 6
1 10
6 7
0 15
9 3
1 16
4 6
1 16
7 6
4 1
0 11
0 0
10 1
7 14
7 1
5 10
5 10
0 17
9 11
7 6
2 8
9 0
9 4
10 8
8 14
9 14
5 2
1 7
9 2
10 2
7 13
10 7
9 11
4 0
4 17
5 0
8 8
0 3
4 14
5 0
5 0
9 14
8 8
10 3
2 6
6 9
7 14
2 2
7 1
2 9
6 7
9 6
1 7
7 5
4 16
37 9

123 173
155
93 9
39 129
107 89
23 28
120 131
93 152
83 94
55 2
102 138
14 43
20 61
38 121
113 123
47 122
10 10
6 81
17 79
8 134
117 17
21 169
15 126
116 100
60 1
86 20
37 50
13 99
86 34
33 33
3 116
22 151
39 162
120 130
77 83
59 58
40 68
70 69
74 26
33 54
115 100
56 150
100 122
92 66
0 111
24 125
87 76
20 166
78 156
61 127
29 38
112 160
82 54
7 120
6 39
52 99
41 60
35 101
56 139
90 158
10 88
63 118
40 35
102 50
106 57
33 79
45 11
87 13
87 117
45 137
18 119
96 107
84 126
82 18
17 16
77 156
44 108
4 88
106 34
86 156
32 136
107 171
23 123
85 25
50 130
84 36
108 31
7 86
73 171
90 62
22 101
118 112
68 140
35 2
111 151
22 87
121 41
100 67
86 83
16 44
76 58
82 120
41 43
12 58
61 122
85 51
26 159
31 82
86 4
26 123
68 54
98 83
61 108
94 72
22 62
40 54
91 17
40 30
96 28
7 95
32 30
0 22
55 122
34 145
102 164
98 102
112 126
120 126
33 164
80 67
83 142
35 160
3 115
66 32
7 107
15 113
47 86
104 147
50 44
2 162
83 29
81 67
55 99
7 30
51 47
23 130
88 38
68 161
15 137
69 116
88 133
66 22
103 6
119 83
70 101
63 71
100 150
80 14

94 13
58
63 4
5 3
18 0
39 11
83 7
88 10
2 2
76 1
13 2
20 4
61 4
56 0
26 4
80 0
83 4
49 6
23 7
82 2
2 8
23 1
16 6
12 10
78 4
90 5
65 6
81 4
43 7
28 1
65 4
88 8
33 6
12 0
1 5
0 1
23 11
87 4
40 6
53 10
0 2
20 2
66 9
3 11
49 10
84 3
45 6
75 6
27 7
39 6
82 0
29 9
61 5
47 2
30 7
31 3
56 0
2 3
58 3
41 2
17 2

33 21
7
14 10
5 9
21 11
21 13
6 18
9 4
11 19
37 10

11 58
192
6 35
7 17
7 27
7 28
3 21
2 26
7 13
5 15
0 10
7 0
7 38
9 46
2 33
7 40
2 27
7 14
4 46
1 12
2 18
8 14
1 53
1 34
7 55
0 16
6 38
3 49
6 39
9 56
4 43
9 14
7 49
0 35
4 18
5 14
4 7
8 51
5 44
8 45
1 53
2 50
0 53
2 13
1 56
7 26
8 28
7 16
4 27
0 17
2 33
1 41
2 35
4 19
2 40
3 7
2 2
2 5
5 17
1 9
8 7
4 35
8 34
5 14
4 20
4 9
5 38
5 53
6 4
7 54
3 13
3 15
0 20
2 31
1 55
1 45
5 35
9 56
3 33
7 49
6 20
5 10
0 10
0 49
2 54
8 50
0 50
5 26
8 45
7 41
5 16
3 8
9 12
8 22
3 53
0 18
0 31
0 8
0 50
0 48
0 46
1 17
9 9
3 27
9 19
2 56
4 16
9 45
2 31
7 34
6 0
4 18
9 39
8 48
6 26
5 55
8 40
0 13
8 33
8 5
8 26
5 5
8 28
7 31
5 52
9 4
7 19
9 42
9 23
8 49
7 48
6 23
2 21
4 55
6 10
9 41
6 40
9 54
2 15
8 45
5 52
0 5
2 46
1 47
8 16
3 20
6 5
4 14
2 13
1 0
6 7
4 34
0 47
9 49
4 19
1 16
9 4
4 4
2 45
7 21
6 10
1 43
1 2
3 17
7 45
3 13
2 18
7 33
7 38
8 30
8 5
3 48
2 44
0 18
4 22
0 11
9 55
6 23
8 14
8 47
9 1
0 29
4 25
7 2
6 30
5 40
6 55
1 19
5 42
8 33
1 51
1 15
9 41
3 24
4 1

78 53
180
29 47
72 29
48 17
36 47
9 29
21 4
71 33
61 2
56 28
71 49
39 23
74 25
73 25
76 1
35 5
9 51
15 39
36 31
38 2
36 27
50 16
41 38
4 9
75 19
64 17
51 41
71 23
21 34
60 22
32 14
60 18
4 4
41 46
61 37
34 13
46 29
76 20
49 3
33 8
63 14
38 42
45 18
7 21
16 14
8 11
10 47
10 17
65 10
55 10
50 37
66 8
15 29
28 33
67 33
33 6
1 19
10 3
23 14
34 42
8 21
9 4
33 35
31 44
67 38
65 41
17 2
58 13
39 30
17 16
67 40
2 36
44 48
35 24
27 16
28 43
34 20
50 30
54 21
7 48
11 28
6 6
48 40
58 15
69 18
37 6
46 30
48 45
47 10
76 41
74 8
32 40
62 31
17 31
8 20
6 8
15 17
44 31
74 38
71 0
20 30
47 38
67 29
0 39
22 25
34 41
24 36
45 37
67 27
46 44
5 19
14 48
61 20
3 18
4 26
44 39
26 5
12 40
30 33
52 49
7 31
65 15
69 48
36 35
13 44
52 23
53 32
36 0
45 22
15 35
35 41
73 4
70 23
76 4
15 24
71 14
55 44
51 23
11 33
26 15
13 14
41 41
66 5
25 23
40 36
6 28
19 32
58 20
4 2
34 12
29 2
40 6
5 8
53 38
23 16
41 19
0 16
25 1
4 1
21 26
10 34
38 40
25 11
39 21
74 9
47 40
19 12
32 10
26 28
39 13
7 3
7 51
4 16
72 17
4 0
48 32
41 22
39 0
25 4
17 47
71 7
33 4

29 193
45
15 98
9 53
15 168
5 114
20 154
23 161
24 59
17 12
14 155
24 42
8 4
4 35
22 148
26 116
23 68
25 67
6 74
16 21
27 17
11 191
27 62
24 191
26 149
15 104
8 15
6 105
12 163
16 182
3 39
3 126
11 8
5 145
14 185
6 69
11 109
4 54
20 101
18 38
10 1
2 171
13 160
4 165
19 96
15 122
15 70
58 8

79 38
162
31 7
45 8
13 34
65 30
67 29
77 17
26 21
65 5
10 35
11 5
57 36
14 18
23 7
6 21
75 17
57 32
51 22
3 20
46 18
51 26
14 1
34 31
36 15
10 21
36 19
37 16
23 17
11 24
66 22
51 9
64 32
42 19
5 8
23 29
63 9
36 14
54 2
68 25
13 24
8 9
77 13
43 3
24 1
20 11
50 13
55 4
1 24
74 19
15 4
58 15
22 8
56 16
37 17
10 6
24 28
1 10
69 18
74 6
77 18
7 7
15 15
35 33
59 13
52 28
29 19
53 24
27 15
50 16
55 23
44 14
7 15
52 27
67 31
70 31
43 28
65 0
67 21
54 2
4 4
73 8
38 30
35 7
29 15
59 33
73 1
35 9
20 28
57 5
9 26
26 12
27 9
39 17
14 1
15 6
71 28
30 0
9 25
76 23
50 8
73 20
4 23
76 3
69 22
61 14
55 1
30 8
1 32
76 19
35 8
12 10
53 18
39 13
8 17
51 25
44 12
27 12
28 15
22 5
3 16
47 28
43 16
40 22
47 24
9 1
2 1
12 24
43 36
68 18
10 30
32 34
38 29
52 33
35 17
35 24
57 13
24 7
60 29
16 34
52 5
62 5
26 2
60 18
75 23
70 10
42 6
39 15
34 31
19 21
65 6
35 23
9 16
17 21
73 31
48 18
66 10
53 35
7 8
61 7
36 15
40 5
28 25
30 13
91 16

87 65
198
4 48
33 3
85 20
31 41
34 1
13 63
6 11
13 49
30 24
73 26
60 51
20 24
18 31
32 57
36 7
11 36
81 46
39 46
84 4
58 41
23 53
40 19
21 29
3 21
61 30
37 14
18 10
78 48
3 38
23 13
11 59
63 36
71 25
1 44
1 43
9 35
36 61
30 33
1 59
15 16
16 38
4 44
8 5
62 26
13 5
35 25
18 25
31 42
22 16
66 15
75 43
32 28
30 41
75 3
80 52
0 62
41 50
36 11
79 6
37 35
74 13
24 12
78 57
2 24
64 12
21 5
57 26
71 32
15 31
17 39
49 55
12 46
6 16
30 33
37 31
76 35
38 0
23 18
46 38
28 4
8 18
77 42
10 43
44 47
22 45
34 29
63 60
52 15
79 6
52 36
55 53
47 18
41 54
22 47
2 15
25 15
15 61
61 13
64 3
42 50
64 18
55 21
21 27
8 28
9 21
28 7
2 7
57 63
43 61
37 26
36 34
41 45
55 34
60 7
19 54
17 21
85 9
31 24
78 15
26 6
84 52
51 46
35 38
28 56
85 29
22 48
25 59
71 31
71 24
12 2
54 32
72 23
79 3
73 13
40 35
57 55
59 32
23 18
28 19
63 42
22 29
48 48
63 55
35 54
63 53
29 30
61 17
77 62
24 37
24 38
62 31
1 32
2 3
20 6
76 61
42 7
83 10
53 52
22 6
84 17
25 35
31 17
34 37
39 8
72 27
21 18
51 12
76 59
31 37
67 38
0 50
27 61
12 36
41 62
58 28
34 37
59 63
76 52
72 6
50 46
85 43
13 28
78 51
9 7
84 25
37 59
85 26
66 7
42 42
46 40
46 22
4 5
35 4
11 58
16 54
72 44
39 41
58 25
16 1

165 138
94
126 101
20 8
5 95
103 37
29 97
93 39
90 105
157 95
56 39
21 128
47 36
67 51
81 108
70 46
106 23
126 58
100 14
5 19
26 70
48 125
89 79
131 115
67 134
53 119
55 40
133 130
23 71
95 106
2 112
98 41
101 108
16 73
127 132
146 61
51 114
49 78
91 44
159 69
60 112
38 26
43 8
141 75
128 30
91 104
158 9
78 107
91 74
136 85
37 101
48 134
68 43
148 100
33 114
154 77
31 68
132 88
39 88
145 2
18 20
58 107
102 81
28 129
72 87
8 87
39 71
117 96
73 125
23 13
84 75
123 37
45 22
30 49
36 136
13 75
87 123
152 15
128 88
59 68
21 68
149 56
43 68
89 65
123 40
62 4
46 14
163 71
32 14
100 130
44 0
44 135
105 96
77 20
52 4
110 69
54 12

4 109
195
1 68
0 48
1 77
2 56
2 90
0 73
2 22
2 4
1 44
0 86
0 38
0 15
0 8
2 4
1 83
2 15
2 51
1 79
2 82
0 52
1 12
2 55
2 62
0 0
2 100
0 81
1 77
0 59
1 99
1 85
0 69
1 27
0 72
1 49
2 25
2 19
0 27
0 104
0 57
0 104
2 99
0 4
2 97
1 62
2 66
1 72
1 63
0 55
1 97
0 91
0 6
2 84
1 93
0 62
1 78
0 16
1 60
0 62
2 23
2 47
2 103
2 24
1 2
2 102
1 0
1 37
1 88
2 87
1 3
2 23
1 8
1 74
1 91
2 27
1 92
2 3
0 101
0 38
1 15
2 18
1 10
1 53
0 69
2 95
0 73
2 77
2 82
2 75
0 104
0 104
2 84
2 68
2 43
2 88
2 47
1 105
1 69
2 95
2 98
1 27
1 0
0 69
2 41
0 72
2 46
0 34
2 83
1 23
1 25
0 0
0 17
0 53
0 63
1 26
2 14
0 25
1 66
1 21
0 39
0 69
2 69
1 32
1 6
1 95
2 75
1 12
2 1
1 87
0 14
0 26
0 91
1 76
1 70
1 65
1 99
2 102
1 37
0 45
0 98
1 0
2 53
0 65
1 94
1 43
2 82
2 62
0 45
1 23
1 51
2 24
0 38
2 27
0 77
0 43
2 29
1 56
1 56
2 45
1 91
2 75
2 82
0 55
0 91
1 59
2 90
1 93
2 27
0 3
0 101
0 96
1 106
2 105
0 74
1 21
0 54
0 31
0 50
2 81
0 72
2 68
1 24
0 106
1 82
2 80
0 80
0 6
1 36
0 41
1 77
2 76
0 67
0 84
0 101
0 58
0 106
21 1

188 119
180
20 49
139 80
113 69
83 19
126 36
5 112
89 23
110 72
66 11
60 21
153 35
132 89
78 100
130 84
11 99
23 93
63 50
157 57
97 91
129 2
99 112
131 41
85 5
49 58
98 44
134 59
163 55
160 90
130 56
108 103
19 49
69 79
149 19
156 106
176 99
34 5
130 109
174 1
118 49
35 20
85 24
136 59
146 117
13 4
67 95
85 104
108 71
66 17
48 89
26 90
72 117
167 54
81 36
128 116
88 1
84 69
43 102
90 110
185 50
175 47
80 107
7 63
124 104
155 44
47 89
106 35
138 5
177 87
138 28
129 13
178 108
110 59
102 97
120 85
14 55
20 62
78 52
34 112
184 91
84 3
80 58
164 40
132 15
106 105
169 103
20 80
117 87
50 80
41 81
174 100
176 70
46 67
119 59
167 51
124 104
16 102
68 101
91 113
44 46
180 49
101 109
42 15
0 38
148 34
117 29
139 28
41 73
29 111
121 48
132 51
73 103
118 83
39 69
93 89
116 69
152 37
143 36
147 28
141 33
39 84
183 91
33 51
74 94
95 66
113 89
150 63
44 43
38 51
145 115
23 0
74 50
148 16
80 93
28 47
113 0
45 75
143 12
2 25
183 53
122 21
180 98
152 111
64 6
18 26
32 74
139 77
114 71
136 98
147 23
125 63
129 49
81 6
105 36
12 61
36 8
108 5
116 60
5 16
161 51
58 74
65 81
113 22
50 13
83 89
124 38
168 69
48 62
6 38
1 106
151 75
49 72
150 110
1 82
14 81
179 60
24 27
21 80
176 66
96 60
124 16
14 2

16 170
119
5 2
1 148
12 144
11 43
12 4
1 137
10 42
3 156
6 95
5 71
8 80
2 107
8 0
13 142
3 14
9 1
4 83
5 106
12 155
4 167
8 22
13 88
13 126
10 20
1 29
13 141
4 79
13 64
9 55
5 70
2 119
13 142
2 109
0 92
3 88
1 114
9 85
0 34
7 165
4 9
4 34
2 162
9 90
12 51
3 150
0 102
1 109
11 134
0 42
11 31
7 6
0 100
4 38
1 49
11 48
4 87
6 69
7 54
5 24
10 163
13 115
5 134
0 60
3 160
4 43
10 92
3 27
6 56
3 44
3 155
4 24
13 62
4 12
10 139
1 82
8 97
7 117
13 139
14 20
6 139
7 11
0 0
11 0
10 131
4 21
12 24
4 49
11 166
7 63
1 153
10 157
7 60
8 3
1 142
14 19
3 143
7 61
9 97
8 59
2 161
10 64
6 154
2 132
7 90
14 6
2 58
4 43
3 99
7 35
12 127
10 43
4 112
10 132
5 52
4 128
8 130
0 90
13 23
0 126
86 4

28 175
118
20 55
3 155
9 173
1 66
3 83
21 28
2 26
1 129
10 129
26 20
3 161
7 144
8 20
14 77
24 163
8 6
21 147
21 142
5 127
26 36
8 53
26 70
25 40
5 84
22 53
18 68
19 56
12 83
26 108
13 54
19 116
18 126
0 31
23 54
24 112
19 6
16 139
20 63
23 85
17 166
3 63
10 5
11 83
2 5
11 58
11 107
4 111
23 74
19 145
0 119
3 28
15 67
0 11
12 173
7 81
20 53
15 36
11 89
26 130
14 137
18 137
20 7
21 121
0 26
24 27
8 159
9 89
9 34
21 160
10 8
1 9
16 37
7 112
4 165
3 30
6 67
21 8
6 51
4 148
17 31
12 41
18 34
11 46
8 42
26 93
11 91
22 111
21 149
17 64
24 102
5 79
20 71
3 62
3 35
11 17
25 15
8 59
22 8
21 109
2 129
10 92
25 123
2 166
12 63
6 49
19 126
14 144
15 33
1 129
3 46
1 111
13 24
23 102
6 94
16 74
16 57
10 96
26 13
68 13

121 159
7
117 127
36 130
41 98
15 50
2 73
103 143
36 27
28 7

135 174
179
61 11
128 137
31 45
111 84
133 45
43 34
87 160
4 57
73 99
56 75
32 164
39 87
47 92
66 66
118 28
92 66
39 3
63 171
6 64
69 154
48 75
68 24
52 43
18 10
64 60
24 157
73 136
67 76
60 45
25 22
37 95
41 64
69 118
47 99
45 48
114 24
128 96
94 13
71 81
73 138
2 60
133 144
110 145
95 31
15 93
116 167
53 93
28 65
27 73
98 125
92 24
31 72
127 149
84 164
3 12
101 102
70 78
30 172
116 24
67 144
61 160
133 36
106 23
53 23
3 171
22 170
95 77
133 95
79 10
54 63
56 42
88 171
71 143
72 74
60 153
50 16
5 10
52 0
26 58
12 34
72 171
76 31
38 4
23 81
58 39
17 113
48 88
6 105
124 60
38 5
34 3
73 133
87 25
2 123
131 108
93 140
132 92
53 86
10 76
55 14
53 90
132 100
77 65
36 64
117 115
19 70
62 42
91 83
117 115
29 103
57 143
0 61
8 146
43 63
30 93
87 69
70 157
1 15
124 106
31 80
96 52
74 119
92 133
74 66
25 141
6 30
75 144
5 78
10 17
102 120
46 172
107 120
40 90
129 110
46 119
87 25
27 120
116 170
94 78
12 107
59 11
68 62
109 7
84 5
21 61
9 86
7 45
133 169
41 121
112 160
56 76
45 17
128 60
53 55
34 29
23 89
34 79
94 101
15 71
28 15
131 135
4 145
19 87
37 143
33 151
97 54
115 46
22 29
120 163
97 150
91 26
63 137
113 122
84 143
103 75
115 104
15 39
5 170
24 169
3 1