25

161 4
96
106 2
10 3
110 0
18 3
34 2
158 2
4 0
63 1
80 0
41 0
122 3
120 3
128 3
30 1
12 3
37 0
15 3
142 1
115 3
47 0
11 3
79 3
58 3
107 3
17 3
8 0
152 1
113 2
147 3
7 0
146 0
138 1
117 0
31 0
126 1
57 0
2 2
71 2
133 1
55 1
51 0
34 0
105 0
118 1
123 0
121 0
66 1
73 1
54 2
93 0
122 3
1 3
10 2
140 3
151 0
100 2
61 3
8 3
67 0
157 2
72 2
109 3
42 3
106 0
52 1
39 3
110 1
64 1
97 1
55 2
80 3
56 3
141 1
83 2
81 2
14 0
154 0
40 1
103 1
34 3
84 0
69 1
110 1
70 0
34 2
139 0
3 2
66 2
62 3
8 0
12 2
150 3
113 1
86 2
12 0
58 2
295 17

58 113
5
12 12
16 53
5 10
3 25
26 108
3 1

143 87
162
74 11
111 79
67 65
35 80
95 54
86 15
17 61
2 8
12 9
80 42
71 75
0 2
94 43
33 54
6 44
11 37
110 4
89 84
45 49
63 62
28 75
23 30
5 70
44 32
46 85
31 36
37 84
121 17
19 20
131 53
85 13
76 4
128 49
11 19
91 61
38 26
122 14
57 14
35 67
50 76
109 39
138 65
108 86
138 66
57 31
86 34
14 67
18 36
12 24
7 7
41 8
53 30
99 10
27 40
127 36
29 41
108 85
47 37
90 53
88 62
9 2
92 57
115 49
72 1
84 0
60 18
23 56
13 43
15 68
123 72
46 45
72 37
17 76
88 83
115 21
9 53
128 84
30 9
120 42
103 24
68 30
22 71
2 30
100 66
54 81
89 6
116 2
68 18
67 51
86 67
69 58
67 35
16 65
55 75
17 12
24 28
120 32
137 66
133 15
130 23
115 52
61 49
69 13
130 54
63 38
71 31
122 34
87 36
38 39
130 27
140 60
10 64
103 47
114 39
72 41
20 56
110 63
115 22
5 43
1 34
71 83
30 42
140 82
73 28
40 81
4 27
57 64
133 34
50 65
48 47
115 52
11 52
3 57
118 10
69 25
125 51
79 59
87 3
89 5
117 70
55 85
132 41
56 65
70 76
8 18
105 41
130 2
8 1
109 49
139 48
140 30
83 50
83 14
37 36
137 78
126 17
132 44
78 81
61 74
85 60
96 16
73 51
124 27

172 158
183
52 29
108 46
90 15
32 60
25 69
145 7
89 30
119 26
55 138
163 154
63 114
40 61
2 102
97 39
35 24
59 126
58 118
34 122
4 155
127 25
30 63
136 117
157 127
88 41
111 86
1 126
51 111
90 15
146 152
56 133
56 79
145 56
68 37
91 34
40 106
163 11
120 60
170 85
108 43
15 65
82 83
148 88
15 114
132 157
147 21
156 98
153 46
165 50
101 99
152 102
89 57
27 109
93 113
145 130
75 103
46 96
80 138
102 86
66 119
75 81
27 65
15 110
112 81
165 10
93 116
39 70
72 69
74 88
28 92
119 77
148 46
59 26
149 25
90 25
25 116
42 49
25 132
81 16
93 107
160 85
77 69
76 140
53 12
161 23
57 104
123 15
107 41
120 56
7 138
159 145
26 49
4 21
70 67
39 117
142 57
171 110
55 122
8 5
124 71
91 58
43 147
20 54
171 151
109 90
41 78
72 124
148 130
89 68
161 48
97 29
45 155
112 90
58 23
135 83
7 84
73 20
57 152
48 98
42 26
14 91
126 36
43 106
14 17
53 33
155 32
108 63
45 58
147 14
92 143
123 36
25 91
83 33
1 92
91 73
146 31
95 104
75 46
168 79
133 84
71 40
146 130
75 87
158 99
70 48
138 116
89 63
110 93
78 8
34 44
93 58
77 83
153 131
19 147
143 128
145 26
124 80
110 143
103 124
63 77
121 31
58 106
145 21
1 60
56 129
165 104
84 27
148 83
134 128
159 103
78 19
102 94
161 140
29 146
32 114
164 106
83 104
90 26
59 4
40 73
118 97
160 23
95 102
37 72
262 25

161 105
127
20 3
43 25
70 68
46 10
36 86
100 17
122 1
59 14
150 25
129 94
30 62
156 102
97 66
16 37
34 87
9 64
6 14
150 2
112 102
13 96
55 81
140 48
105 15
156 55
84 68
154 54
23 39
34 0
119 25
130 41
68 10
59 85
17 32
14 12
77 12
59 28
15 91
16 36
160 45
132 34
99 51
66 14
136 97
141 3
152 39
128 62
102 88
3 43
40 30
94 20
150 37
44 43
100 92
2 67
158 31
86 11
3 43
29 28
12 45
115 84
110 69
20 48
66 88
140 21
128 27
93 50
50 28
62 65
2 54
109 44
72 86
54 9
98 7
87 17
67 11
63 3
85 79
18 29
65 57
23 62
11 8
19 13
35 13
25 89
129 14
51 78
136 49
36 91
135 70
95 26
73 44
44 36
159 66
140 14
48 74
4 21
124 102
53 13
160 24
136 73
122 28
109 0
126 65
157 12
48 12
99 99
90 31
97 89
101 57
116 84
151 45
71 82
148 104
72 64
145 63
95 68
72 35
98 99
131 98
88 79
82 48
32 33
30 9
85 54
158 12
110 12
51 85
306 188

139 92
102
131 73
83 73
9 17
38 60
1 69
97 72
111 29
78 44
99 32
47 18
1 55
27 77
45 20
37 54
40 0
65 27
36 51
78 61
120 10
88 37
37 28
70 26
42 48
74 83
131 77
32 62
50 89
37 26
6 38
116 51
77 17
52 48
25 0
63 53
23 32
58 10
138 14
71 63
113 71
61 22
104 20
45 59
85 57
84 73
117 17
124 14
67 69
46 16
104 61
59 72
128 12
138 8
129 11
117 85
81 34
112 71
9 64
112 87
61 44
32 39
4 12
78 67
83 41
119 2
88 29
28 27
99 64
46 79
86 58
55 13
21 40
128 38
24 88
116 28
16 52
76 25
37 50
105 90
113 59
54 65
11 26
103 89
4 6
58 23
57 34
18 71
105 25
31 16
41 69
25 50
75 55
37 38
87 7
19 76
117 46
101 34
87 55
94 38
82 28
11 39
115 68
61 33
426 125

33 103
69
3 34
7 27
0 47
20 15
27 28
20 89
26 15
11 89
9 85
3 70
29 61
22 76
32 50
16 67
30 16
5 32
15 15
29 49
15 58
32 97
17 101
13 30
2 13
11 87
24 69
6 35
22 21
17 70
6 60
31 42
23 17
10 55
32 0
24 70
25 80
12 29
0 34
26 87
14 73
7 83
8 36
4 75
20 73
24 12
15 91
21 60
6 72
21 1
23 50
13 82
12 45
21 34
19 59
11 49
21 101
18 101
19 59
7 100
27 92
3 40
26 46
0 83
9 5
13 61
17 99
7 67
18 37
15 53
29 44
553 97

177 71
138
77 5
147 69
168 41
176 64
76 51
55 34
57 70
60 62
73 62
126 21
31 60
114 56
29 68
176 35
38 67
25 67
122 37
56 1
100 48
132 21
101 17
138 55
128 62
19 47
101 33
80 42
132 18
33 39
76 35
136 2
132 15
43 64
30 59
24 54
50 6
105 28
101 5
14 24
88 40
103 34
133 3
28 55
137 16
36 38
167 70
160 55
145 63
16 5
32 31
147 31
93 69
158 41
124 70
54 22
123 67
53 66
127 17
139 47
144 1
123 68
49 42
17 35
120 53
26 67
76 45
85 15
107 24
11 29
104 52
75 3
146 60
12 31
96 69
84 54
66 39
149 25
55 67
15 63
145 69
127 61
26 19
50 66
20 39
159 10
152 10
121 35
169 28
111 5
47 29
142 15
96 21
95 49
15 67
156 16
158 11
73 7
151 10
113 60
59 38
135 17
16 53
88 25
75 14
71 50
153 14
73 9
81 48
73 29
129 45
8 32
105 26
98 69
33 45
17 27
109 26
115 1
46 0
176 10
43 3
109 4
52 43
77 4
141 7
167 60
108 33
79 28
2 18
84 50
153 40
62 49
166 9
67 39
50 54
77 62
14 37
40 3
94 65
143 3
74 23

138 37
143
45 15
103 26
14 0
103 35
41 3
54 35
109 13
50 22
2 19
29 35
74 12
115 28
77 31
14 12
34 16
77 13
99 36
89 19
88 0
92 14
54 7
105 29
38 4
75 22
92 34
74 25
29 34
135 7
47 9
69 13
83 30
93 29
90 12
128 34
78 26
65 35
113 14
10 2
109 14
62 34
25 20
59 34
94 25
108 20
77 19
75 17
68 9
110 23
79 36
60 5
4 12
73 29
98 30
23 25
30 32
77 23
87 19
49 6
24 4
120 24
96 30
6 36
113 36
92 14
63 14
98 16
22 22
22 7
97 29
84 24
107 18
105 3
48 3
29 23
114 13
3 30
72 24
45 23
62 13
23 7
89 2
99 4
127 22
44 3
79 10
103 23
121 5
79 0
120 7
132 32
90 22
31 5
18 32
116 11
5 22
81 6
6 0
118 21
43 22
29 34
4 25
30 6
62 6
109 36
1 13
2 24
63 26
88 9
76 35
8 24
10 32
43 33
111 1
32 24
108 2
130 26
20 21
123 11
70 27
27 13
68 32
81 11
53 36
30 24
17 22
94 14
9 33
109 34
57 17
30 31
42 31
25 8
72 16
72 9
126 10
54 8
33 11
80 13
34 19
107 23
33 16
52 3
31 14
178 104

51 115
47
18 106
22 63
13 86
14 0
31 65
45 41
2 80
2 18
30 28
44 108
42 56
16 105
41 91
25 56
39 21
36 23
6 52
5 8
3 32
25 76
38 7
44 15
19 22
33 101
4 71
16 107
28 32
41 26
20 50
23 82
31 16
17 83
25 64
37 112
3 101
21 58
46 55
29 101
42 93
8 20
20 12
39 104
20 48
14 6
9 40
26 107
9 13
237 89

90 85
179
81 21
53 23
31 30
67 82
19 35
77 60
31 35
56 40
30 65
2 56
2 0
71 66
44 67
15 57
28 32
11 67
5 67
85 22
36 5
53 27
36 68
10 19
30 13
86 37
3 77
16 36
5 75
0 41
2 70
58 40
22 1
42 68
78 44
53 15
64 31
43 20
17 21
85 19
86 13
80 8
58 12
11 43
60 61
70 20
71 32
74 38
1 68
8 59
25 78
37 79
85 73
5 46
86 76
29 42
5 34
29 70
13 65
63 40
7 41
65 24
77 65
68 7
33 78
36 8
80 41
46 39
40 79
45 51
19 23
64 1
49 72
46 56
45 50
55 37
52 79
6 40
82 71
55 14
27 33
22 69
35 48
62 81
41 48
40 67
47 64
59 46
57 49
37 49
47 10
57 43
36 17
60 7
21 33
82 62
9 7
53 76
44 69
21 47
64 56
79 16
51 56
56 82
59 50
58 12
86 76
55 67
83 57
47 33
70 18
11 80
15 83
78 51
86 73
19 22
0 27
89 68
70 12
77 0
44 34
67 68
71 84
36 8
88 46
87 66
61 24
40 13
58 8
47 74
54 73
52 48
22 58
34 50
80 67
63 72
44 32
22 55
2 84
82 9
42 36
52 53
4 79
71 12
8 5
72 82
58 19
84 63
67 63
22 65
73 0
12 16
86 39
3 6
10 50
48 79
64 24
42 12
79 35
18 43
72 73
74 82
82 50
71 12
45 34
55 78
22 1
23 45
57 75
41 35
16 25
59 81
41 46
59 46
31 3
52 9
66 13
83 44
59 13
18 10
6 38
427 45

141 118
37
21 61
123 42
123 92
6 23
9 46
103 13
136 110
32 59
115 28
4 90
31 78
10 77
12 104
118 2
5 19
89 2
58 18
118 14
110 66
77 112
26 22
56 79
132 36
25 112
78 111
19 111
120 15
9 100
104 112
121 105
95 36
133 91
84 19
122 103
122 97
112 51
94 5
16 4

174 76
112
84 67
117 49
43 20
1 75
54 27
166 40
92 18
170 59
60 55
102 7
90 24
152 72
88 58
113 74
44 15
92 11
137 48
60 57
17 68
106 32
88 64
15 46
138 63
117 28
31 31
37 39
29 58
99 0
166 28
91 41
9 7
81 24
27 15
22 27
147 64
54 42
114 32
170 0
138 65
93 15
74 72
72 38
67 0
49 74
45 15
164 16
17 27
114 46
77 8
94 56
93 13
141 51
152 33
71 64
62 55
97 26
167 7
152 5
31 64
22 14
77 35
130 71
85 38
134 26
151 48
118 52
142 68
76 43
160 61
27 8
153 58
58 16
21 69
1 5
101 44
123 20
84 14
98 69
146 57
104 25
26 22
1 65
97 46
10 54
56 56
92 48
63 70
55 71
83 13
45 34
121 48
28 51
155 5
78 49
94 20
4 61
173 16
53 18
38 6
158 60
169 29
117 63
162 70
5 23
88 65
121 7
164 10
149 13
110 62
0 72
42 9
166 51
605 154

101 185
52
82 144
96 140
68 80
14 81
13 20
33 95
85 120
88 143
90 64
52 156
46 90
88 10
18 25
63 123
34 94
30 119
72 88
52 180
46 98
92 43
45 134
47 174
11 146
92 38
50 145
77 61
14 55
25 116
97 68
93 63
64 57
61 129
24 12
36 129
26 11
43 9
64 133
4 7
80 15
31 167
59 9
27 15
90 104
55 44
82 178
3 61
90 54
42 54
69 19
49 132
29 181
40 127
7 1

18 76
105
4 66
1 4
9 64
13 15
7 20
10 1
5 18
3 71
12 34
5 3
0 15
6 43
13 16
13 70
15 67
17 57
2 23
16 59
8 42
13 13
13 20
16 27
10 40
1 54
2 48
2 0
3 67
12 29
4 30
3 7
13 63
8 14
10 11
14 1
2 52
5 71
7 6
2 4
2 26
4 11
11 16
1 64
15 17
4 27
11 70
7 54
16 7
14 31
15 36
6 33
14 63
14 47
9 45
9 32
13 37
11 19
14 36
16 27
4 46
4 75
11 39
14 73
2 51
14 60
2 48
8 54
13 48
6 11
12 55
7 16
8 61
2 33
14 45
11 71
7 10
2 28
2 72
3 60
8 37
6 40
10 71
4 69
10 33
12 27
9 69
2 58
5 61
3 51
7 52
5 75
2 9
6 32
15 31
2 31
8 19
7 51
3 11
6 31
5 37
13 60
5 32
8 9
4 5
5 35
2 37
123 87

66 42
113
65 3
14 17
30 30
20 13
57 9
29 38
63 29
10 19
19 36
47 11
15 38
30 41
4 1
51 41
65 17
46 39
55 37
15 36
42 5
51 35
19 22
54 22
53 20
10 10
34 8
52 16
16 35
7 34
1 37
22 34
29 40
39 30
4 14
15 11
26 17
51 23
1 7
21 40
26 11
4 37
8 39
38 31
14 38
1 37
25 25
32 9
26 20
46 32
57 9
26 35
58 31
53 6
60 20
59 39
3 16
14 41
57 35
43 16
40 35
38 22
28 16
63 20
5 18
55 20
54 11
40 41
11 34
39 10
22 12
51 9
38 7
57 3
52 32
61 40
20 7
42 2
51 21
13 37
7 18
58 20
7 34
17 38
23 38
46 18
41 11
33 1
13 11
31 31
53 40
31 39
61 18
2 5
4 27
30 13
60 2
23 8
17 7
19 10
62 39
13 21
14 6
22 30
13 33
23 15
33 26
20 33
35 15
1 17
6 23
6 23
8 17
46 17
3 34
84 50

153 168
13
102 111
94 17
6 0
114 100
146 116
116 126
70 93
13 110
118 41
21 91
20 108
118 42
74 53
10 5

163 14
90
115 8
16 2
95 5
88 5
72 5
128 8
11 12
146 10
143 2
20 2
22 5
133 13
64 9
118 3
90 2
70 11
13 8
152 3
41 4
94 5
27 11
17 7
54 5
50 4
83 6
131 5
9 3
162 5
129 8
124 9
151 13
153 5
152 13
143 2
15 5
134 6
92 4
78 11
132 12
145 12
62 13
30 1
91 13
20 12
79 12
13 11
47 7
91 9
25 10
147 11
111 6
99 13
18 12
161 13
96 1
154 7
33 6
118 7
137 0
90 1
22 3
98 9
123 10
154 1
118 13
141 7
94 12
158 1
161 6
31 5
59 7
51 13
75 2
8 12
99 12
34 3
15 12
154 4
25 7
150 9
14 8
15 5
69 6
158 1
162 9
95 4
127 10
157 1
155 10
100 6
78 23

109 56
71
2 14
41 47
11 12
71 7
27 25
18 16
96 55
73 41
26 49
44 8
80 49
23 47
17 9
86 35
51 25
18 38
8 51
83 16
25 30
23 51
38 39
0 15
33 14
40 53
19 7
80 32
6 45
76 8
33 8
15 19
101 51
13 6
25 34
30 43
97 24
52 33
8 30
60 45
14 22
97 30
28 41
62 3
89 22
93 48
76 6
52 48
38 28
53 14
70 1
62 6
97 52
101 33
47 8
44 50
11 43
5 1
90 15
70 14
87 41
105 38
3 0
8 55
88 41
75 28
24 33
65 17
93 16
96 10
27 28
72 48
104 26
231 188

25 11
60
8 6
6 5
21 3
4 3
7 3
7 3
24 0
12 8
16 0
15 1
19 2
14 6
7 2
16 4
8 0
8 8
2 1
19 9
7 3
24 3
4 2
23 5
18 3
4 0
3 6
19 3
22 7
11 8
2 6
8 5
15 0
24 8
8 8
17 3
7 7
22 4
17 7
23 1
5 9
15 0
8 9
17 4
8 5
3 10
16 7
5 9
19 6
1 5
12 6
18 9
21 3
9 10
9 8
4 9
12 6
1 4
17 0
10 0
23 3
1 5
38 12

145 114
108
2 107
95 8
112 97
128 5
8 69
1 31
66 82
116 37
38 57
100 98
99 31
82 33
31 44
118 91
15 18
3 10
87 76
111 112
28 33
5 98
89 8
61 36
47 48
81 6
15 23
109 60
133 103
19 111
82 61
42 108
51 111
123 78
62 73
124 101
135 4
45 47
134 112
116 80
99 93
44 69
79 39
135 70
45 2
30 69
135 71
122 93
89 64
4 70
114 30
124 52
89 54
122 43
42 12
13 40
100 92
7 74
129 57
69 104
99 111
56 47
44 0
122 16
112 98
46 95
55 23
63 70
72 42
122 80
41 24
120 90
57 63
40 91
65 90
113 29
120 56
108 87
73 99
47 26
17 39
90 98
93 48
82 5
65 1
78 31
14 51
42 92
112 4
96 48
79 2
21 4
57 87
8 96
123 47
0 75
135 64
26 61
141 12
92 75
137 111
144 29
52 68
129 68
42 41
44 43
36 77
34 88
53 112
111 17
430 102

79 7
100
28 4
73 2
41 2
22 2
8 5
26 1
17 0
0 2
15 2
39 6
57 1
57 4
57 2
77 6
76 6
56 1
21 3
16 3
40 0
68 2
36 5
62 6
18 3
37 6
78 6
3 6
30 5
45 2
3 3
60 1
33 6
48 1
67 6
16 2
39 0
7 6
78 0
67 5
25 6
0 4
17 6
32 1
31 6
34 6
61 3
58 3
15 5
37 1
51 2
45 2
57 2
4 2
36 3
0 4
74 1
21 6
13 0
7 5
54 1
52 4
76 0
21 4
11 4
23 3
5 3
69 2
60 2
65 3
37 1
61 3
30 6
45 0
58 6
9 3
34 5
74 6
64 0
29 0
58 3
70 3
57 6
44 6
27 2
19 6
31 5
19 1
7 4
72 1
13 3
78 3
75 5
0 1
15 4
74 6
43 1
24 0
7 4
24 0
38 3
19 2
126 30

56 109
182
14 38
26 98
19 49
19 79
8 15
11 31
52 46
0 48
48 89
20 95
37 33
42 80
35 55
17 63
46 82
50 34
20 105
33 53
10 42
11 46
34 24
53 105
45 24
35 11
48 84
31 3
32 104
50 50
48 87
33 34
18 71
23 75
8 93
54 40
26 69
33 5
2 95
29 24
3 37
54 33
47 59
7 99
2 22
6 68
3 13
33 102
12 81
24 33
5 43
51 84
3 74
46 92
30 43
44 50
16 77
16 16
7 54
39 90
29 52
52 34
35 49
44 24
5 70
34 103
33 49
2 95
18 44
5 7
1 52
48 98
10 44
12 99
0 67
36 49
4 8
44 75
6 38
27 26
53 53
17 64
29 63
37 33
10 53
36 54
32 45
29 30
52 105
37 33
19 54
45 30
54 54
40 28
31 72
9 60
5 31
0 97
2 77
9 93
37 64
6 31
7 85
19 11
35 57
25 8
52 11
38 48
7 15
34 65
43 19
37 61
16 78
4 58
29 88
49 44
46 91
24 54
40 82
42 1
25 103
21 35
36 37
35 95
31 2
16 71
30 12
44 25
25 35
21 93
52 27
55 10
16 83
27 91
12 45
17 56
14 70
16 21
1 0
3 35
18 39
3 39
8 94
40 72
49 105
21 57
55 103
5 68
0 100
53 8
21 107
16 33
36 71
15 32
15 14
31 16
36 10
7 97
38 65
54 0
26 12
37 89
13 49
9 81
49 89
29 41
45 80
49 97
38 86
30 27
20 99
24 95
30 104
17 84
43 108
0 32
37 72
16 3
9 103
0 53
40 68
1 36
36 86
13 45
19 14

118 84
133
108 38
116 32
35 40
7 7
58 77
86 26
1 15
35 68
86 5
80 6
60 16
61 81
89 41
56 67
47 22
17 67
11 43
105 30
89 7
54 77
63 5
82 48
89 41
61 15
67 57
5 63
25 53
45 32
30 53
73 54
47 14
10 81
44 59
50 83
46 2
103 47
68 65
67 17
3 35
14 19
84 15
109 5
87 18
51 83
70 23
30 55
64 49
58 75
110 32
93 67
22 44
28 74
5 44
85 45
4 54
39 81
42 68
8 18
26 10
34 11
113 12
114 28
68 24
57 36
103 5
96 5
64 34
67 39
14 69
46 52
31 53
32 0
70 77
21 60
104 32
6 45
66 67
81 13
92 52
99 81
24 73
18 30
44 66
72 6
12 68
28 26
22 33
51 44
91 77
42 30
107 17
15 45
55 28
16 11
109 19
24 11
85 12
110 67
23 22
28 69
79 52
88 66
29 70
116 42
48 44
91 21
51 23
16 76
34 16
26 49
48 35
41 47
33 20
18 67
110 53
109 76
35 28
35 69
16 22
111 81
77 39
79 63
55 34
39 44
13 12
23 16
4 74
32 76
113 57
71 23
25 56
80 22
42 28
28 12

91 65
88
30 46
75 6
73 9
74 55
74 10
78 42
36 12
51 17
37 50
29 41
68 30
55 59
85 51
11 63
2 4
85 17
50 53
67 59
88 16
54 9
81 57
61 64
87 4
86 50
90 38
88 5
7 44
73 14
75 33
6 57
43 46
14 19
13 20
65 30
48 54
68 55
4 12
66 52
17 56
8 62
52 23
7 48
48 28
23 64
14 54
67 60
12 20
56 5
71 43
7 51
90 4
59 49
52 7
2 4
39 29
80 15
59 61
50 61
84 3
16 39
38 18
19 62
67 44
27 22
76 26
51 43
38 57
78 23
6 37
82 51
3 20
2 25
20 4
68 50
78 53
5 1
30 39
9 59
9 4
78 10
36 37
59 8
35 14
13 3
5 52
45 1
82 62
5 34
18 8
