95

18 37
12
4 15
11 29
8 15
7 12
15 15
8 31
4 14
10 25
14 10
5 23
2 36
16 33
12 3

41 28
12
7 7
2 6
26 22
0 16
17 1
35 13
29 27
36 14
29 17
12 25
25 1
22 8
9 1

43 20
7
36 15
2 18
40 15
24 0
28 7
23 3
4 11
2 4

50 22
9
38 15
43 1
30 11
49 14
33 11
1 11
14 17
2 11
3 6
9 3

41 46
19
37 11
5 8
37 0
21 1
33 34
34 38
33 28
22 3
38 18
34 28
33 26
6 41
32 9
28 26
4 4
11 12
27 30
11 29
30 32
3 1

26 44
6
18 31
24 43
20 34
8 9
13 36
12 42
2 2

3 44
5
2 40
2 0
1 9
0 28
0 0
1 1

14 46
14
7 42
10 39
4 45
8 39
7 28
8 31
5 38
0 39
6 14
12 39
10 7
10 35
5 40
7 18
15 1

10 2
5
8 0
7 1
3 0
2 1
2 0
15 4

23 5
8
5 4
13 3
10 3
17 3
18 2
17 0
2 0
4 3
3 1

19 15
9
16 7
5 5
2 7
2 11
7 7
11 13
5 14
2 3
6 8
17 4

47 24
16
2 23
17 23
20 4
3 11
14 12
8 9
42 10
46 20
38 18
42 17
15 16
3 23
46 22
2 20
43 11
5 3
14 3

35 9
11
33 2
19 2
18 8
26 8
26 1
10 8
22 5
19 4
4 4
29 1
11 8
5 1

34 14
8
16 7
33 0
3 10
18 11
8 8
18 4
26 10
27 7
17 3

4 23
6
2 15
1 3
1 2
1 6
1 21
3 16
9 3

49 15
14
1 7
45 1
43 6
25 5
34 0
5 9
12 0
40 9
46 13
15 8
38 12
47 12
23 3
1 2
17 2

24 19
7
21 14
8 10
11 5
1 6
7 11
7 9
17 14
2 4

43 27
16
15 7
39 21
12 2
21 25
38 4
19 5
10 0
39 22
18 23
26 5
24 4
18 18
9 24
41 20
40 10
22 8
9 3

8 10
7
7 7
5 1
5 8
1 8
3 6
6 1
4 7
15 3

6 11
6
5 3
2 4
4 0
0 1
0 6
2 0
12 3

40 39
11
19 23
14 37
35 36
10 10
31 34
23 32
13 38
23 26
18 26
26 17
21 1
18 4

18 10
7
2 1
0 7
12 7
9 7
10 6
16 7
17 1
3 1

27 34
18
19 3
15 26
11 25
1 5
9 5
9 14
15 3
17 5
5 2
8 5
4 30
11 8
1 26
10 14
17 31
1 4
7 2
2 9
6 4

9 38
9
8 31
3 2
7 21
4 15
2 15
6 2
7 8
2 37
2 26
17 1

13 5
8
10 3
11 4
12 0
7 2
3 3
7 1
6 3
6 1
19 4

47 6
10
0 0
40 1
42 0
45 4
14 4
6 4
25 4
10 0
4 4
46 0
12 4

50 33
6
25 3
7 3
33 31
30 11
23 29
27 28
11 3

27 49
19
10 44
18 13
15 1
16 13
18 9
14 4
16 16
20 47
10 2
7 0
19 26
25 23
7 29
14 15
24 9
0 35
16 21
1 42
10 10
13 3

12 11
9
7 1
3 3
7 8
9 3
9 1
7 5
11 8
6 5
7 4
16 1

17 33
11
15 14
12 5
7 24
16 24
12 19
15 30
1 6
5 3
3 8
0 26
14 8
4 2

18 13
11
8 10
10 8
14 9
13 2
2 12
6 0
4 5
17 10
12 2
0 0
9 0
9 4

18 30
7
9 29
8 19
5 1
17 26
9 0
1 1
0 7
10 4

38 31
14
4 29
14 19
21 2
10 25
14 17
8 8
5 15
6 30
23 24
0 16
14 9
3 0
37 28
27 15
2 3

12 37
13
3 26
4 3
4 10
3 17
11 5
2 32
7 4
2 20
9 18
9 8
6 36
6 30
8 17
16 4

17 8
7
11 3
2 1
6 7
7 4
12 5
4 0
6 5
1 2

6 5
6
2 1
2 2
0 3
5 4
0 1
5 1
16 3

38 16
14
28 10
10 13
4 2
32 15
17 13
3 14
31 14
15 1
26 10
13 9
31 12
9 14
2 15
35 10
5 3

24 36
17
10 8
4 16
22 19
9 32
20 3
5 35
16 23
23 15
16 4
14 0
8 32
4 7
21 31
9 1
6 8
23 16
4 19
5 1

27 24
13
9 21
3 6
23 11
9 8
4 14
1 8
17 11
16 13
2 11
4 22
25 7
4 2
18 9
18 4

12 11
10
10 4
6 6
3 5
6 0
9 2
2 0
2 10
1 5
9 6
5 1
10 4

2 46
5
0 6
0 37
1 6
0 18
0 34
14 2

9 34
9
1 9
2 12
4 3
5 27
0 1
6 19
6 30
4 7
7 23
18 1

39 25
14
23 11
29 5
18 13
5 17
24 13
12 24
6 5
38 19
18 12
9 1
32 1
25 0
33 13
13 10
1 2

34 24
7
1 19
8 0
12 0
15 8
2 18
6 10
33 6
4 2

35 25
13
3 15
23 7
20 10
24 8
26 3
7 23
18 14
11 22
10 9
24 20
17 4
32 5
34 23
10 4

10 29
5
2 18
0 6
6 24
1 1
3 11
5 1

26 9
6
21 0
9 3
20 8
13 5
2 5
12 1
5 4

32 48
11
26 17
10 24
0 6
10 23
18 39
31 23
25 3
29 3
26 38
5 42
5 39
13 1

44 40
25
43 13
2 2
31 0
24 31
8 34
1 32
41 8
31 36
5 18
5 28
41 15
34 7
36 1
35 20
30 24
7 30
5 33
40 36
13 36
7 2
3 37
30 4
41 9
20 7
12 34
15 4

50 26
9
6 12
41 4
1 23
11 23
25 6
27 17
20 11
1 6
6 8
18 1

20 18
10
6 5
1 4
14 16
19 10
8 16
1 2
19 9
11 16
14 2
13 13
1 3

1 41
5
0 26
0 27
0 3
0 18
0 16
5 2

27 39
5
17 19
16 24
17 13
25 7
12 22
11 1

43 35
15
21 29
21 21
13 31
5 10
0 19
12 23
41 23
25 0
10 23
36 4
22 3
39 23
21 14
24 6
37 25
18 1

35 30
13
9 25
7 27
26 1
29 4
19 29
8 10
26 23
18 22
27 6
7 26
2 25
19 23
18 4
14 2

48 50
24
14 46
3 3
13 44
26 6
21 30
9 12
26 21
7 14
11 4
9 49
37 28
17 34
27 10
40 38
45 35
39 37
5 17
25 40
21 21
28 32
39 45
8 23
14 39
25 1
7 2

3 18
5
0 9
1 7
2 16
2 4
2 14
16 2

16 46
16
2 5
5 43
0 19
11 34
13 10
7 2
7 17
13 17
5 1
15 24
0 37
13 31
15 42
6 37
3 40
1 18
2 2

18 5
5
16 2
1 0
14 4
4 3
6 0
4 4

25 39
15
18 12
9 36
3 2
15 35
23 33
5 6
9 23
4 5
5 29
19 25
23 22
2 34
17 11
11 13
10 30
2 2

44 19
15
36 6
40 8
38 16
23 0
13 4
39 2
41 16
9 6
31 4
28 7
22 12
31 11
40 15
3 1
33 4
4 1

32 21
10
23 17
5 10
9 1
20 9
7 14
29 9
28 20
3 19
20 0
29 16
19 1

49 5
7
13 4
39 0
24 0
25 0
47 1
8 2
6 0
1 1

12 41
9
11 13
2 27
11 34
4 21
9 39
9 38
8 24
6 22
0 34
8 1

23 7
7
15 5
1 5
22 0
2 5
8 5
3 3
6 1
2 1

14 18
8
8 16
9 12
9 5
10 17
1 17
4 9
2 2
1 16
2 2

23 8
7
1 3
13 2
16 7
1 0
10 3
1 2
12 2
17 2

42 34
23
22 33
0 14
11 33
11 27
29 31
38 25
9 15
14 12
40 33
4 8
35 27
8 8
19 4
35 5
35 24
24 27
35 10
38 33
36 11
4 13
18 0
5 20
12 33
2 2

8 24
6
3 11
6 21
4 12
5 23
6 14
6 9
17 3

18 40
10
6 24
13 4
14 24
3 6
13 38
2 34
15 7
9 28
9 11
15 17
14 1

17 23
7
11 2
8 13
5 7
9 9
6 14
9 1
5 6
5 4

17 42
8
3 17
11 9
7 19
11 26
3 10
11 31
7 31
15 5
16 1

44 7
9
26 5
1 5
21 5
31 6
10 4
25 2
23 5
27 5
17 0
19 2

38 49
16
3 32
6 14
15 34
7 23
28 31
20 26
4 4
37 25
31 34
23 19
21 18
31 11
23 26
6 8
5 1
5 39
10 1

6 8
7
1 0
4 5
3 7
5 6
2 1
3 1
5 1
6 1

29 49
16
22 36
23 20
6 40
23 41
5 41
21 26
17 33
2 48
21 27
3 3
17 44
17 34
21 1
25 4
7 10
6 23
11 1

48 15
12
35 12
8 0
30 11
23 8
40 12
45 8
37 4
46 10
24 10
11 3
15 13
28 5
13 2

29 4
6
7 0
13 3
5 2
16 3
4 3
0 0
8 1

28 22
12
20 15
23 13
1 18
25 0
6 5
11 1
19 15
20 17
8 15
8 17
9 16
19 6
9 2

37 35
19
12 18
23 20
24 32
7 8
4 20
2 1
7 15
36 29
36 32
28 20
13 2
9 15
13 10
22 18
0 14
30 27
11 18
31 24
21 23
18 1

40 25
9
3 6
30 24
29 23
16 9
10 18
24 20
11 16
35 1
24 11
18 3

47 41
11
21 15
29 37
35 19
8 2
13 27
19 40
39 9
14 35
30 34
33 5
15 2
4 1

4 9
6
3 8
2 5
3 2
1 6
2 6
2 7
1 2

43 40
23
2 16
9 34
8 20
37 14
31 31
31 35
27 37
38 26
1 4
22 37
11 8
23 28
29 39
0 29
40 17
10 30
4 9
28 31
29 35
2 29
2 14
38 39
33 38
11 3

23 23
5
4 16
12 19
4 21
16 9
19 9
7 1

19 16
5
18 11
7 2
17 15
8 0
15 12
2 3

24 36
5
15 16
1 20
20 19
7 34
19 16
5 2

45 9
10
0 2
11 2
32 2
21 7
34 5
23 5
24 5
11 1
25 8
38 0
9 1

27 28
13
18 0
15 13
20 11
7 16
4 4
16 15
19 5
11 19
18 17
19 9
17 4
2 17
0 15
16 2

14 19
5
2 13
8 3
13 14
13 12
4 13
7 1

41 18
14
19 17
25 5
34 3
38 12
34 4
16 15
10 14
15 4
22 1
23 7
40 6
35 12
7 4
17 6
14 3

46 42
18
37 38
7 16
16 1
16 4
32 3
2 17
31 28
19 4
23 11
7 18
1 19
43 27
30 33
31 29
0 17
44 1
23 6
25 29
16 2

50 43
28
9 35
2 16
42 30
47 3
28 18
13 34
48 7
2 17
42 34
32 20
47 29
38 26
39 41
1 21
11 23
10 2
16 16
35 9
15 19
34 28
16 22
7 20
35 27
32 14
28 12
20 4
9 15
49 30
4 2

44 35
20
39 7
27 33
10 1
1 4
39 9
33 14
30 26
4 12
20 23
27 8
4 21
6 17
21 22
20 7
26 11
42 23
40 20
37 8
15 7
35 21
13 1

4 45
7
1 3
2 35
0 24
0 31
1 23
2 37
3 28
6 4
