101

16 44
8
12 9
10 23
0 26
3 28
5 12
3 34
0 6
11 6
2 3

9 23
5
7 13
6 2
5 8
3 21
5 12
13 1

40 20
14
15 2
25 12
10 5
6 14
19 1
20 6
18 1
34 3
11 4
17 15
20 4
14 3
36 19
4 15
18 2

50 13
15
21 9
32 4
49 7
48 6
34 12
45 6
25 4
19 3
37 7
21 12
22 7
20 8
40 6
29 0
36 7
11 4

17 39
11
4 14
3 33
3 34
9 14
10 34
11 22
14 11
16 10
12 8
16 15
16 12
1 3

30 10
7
19 8
26 6
2 3
27 8
7 6
21 0
16 3
11 4

50 34
11
30 2
7 9
15 28
48 10
17 11
35 29
28 23
43 30
6 20
43 4
34 31
6 2

36 43
18
15 42
33 4
10 5
27 40
31 41
29 14
31 24
6 7
26 14
34 18
28 35
18 29
28 19
31 0
17 35
12 30
25 7
25 12
1 4

13 5
6
6 4
10 2
9 1
6 2
7 0
1 2
14 2

25 30
17
19 13
1 9
16 15
7 11
19 2
14 1
1 0
23 17
0 20
18 8
4 18
23 11
21 12
20 25
1 4
4 7
7 7
8 2

44 27
13
26 9
1 5
30 4
19 26
15 11
17 0
40 17
11 12
42 3
43 1
13 19
2 5
31 25
1 1

39 37
20
17 12
14 5
19 31
36 25
1 27
26 1
24 16
15 6
5 5
37 9
29 19
21 9
16 12
34 7
17 35
16 28
11 17
12 12
23 11
18 27
11 1

24 3
5
12 1
19 1
3 0
10 2
13 0
14 2

19 37
8
11 31
3 19
6 35
16 23
9 32
18 4
18 35
1 24
19 4

31 44
15
29 26
2 22
16 18
21 24
19 3
3 20
4 43
29 35
12 11
13 16
11 1
7 1
4 7
15 7
10 36
11 4

47 26
9
14 9
36 21
42 24
30 13
30 8
13 11
7 6
22 12
30 16
1 1

35 15
9
26 2
0 12
3 3
5 11
17 6
27 3
33 9
25 7
18 10
6 4

46 34
14
6 28
18 10
34 6
38 32
32 0
3 16
2 23
34 9
29 30
12 19
41 0
13 11
37 18
21 17
9 3

41 3
6
40 0
2 0
23 2
30 2
15 2
35 0
8 3

14 15
6
12 9
1 6
8 13
10 12
11 10
2 10
17 1

7 7
6
4 3
5 0
0 5
1 6
5 1
6 5
17 1

27 29
16
16 0
12 3
16 2
22 23
17 3
24 20
15 11
5 25
15 1
14 9
18 17
17 5
0 27
18 23
0 5
4 6
4 2

47 46
12
18 17
24 30
14 7
41 37
7 3
29 16
13 42
44 26
14 42
6 0
29 44
45 22
5 2

34 22
15
18 10
6 13
8 14
25 9
5 18
23 4
5 21
21 15
9 7
12 11
4 16
21 2
6 5
19 12
13 8
10 3

47 31
18
18 7
4 21
21 0
24 17
27 23
1 26
28 18
32 22
40 10
32 8
8 23
41 6
24 3
27 26
30 23
43 2
45 0
0 28
15 4

9 37
8
6 1
4 6
6 36
8 4
3 20
1 6
8 11
7 29
1 3

19 18
10
6 15
6 1
15 17
8 17
9 8
13 12
16 1
18 2
15 16
18 9
3 3

1 1
1
0 0
17 3

21 21
11
20 4
12 16
9 12
20 19
9 18
9 5
19 1
13 12
9 11
1 12
20 0
3 1

15 34
9
6 16
2 1
5 16
12 5
6 21
11 26
1 18
0 12
8 26
12 1

46 24
19
7 13
36 4
45 13
21 0
2 7
28 2
23 3
25 23
4 10
45 20
3 6
1 7
16 11
6 14
3 12
44 19
28 4
8 22
6 7
1 2

26 46
6
24 32
20 16
15 16
17 29
10 19
19 37
5 2

39 37
9
30 17
27 20
37 15
3 33
30 29
3 34
30 18
9 13
13 11
13 2

48 48
5
12 20
4 45
46 31
43 29
22 35
10 1

35 30
14
30 9
27 3
19 6
12 23
16 8
19 23
27 23
0 12
9 25
3 16
15 22
9 3
4 17
4 15
14 2

21 44
19
16 5
3 20
12 12
13 33
2 6
12 4
17 11
15 11
4 20
13 32
2 24
14 38
6 38
0 41
17 5
10 21
18 23
3 11
10 38
2 1

9 2
6
1 1
5 0
2 1
1 0
7 1
8 1
18 1

5 50
7
0 9
4 17
4 9
3 37
2 43
2 27
4 26
18 3

30 39
8
16 2
7 33
8 25
7 19
6 20
7 29
11 18
9 24
6 3

20 2
5
12 1
15 1
3 1
8 0
7 1
1 1

17 22
5
11 12
12 2
2 1
14 6
2 0
11 4

39 7
9
35 3
33 1
34 3
37 0
27 6
10 1
37 3
28 2
32 2
17 1

9 1
5
3 0
8 0
0 0
1 0
4 0
3 1

34 36
6
5 8
2 25
8 28
9 31
15 7
21 18
1 3

45 34
10
1 11
3 26
18 30
35 11
7 29
12 18
42 32
9 14
10 3
42 11
13 3

31 4
8
1 3
8 0
23 1
3 2
20 3
17 2
22 2
0 1
10 4

40 5
8
21 1
5 3
9 2
18 1
33 4
36 1
29 4
35 3
11 2

21 37
8
1 24
0 16
6 28
3 8
18 33
3 18
17 8
13 3
10 3

50 45
11
18 5
35 13
23 28
45 8
14 25
7 30
34 4
13 18
15 15
48 41
20 9
5 4

13 5
6
8 0
10 2
11 2
3 2
6 0
10 0
19 4

2 42
6
0 8
0 22
1 27
1 40
1 34
1 6
8 4

50 12
14
48 2
21 3
8 4
28 9
41 8
27 2
32 3
47 3
40 7
3 4
32 11
37 10
45 6
7 0
16 4

16 5
6
7 1
11 3
13 0
3 4
1 4
9 4
2 1

35 22
15
22 7
7 20
16 4
23 9
16 1
27 2
18 0
33 6
12 17
16 8
15 19
24 14
18 3
20 14
25 3
8 3

5 12
8
2 0
0 4
1 0
2 3
1 4
1 10
0 9
2 7
12 3

47 8
7
36 6
41 7
31 5
2 4
45 7
41 2
40 4
5 1

36 39
19
22 4
22 29
1 26
2 0
13 29
33 4
1 17
34 23
28 29
11 26
6 27
20 38
32 9
8 29
0 24
11 17
9 27
16 1
12 33
1 2

16 19
8
8 17
13 9
10 18
0 17
15 0
7 1
2 17
15 9
10 1

1 13
5
0 2
0 7
0 0
0 12
0 5
10 1

9 14
10
7 9
1 4
1 1
2 0
7 8
4 9
3 5
0 0
6 4
7 11
15 4

35 50
13
12 35
33 30
26 21
0 2
33 4
26 10
28 30
29 22
14 45
25 18
16 43
7 33
2 5
12 1

43 20
5
4 6
14 6
7 11
10 2
9 13
15 1

32 39
22
25 18
24 14
21 27
3 24
12 16
26 22
6 0
11 8
0 23
13 3
9 37
25 36
11 9
15 29
11 24
11 20
14 33
31 10
7 34
30 30
29 4
24 1
1 4

4 15
6
2 5
3 14
0 6
2 9
3 6
0 4
18 3

20 11
7
1 4
11 9
0 6
0 0
14 10
0 8
17 10
1 3

4 22
6
1 5
3 16
3 5
2 12
2 6
1 7
16 4

35 17
16
5 10
21 15
12 6
4 16
25 7
29 10
18 1
31 9
5 1
2 5
33 5
22 4
16 9
16 10
19 16
8 11
19 3

30 5
6
5 2
6 4
13 3
9 0
19 1
21 0
10 4

47 49
22
34 6
41 16
1 15
34 30
25 41
17 30
18 6
42 0
13 40
32 30
10 48
14 30
45 7
12 23
8 10
1 23
0 11
31 36
1 0
22 40
20 14
32 21
4 4

12 41
9
9 34
7 29
1 39
9 32
9 8
11 5
11 23
7 17
1 6
17 4

41 10
11
4 4
35 7
34 9
15 8
19 7
5 7
34 7
15 2
13 9
33 2
16 5
19 2

37 8
10
19 0
31 3
34 1
19 7
4 1
27 7
35 6
25 7
17 7
29 2
3 1

11 35
11
2 31
1 24
9 30
3 15
1 31
8 19
8 29
0 28
9 4
0 2
4 18
16 1

28 31
6
6 22
17 20
27 20
9 25
24 9
11 0
1 3

16 35
8
10 1
11 7
14 5
13 31
4 20
11 22
7 25
12 12
15 3

7 18
5
3 4
3 17
0 7
6 13
6 14
4 3

50 21
18
9 0
41 0
42 10
39 3
3 15
16 6
35 9
31 10
25 17
4 3
21 20
42 0
11 1
33 16
37 3
6 5
13 16
10 6
10 4

18 14
11
15 1
3 4
12 5
7 4
5 7
16 12
16 13
1 6
10 9
14 6
13 1
10 3

23 30
7
9 6
7 10
7 16
12 2
12 12
0 1
14 2
12 4

9 48
5
4 14
1 19
2 18
7 43
6 37
1 3

22 11
12
3 1
10 7
1 10
3 2
21 6
11 0
3 0
18 8
12 3
17 3
6 0
14 6
15 3

1 7
5
0 1
0 2
0 3
0 0
0 4
5 3

37 12
13
15 2
9 1
26 9
23 11
20 7
30 4
21 11
11 10
32 7
20 9
24 4
25 0
22 9
5 3

41 20
14
7 9
34 4
21 0
13 5
1 17
5 19
38 6
19 2
33 18
9 11
10 18
16 4
27 11
6 3
13 2

4 2
6
0 1
1 0
3 0
2 0
2 1
3 1
8 2

11 30
11
2 3
10 24
6 9
6 3
6 13
10 2
2 18
1 24
3 16
0 0
9 14
12 2

50 7
7
30 6
36 3
5 1
23 1
29 0
6 2
5 0
16 2

19 26
11
12 24
2 19
2 14
14 3
15 0
5 25
15 14
2 21
3 7
15 3
13 2
11 4

6 39
8
5 18
3 6
2 24
3 2
2 33
1 22
3 12
3 25
13 3

20 7
6
2 5
8 3
15 5
10 0
8 1
2 6
7 2

39 29
8
2 19
6 6
30 3
2 26
29 7
24 21
11 25
0 26
6 3

11 21
11
10 16
3 4
6 14
8 0
1 4
6 0
5 2
4 18
8 11
5 5
0 12
16 3

49 47
15
16 9
15 1
3 18
32 43
13 22
17 30
22 9
29 46
26 45
41 19
35 25
43 28
10 5
2 35
16 29
16 1

23 6
5
0 2
20 0
3 5
8 3
17 1
5 3

19 23
7
13 11
17 8
15 5
0 20
9 2
8 0
8 19
16 4

19 25
7
16 0
10 5
18 0
18 14
10 13
3 1
17 19
18 3

21 44
18
17 30
2 38
4 25
11 7
3 30
12 38
15 14
3 31
12 20
19 12
20 40
11 43
20 8
5 1
8 1
12 11
11 18
1 4
2 1

34 6
9
31 3
0 5
19 1
29 1
25 3
15 3
3 5
7 3
33 2
15 3

35 38
14
4 11
4 35
25 20
16 8
6 36
27 34
13 20
1 23
34 26
0 28
16 37
23 36
21 7
24 35
10 1

48 8
7
20 6
5 2
8 2
33 6
29 7
42 5
28 7
5 4

16 36
12
11 33
1 11
6 2
6 10
0 4
3 9
8 25
6 30
10 16
3 12
13 26
2 23
9 3
