100

39 45
17
21 9
13 35
14 33
18 31
17 17
16 31
16 42
31 33
37 22
29 19
8 35
4 32
6 16
18 43
33 23
38 36
12 31
10 3

15 39
14
10 18
3 18
5 38
2 2
6 33
9 29
12 30
5 36
10 12
0 29
12 24
11 21
7 14
9 34
13 1

31 18
15
14 13
13 2
19 17
24 6
1 16
24 2
16 5
0 6
4 12
5 14
27 10
13 0
18 13
0 14
28 8
7 4

18 39
7
9 11
2 22
11 25
16 7
13 37
11 4
13 33
12 4

1 46
5
0 22
0 11
0 35
0 21
0 27
9 3

23 36
6
9 33
4 9
21 25
4 2
9 6
18 34
2 1

46 43
11
9 18
35 12
33 20
37 40
33 9
31 37
18 3
30 9
17 5
38 2
0 14
11 3

15 43
16
14 15
13 27
6 22
11 27
9 10
2 8
0 15
6 31
1 2
6 15
2 3
3 20
0 1
5 11
13 2
10 23
1 4

35 20
10
25 13
17 14
32 15
29 3
22 14
24 10
3 18
9 5
29 4
12 5
9 3

2 10
5
1 2
1 7
0 0
0 7
0 2
11 3

27 17
9
17 11
3 15
17 8
9 4
25 3
2 15
16 4
11 4
22 0
5 4

32 9
10
4 6
9 3
8 3
6 4
23 6
4 8
18 1
7 8
23 8
19 7
7 2

18 12
11
10 0
16 11
10 1
10 10
6 11
15 11
4 0
13 4
4 10
15 10
14 6
19 2

29 7
6
8 5
23 6
27 3
13 2
16 4
3 0
13 4

38 46
6
37 28
22 36
25 7
20 31
0 16
37 24
3 1

48 19
8
34 5
19 13
44 1
1 12
26 17
47 16
40 16
28 5
8 2

48 44
27
14 11
39 25
23 43
27 18
25 30
8 11
9 35
16 16
16 20
14 36
44 41
32 33
2 12
11 30
21 42
45 0
5 28
5 8
15 37
2 40
39 42
12 17
41 16
37 37
24 8
2 4
41 42
16 3

16 18
7
0 9
7 8
0 2
10 8
11 11
14 10
2 4
14 1

49 21
6
29 5
19 1
42 20
26 11
32 17
23 10
13 4

42 43
22
33 24
1 31
21 4
23 15
23 16
33 25
21 25
25 42
11 16
26 9
8 9
19 35
7 18
21 19
29 2
21 41
7 1
15 15
5 9
13 32
35 34
10 24
12 1

9 20
9
3 1
2 0
6 2
8 12
3 14
4 0
1 1
0 12
0 7
12 2

7 47
9
5 32
2 7
2 37
3 28
0 33
1 33
0 37
6 20
6 41
17 4

20 38
11
16 24
1 36
5 0
9 2
0 15
8 17
2 1
19 26
8 27
8 15
19 1
4 4

31 26
7
21 2
26 21
21 1
6 2
29 9
17 16
9 15
13 3

32 46
16
5 41
8 5
4 9
12 13
21 39
6 15
26 6
23 26
18 30
19 37
6 14
25 28
2 42
11 31
9 16
11 28
19 3

2 21
5
0 0
0 5
0 8
1 13
0 13
19 2

35 49
7
13 44
13 32
6 6
29 4
18 43
33 46
4 28
4 3

27 15
8
11 0
23 3
1 1
5 7
9 6
7 0
24 2
21 7
4 3

47 8
5
26 5
18 3
25 5
3 5
25 2
4 3

49 4
6
38 1
13 3
41 0
2 3
10 0
15 1
15 4

7 4
5
0 2
4 1
6 3
1 1
2 1
12 4

3 34
5
2 25
0 13
1 26
0 4
0 21
4 1

30 25
7
3 23
25 12
10 6
12 7
6 14
8 4
5 11
1 4

43 25
19
38 2
33 8
41 9
14 11
5 16
19 2
42 9
27 7
16 22
3 20
34 11
19 13
39 17
26 10
40 1
20 21
11 8
40 24
38 16
1 4

36 1
5
3 0
13 0
27 0
30 0
8 0
6 2

32 18
6
8 11
22 8
15 6
19 7
11 16
25 17
12 4

2 45
6
1 36
1 4
1 1
1 3
1 28
1 21
5 1

21 34
15
2 10
9 6
2 28
0 13
9 11
18 14
19 5
15 3
17 16
5 17
18 10
0 18
19 7
12 26
0 27
16 1

30 50
20
19 9
24 48
24 27
12 41
28 37
28 5
7 49
10 20
4 0
11 2
10 22
13 40
11 16
8 36
26 29
29 47
10 33
16 47
23 38
28 11
8 4

17 45
16
12 29
5 4
0 21
6 4
3 1
16 38
11 44
5 27
13 3
13 13
5 41
4 24
10 12
4 9
1 4
12 39
4 4

49 19
9
33 6
28 14
12 18
12 17
27 18
8 8
43 13
12 5
21 2
9 1

42 8
10
22 6
17 5
22 3
10 4
34 7
31 0
4 7
35 0
5 2
1 7
16 2

48 20
10
14 9
42 6
8 11
24 6
24 9
29 7
15 5
28 11
31 8
13 10
19 2

5 23
8
2 22
1 22
3 11
3 12
0 17
3 20
3 17
4 22
11 4

34 28
17
4 8
28 11
16 10
1 20
26 8
9 23
33 27
15 0
0 12
3 22
16 9
25 15
8 17
26 27
8 15
1 7
5 16
1 3

19 24
6
3 3
6 23
12 15
2 16
10 12
13 2
2 2

32 7
8
28 3
4 5
6 1
3 0
4 1
19 4
17 5
22 0
3 3

34 26
19
26 13
1 13
27 8
12 8
30 14
28 1
20 2
19 16
14 14
14 18
16 16
11 12
6 4
28 11
14 16
10 16
13 7
32 20
1 3
4 1

27 47
15
15 18
6 2
8 7
19 34
9 30
8 34
0 21
5 3
10 26
1 7
15 0
12 37
3 1
11 29
18 15
8 3

50 9
9
10 0
20 6
49 2
45 4
47 3
35 5
47 1
17 2
35 8
13 4

16 34
9
1 5
12 13
4 21
3 2
15 19
10 20
14 20
9 14
9 2
19 4

30 42
21
19 6
13 34
20 38
3 4
5 40
24 40
28 37
23 23
3 12
25 13
22 31
2 8
12 22
6 13
15 25
24 41
25 35
25 37
19 11
10 0
19 4
16 1

45 40
10
19 7
7 4
14 32
8 14
24 12
15 4
27 19
0 14
21 19
20 13
5 3

16 25
5
4 20
4 16
9 15
5 21
12 21
14 4

20 32
10
3 9
14 12
4 16
19 18
15 5
16 29
12 11
9 2
3 25
10 8
2 3

19 30
7
10 18
13 11
13 3
9 4
17 8
0 8
18 27
5 3

7 35
10
3 29
5 0
3 1
3 5
6 15
0 31
3 16
0 2
4 14
6 14
8 2

30 12
13
26 1
2 0
0 1
24 9
10 7
11 5
6 2
13 11
29 4
17 11
3 1
12 3
14 0
4 2

24 35
14
17 20
20 10
8 7
20 31
20 19
19 15
1 6
16 10
12 15
15 14
4 33
3 34
16 8
12 25
7 1

10 18
5
6 17
1 0
9 16
2 6
9 3
17 4

10 10
9
6 0
1 6
9 5
6 3
8 8
9 7
7 8
6 6
6 1
14 2

23 13
10
1 8
3 2
19 5
9 10
0 4
16 11
3 8
8 7
4 10
20 10
3 3

24 11
10
2 0
20 6
16 0
13 1
2 7
19 3
15 10
6 4
0 7
16 5
4 1

49 24
15
41 1
35 14
21 19
1 11
12 1
10 9
23 0
28 6
40 10
24 16
19 21
37 23
47 8
6 1
5 8
6 2

6 26
6
2 5
4 2
4 3
1 22
2 16
3 12
3 4

12 23
11
8 1
10 15
7 0
7 14
6 9
5 8
6 14
4 0
10 16
11 4
3 11
5 3

49 43
9
15 20
4 2
34 35
44 22
11 25
0 8
29 15
44 4
35 39
17 2

11 18
6
3 9
1 12
4 4
10 17
6 14
4 0
19 1

5 23
8
4 1
4 14
2 18
4 13
1 11
0 20
1 9
3 6
17 4

1 50
5
0 3
0 31
0 48
0 15
0 23
6 1

23 27
11
5 21
8 4
3 11
14 14
12 15
16 15
15 1
17 1
0 17
17 5
14 9
16 4

34 20
16
5 1
0 5
0 7
7 1
15 14
10 0
27 15
21 10
10 10
27 18
33 18
18 8
31 12
1 3
8 12
19 9
13 3

27 31
14
13 24
18 19
24 27
20 24
8 3
17 11
2 5
8 11
17 12
11 3
5 21
11 29
23 19
24 18
10 1

15 1
5
12 0
6 0
0 0
11 0
2 0
5 4

8 37
6
0 34
1 1
2 7
3 15
1 28
4 24
1 1

7 4
7
6 1
4 1
3 2
4 3
4 2
6 0
5 0
6 2

35 3
5
2 0
27 2
17 0
24 0
24 2
5 2

6 8
6
5 1
5 7
3 5
3 3
1 6
5 6
7 4

6 43
8
3 39
3 4
0 39
5 20
2 30
0 32
1 40
0 28
6 1

35 37
22
14 11
16 4
21 23
33 28
30 23
0 23
22 12
7 21
18 2
26 31
32 3
15 19
2 19
22 32
11 24
7 17
29 10
33 16
28 3
22 14
1 33
30 10
17 4

20 27
11
1 26
8 17
19 11
0 26
15 12
5 16
10 12
1 24
14 8
0 10
17 2
13 4

22 9
10
0 1
6 8
11 5
10 2
1 6
1 7
8 0
12 7
16 3
21 4
12 1

29 26
9
27 11
1 20
18 3
25 14
5 22
15 13
9 10
28 7
19 21
8 4

50 9
8
24 4
27 8
35 6
44 2
42 7
10 7
0 0
28 0
3 2

34 40
16
13 33
22 7
31 23
6 32
28 11
15 8
24 38
25 6
16 7
2 32
12 20
18 23
33 24
5 1
7 22
4 27
5 4

25 31
10
22 2
8 29
7 12
8 16
6 14
21 26
6 2
18 19
3 16
0 13
10 2

38 40
7
6 26
30 0
29 26
12 12
1 7
30 5
1 18
18 3

5 27
9
0 6
3 4
4 22
4 23
1 19
2 12
0 17
2 11
2 2
7 1

33 18
13
19 10
20 15
19 15
12 17
1 16
20 17
18 6
27 15
14 11
30 11
20 0
11 1
24 10
17 2

3 24
6
1 19
1 10
0 19
0 21
0 4
2 9
10 3

42 24
13
10 12
35 0
40 11
20 8
10 15
15 22
34 15
30 16
25 22
28 12
10 20
21 1
26 4
15 4

29 29
5
5 11
10 1
9 13
12 5
4 0
9 1

14 48
11
5 0
3 3
12 47
9 16
12 0
8 43
3 10
8 18
13 28
12 8
5 18
12 2

27 2
5
7 0
9 1
9 0
0 1
4 0
16 3

5 1
5
3 0
0 0
2 0
4 0
1 0
17 1

43 27
18
14 14
28 9
28 24
27 13
27 23
7 13
3 19
16 17
0 15
13 6
22 16
35 3
13 8
10 9
42 14
26 11
11 0
29 7
14 3

14 37
13
5 1
7 2
2 18
5 14
2 33
11 27
7 10
11 13
8 7
10 16
9 15
10 18
12 21
1 4

36 7
7
6 5
5 0
9 5
3 3
23 3
30 1
20 6
5 3

13 42
14
12 15
4 14
1 38
3 23
8 39
11 32
4 8
10 12
2 29
9 15
8 18
7 41
8 23
6 20
7 2

18 28
5
8 5
10 3
5 20
17 16
8 15
2 2
