30

66 156
12
9 126
3 79
26 142
25 51
24 148
28 91
53 57
20 90
44 109
37 124
65 96
42 72
7 19 

84 20
121
23 9
25 19
45 2
39 17
64 2
81 10
12 8
33 4
4 14
1 0
78 13
2 7
81 11
0 11
32 2
61 15
32 1
70 6
47 8
7 15
77 18
61 8
59 4
14 3
18 18
55 13
24 17
44 5
62 3
70 7
1 2
82 11
5 9
7 0
72 1
77 18
12 13
25 7
61 10
62 12
50 14
33 18
53 11
49 8
26 9
57 3
17 19
68 1
40 8
60 11
33 1
40 14
14 7
12 2
78 5
0 16
10 15
2 0
52 17
45 13
57 2
58 3
20 5
13 14
79 10
8 2
76 18
49 3
24 3
17 14
37 18
17 2
22 16
1 9
6 16
63 5
40 19
67 9
77 16
48 8
79 10
44 16
58 15
0 2
67 10
4 9
45 17
32 16
59 12
15 7
3 17
32 1
6 7
18 10
67 17
6 4
50 14
24 15
4 6
4 4
2 0
61 7
5 3
62 8
42 11
36 9
15 17
45 11
50 16
75 11
12 2
4 14
18 3
21 13
63 10
47 0
13 9
35 14
24 1
64 13
54 4
10 17 

197 74
20
190 14
171 36
180 28
127 29
36 49
35 1
65 18
4 72
1 43
48 72
64 55
98 13
73 42
13 47
51 19
19 62
119 60
111 61
9 34
94 2
16 6 

107 116
163
51 76
68 69
69 71
77 109
4 109
3 26
106 37
49 1
26 89
68 6
23 94
4 53
30 66
38 36
104 64
100 17
53 113
52 27
66 39
94 76
17 66
39 8
69 103
75 43
62 90
12 89
60 101
81 34
6 43
88 62
17 32
68 7
98 91
19 19
76 92
17 101
104 2
47 45
49 13
32 80
80 51
76 17
89 77
60 68
52 29
62 91
61 55
7 69
82 7
51 28
24 31
20 64
11 68
74 100
76 48
26 63
2 7
86 77
51 82
79 24
93 27
17 52
27 52
5 58
32 6
77 60
38 24
64 43
3 70
97 60
21 22
76 40
60 63
24 83
68 55
85 71
5 46
49 53
91 34
34 87
58 100
90 100
104 86
88 37
56 32
62 62
8 33
81 16
77 33
70 64
29 49
39 67
77 79
81 69
18 34
12 26
16 39
42 81
98 107
59 78
82 57
46 111
2 3
21 60
17 2
75 98
10 108
84 0
9 86
64 89
100 6
89 73
58 73
2 93
34 36
85 21
17 25
5 112
59 114
90 107
46 114
5 5
13 80
77 2
21 100
103 52
76 17
90 107
93 65
105 91
25 27
85 13
45 77
32 91
76 95
71 42
68 93
89 91
10 92
91 90
93 57
0 67
23 91
103 98
84 113
22 1
12 34
7 74
37 103
18 34
18 9
50 22
26 9
2 12
65 66
8 12
75 7
81 107
39 41
76 73
22 62
100 15
53 106
1 12 

130 155
57
59 104
107 18
11 60
99 38
106 139
22 71
33 95
100 48
0 154
73 87
123 143
20 125
106 94
88 43
108 13
26 138
31 102
105 100
106 114
106 128
104 87
123 128
60 60
124 139
55 11
98 51
76 154
107 142
45 111
64 154
46 11
127 4
70 94
43 13
46 33
65 91
99 85
68 52
40 41
56 39
126 26
6 149
109 109
115 129
68 18
61 132
26 131
27 131
1 51
14 149
52 28
109 49
43 113
58 40
1 144
119 28
102 145
7 8 

66 90
66
41 37
51 2
49 54
37 28
59 29
46 85
23 87
0 11
49 87
4 61
16 79
41 13
35 55
14 68
52 76
56 48
26 51
32 29
2 6
22 71
48 29
30 87
21 51
32 29
27 28
13 29
39 23
23 78
17 3
59 61
33 36
13 7
40 6
29 26
6 59
51 50
63 72
1 50
40 75
58 16
54 32
35 1
48 5
37 43
18 19
10 34
11 29
60 18
21 44
51 61
40 45
62 45
3 82
44 67
19 87
22 35
3 37
46 16
8 32
20 38
27 65
40 8
18 56
51 35
56 30
38 81
7 19 

170 41
178
34 37
5 16
89 8
64 15
45 22
96 15
134 38
161 3
47 27
145 1
134 35
81 13
38 10
111 7
65 29
23 27
152 29
108 30
43 32
21 7
68 6
2 39
12 17
44 31
114 38
41 33
88 24
96 27
8 23
135 11
7 2
74 18
136 8
70 14
92 3
132 33
103 21
32 34
44 21
58 35
106 39
108 4
168 0
128 0
58 33
40 22
94 9
98 14
82 37
55 34
66 28
148 36
2 38
12 40
121 38
64 38
84 8
98 13
63 24
114 10
126 3
29 25
19 1
136 23
159 8
107 30
145 12
104 20
115 32
29 10
123 34
91 31
20 18
30 0
54 18
133 27
135 22
66 25
71 32
14 2
74 31
26 10
139 18
120 22
66 12
135 30
158 26
49 2
64 16
45 27
35 40
134 15
155 31
29 2
52 39
159 3
48 25
58 16
3 26
144 19
96 13
70 15
158 6
10 39
71 0
89 15
15 4
29 36
124 39
7 17
47 39
79 5
18 40
109 26
78 16
166 10
138 2
27 18
30 2
130 29
111 34
89 27
164 13
23 9
110 17
78 35
91 22
80 3
80 36
141 1
73 30
43 14
146 14
140 11
7 34
136 15
5 12
111 30
110 24
136 39
51 23
84 22
75 36
125 7
82 15
59 28
86 28
86 6
157 14
91 20
8 32
19 36
83 12
163 19
132 21
40 40
72 19
77 39
154 36
155 12
111 8
102 24
55 5
58 27
137 13
70 35
19 17
109 29
68 33
41 4
8 4
79 39
6 1
117 0
84 25
104 22
52 1
43 34
1 7 

177 131
175
46 126
96 122
162 86
134 4
71 23
80 130
149 120
31 127
6 9
71 126
39 65
13 61
99 96
37 10
161 56
71 128
34 18
109 18
9 5
29 23
98 60
86 125
48 83
41 124
91 24
123 16
69 25
66 31
16 78
63 62
10 53
136 3
136 2
166 29
82 26
88 118
35 121
52 105
63 88
116 50
98 50
1 123
144 81
22 37
127 3
139 60
42 57
50 82
7 64
109 59
27 97
57 129
145 71
37 77
20 91
81 100
0 73
43 75
166 27
108 31
14 19
37 77
86 53
52 84
130 3
66 24
56 117
132 64
118 36
49 58
5 85
102 20
132 4
66 112
76 1
174 34
11 11
43 63
72 58
41 37
104 52
123 1
124 64
105 6
76 81
115 3
171 19
104 81
163 117
133 103
77 29
122 20
41 125
65 59
17 57
61 90
11 65
38 127
115 37
63 1
11 103
117 49
128 24
147 17
5 80
131 4
122 29
90 30
41 55
70 35
119 107
41 114
47 3
14 100
109 55
154 26
30 20
127 130
154 94
44 100
77 119
70 27
80 61
159 11
37 2
65 116
54 18
176 64
127 127
112 31
28 42
138 127
161 55
77 35
104 1
85 50
170 85
52 79
104 68
89 77
6 26
91 36
22 31
63 6
83 82
82 2
88 34
150 42
11 78
146 43
147 36
170 29
29 65
69 107
53 79
28 92
121 107
176 81
74 55
99 43
148 130
25 95
45 82
11 57
116 109
77 10
63 5
107 24
4 114
172 112
124 102
165 44
132 76
22 13
27 21
6 17 

81 84
103
4 49
0 62
20 82
14 1
76 6
59 66
65 35
30 21
58 4
28 48
23 8
14 79
78 33
3 5
16 66
11 64
76 36
19 47
7 11
19 79
66 64
52 77
68 73
74 3
12 35
10 40
8 19
50 12
43 40
71 8
76 68
67 61
33 2
74 9
78 30
43 35
34 15
4 81
24 28
56 54
10 51
18 67
74 51
29 61
59 40
32 83
77 81
9 33
25 51
62 54
41 10
35 28
7 34
70 18
25 1
42 73
17 24
49 57
37 41
36 81
54 45
70 23
13 23
73 66
43 25
30 26
18 28
22 77
15 69
30 76
11 37
63 37
46 68
21 53
26 56
10 71
24 62
75 53
7 34
77 47
2 46
63 12
46 56
65 80
42 13
70 76
62 15
77 49
45 27
67 13
65 28
18 66
6 56
5 52
27 83
76 70
62 28
12 48
62 8
2 4
80 8
73 3
66 31
20 8 

66 125
53
2 82
24 107
26 112
52 79
37 33
59 47
34 61
33 20
35 31
24 77
22 46
44 13
58 91
5 21
7 17
1 124
50 17
44 29
63 72
44 50
15 117
45 54
26 24
22 105
34 97
15 32
34 0
13 88
6 84
7 47
40 84
0 30
29 24
39 86
1 112
1 109
10 64
54 81
41 95
32 109
25 119
13 18
63 4
47 116
24 33
31 21
22 10
15 24
60 13
52 64
65 79
38 91
51 36
15 14 

154 18
134
72 12
34 6
90 10
148 11
129 9
127 14
79 4
4 11
9 9
54 16
7 7
60 17
94 0
152 11
55 12
143 7
46 3
38 10
135 3
77 16
48 9
139 5
92 2
27 14
37 14
80 2
20 3
101 8
1 16
14 17
153 5
127 3
10 14
141 5
44 1
99 15
4 14
111 4
4 17
121 11
119 5
5 8
89 5
61 6
81 3
47 5
138 11
55 3
144 1
16 0
37 13
66 15
136 11
2 1
37 12
114 14
37 3
145 16
41 4
75 12
34 2
41 11
112 2
41 12
54 8
94 7
81 9
64 2
22 6
112 15
116 10
23 3
83 9
62 6
56 7
99 3
18 3
43 8
78 6
4 4
117 1
100 16
75 17
102 14
132 6
132 8
74 13
80 0
43 3
58 11
4 12
18 12
55 16
78 11
33 17
42 11
66 2
136 13
90 10
86 4
40 15
24 8
113 1
69 14
135 13
111 2
18 4
143 9
127 8
18 17
110 2
71 8
48 8
7 7
95 5
12 6
121 10
48 6
59 9
135 17
55 2
87 2
149 17
133 10
124 5
12 4
101 7
7 14
153 8
47 4
92 7
62 14
33 3
29 14
17 13 

17 182
140
11 118
1 156
12 84
10 9
12 142
12 48
4 43
3 168
6 55
10 70
13 60
14 26
12 165
4 44
15 113
5 137
16 48
6 14
13 94
8 98
7 95
0 79
0 28
15 5
15 15
6 173
12 0
16 19
3 47
14 177
13 172
14 84
4 158
11 111
4 31
6 148
8 167
14 33
9 97
13 168
0 119
0 51
3 32
15 10
4 176
16 3
14 47
6 118
9 84
14 84
4 170
14 61
11 159
1 5
0 24
15 35
16 42
10 38
11 154
7 136
9 170
16 125
1 13
0 167
2 63
10 175
9 179
14 110
10 48
2 42
11 152
5 58
14 76
4 7
4 59
14 70
0 104
8 58
3 86
14 31
15 0
12 163
7 97
14 84
10 101
1 10
10 6
2 32
6 169
11 5
1 55
12 163
14 165
3 58
8 129
16 141
16 178
12 107
11 21
2 171
14 27
16 61
5 85
14 99
8 138
6 75
13 31
12 77
0 66
5 74
16 155
13 25
2 8
5 167
1 68
10 75
8 45
7 21
16 155
1 163
15 173
9 128
6 41
3 131
14 1
3 95
8 13
13 143
7 125
12 107
9 96
6 75
10 124
2 86
11 46
7 171
12 123
14 158
8 163
4 113
11 7 

180 154
68
147 103
140 52
67 129
163 126
145 132
4 10
148 97
128 152
32 36
101 89
11 101
29 50
57 61
65 143
160 105
52 45
140 71
124 145
12 46
57 9
161 22
75 19
48 147
132 35
175 17
26 106
168 152
174 99
3 3
10 23
37 54
41 97
33 147
161 113
159 130
45 24
121 44
146 128
85 33
69 128
133 112
59 103
34 147
90 101
126 28
166 93
120 126
122 18
85 117
154 3
28 50
27 115
64 143
40 119
9 77
10 78
173 47
39 38
114 9
30 105
13 42
84 137
21 17
49 97
37 98
150 97
56 37
11 96
1 18 

47 66
145
6 13
19 40
28 31
15 30
21 33
27 27
46 27
35 35
21 35
27 34
4 25
31 16
27 49
25 31
31 11
2 30
0 51
31 40
20 8
29 4
27 17
12 30
39 6
18 41
19 62
15 65
39 11
24 38
35 20
20 31
32 59
44 18
28 26
45 2
32 47
4 18
21 46
20 34
19 30
19 2
13 22
46 41
33 24
42 11
8 22
26 34
28 27
27 58
22 57
8 24
30 13
6 61
1 42
32 5
8 44
29 49
12 27
30 17
39 16
34 56
7 36
1 24
28 43
1 9
27 6
36 42
34 5
34 21
41 17
13 49
30 58
39 65
33 45
19 30
9 62
1 41
11 44
37 46
32 8
10 26
5 56
37 0
23 55
9 44
40 57
3 50
13 0
14 58
39 37
24 64
37 15
10 37
14 24
34 56
16 32
32 28
4 1
37 37
22 2
38 43
40 31
19 52
4 64
29 24
42 43
29 36
40 8
45 46
8 50
8 34
36 43
46 31
17 50
36 64
27 24
16 63
28 12
21 39
9 45
26 11
21 18
21 31
6 59
7 52
22 58
40 43
15 61
40 27
10 40
34 52
23 36
24 8
0 3
45 7
28 6
0 45
24 25
6 60
17 17
31 48
35 64
12 63
36 12
1 12
9 47
9 3 

196 50
55
192 29
170 47
26 22
3 17
95 45
99 30
162 43
137 35
187 33
119 17
155 34
45 27
73 49
172 16
48 25
174 3
176 32
114 44
175 34
124 12
121 15
105 34
23 31
132 23
65 5
29 5
15 41
22 14
108 12
182 14
0 43
63 1
89 24
164 43
185 28
108 16
40 25
6 44
143 47
57 24
12 33
1 13
107 30
166 34
147 8
24 8
107 14
62 0
132 30
46 23
30 27
58 36
2 39
177 39
23 4
3 7 

88 45
151
70 21
0 32
2 43
40 15
18 41
7 4
85 9
3 40
68 38
82 37
70 7
42 26
15 0
84 30
69 20
25 12
62 3
14 17
55 19
20 7
49 0
53 43
27 14
11 11
81 3
33 28
29 38
36 2
3 6
61 32
58 24
11 33
75 5
17 43
34 9
16 24
15 5
42 14
77 17
10 26
59 18
58 25
14 7
47 25
44 36
34 14
40 36
35 40
21 44
12 32
5 23
43 33
23 32
69 37
21 38
39 35
55 31
6 15
76 27
17 0
6 7
18 10
7 2
56 39
35 24
86 6
44 12
22 43
41 43
3 24
69 41
0 7
1 32
30 4
59 18
13 11
86 34
41 2
17 18
78 12
55 31
79 6
10 1
70 24
23 30
3 32
42 13
66 25
10 25
46 19
85 33
65 11
14 13
58 17
28 22
77 8
74 13
83 37
71 10
33 13
33 35
27 0
11 33
41 23
41 8
62 42
79 14
22 8
19 19
5 6
19 17
78 3
80 33
2 35
63 32
56 12
58 30
23 3
70 6
42 12
64 8
59 13
74 40
6 39
51 35
15 16
19 4
20 13
41 17
15 15
77 19
29 37
56 40
42 31
80 39
42 32
29 6
12 16
0 34
18 14
15 20
57 26
11 2
40 1
1 16
21 24
21 43
84 31
66 42
5 29
17 7
3 7 

44 98
95
24 61
33 37
17 6
18 72
2 76
12 6
20 61
2 14
32 37
6 46
8 81
36 82
10 82
36 75
7 67
25 35
30 33
39 2
22 65
20 41
11 80
12 56
13 10
3 97
3 72
40 75
40 13
42 21
27 62
7 16
24 29
33 28
8 79
35 51
3 15
15 18
40 13
33 75
14 14
41 88
5 47
36 43
36 46
11 55
20 0
23 28
8 8
20 44
41 64
17 30
6 87
42 27
40 15
21 23
33 61
11 87
19 42
39 58
34 28
8 79
35 1
23 26
3 42
30 18
0 59
8 15
33 32
23 71
14 44
40 96
14 12
38 77
27 93
16 5
30 2
36 74
19 0
30 6
13 89
35 36
28 23
2 15
27 34
2 37
42 85
32 96
31 44
39 37
40 31
13 93
15 2
13 50
34 79
9 55
12 10
11 14 

96 96
66
60 4
22 35
18 20
27 6
95 47
48 5
61 74
30 75
2 1
44 29
37 72
12 35
46 12
64 24
86 84
94 70
73 80
14 15
30 82
17 72
52 68
44 26
32 38
40 20
78 77
83 15
37 89
44 60
19 71
73 17
25 91
2 34
75 74
29 32
80 53
52 65
58 30
10 38
89 61
55 53
49 88
71 95
25 10
56 17
10 27
17 55
95 84
32 39
45 37
49 52
42 70
88 23
6 50
58 32
66 51
65 44
7 82
17 84
4 51
1 50
18 54
11 43
91 73
79 59
40 66
56 17
14 11 

104 170
89
93 0
90 9
73 52
103 114
100 102
56 57
29 74
17 94
66 101
84 74
41 7
37 15
26 163
99 74
27 144
39 110
39 133
83 107
60 32
15 22
28 90
69 109
95 27
61 125
58 141
76 77
64 48
24 55
79 55
31 169
74 76
61 73
14 163
64 132
28 100
32 124
13 142
90 72
69 135
60 84
103 85
50 30
25 57
89 51
82 164
98 31
78 68
47 100
94 41
74 4
94 121
73 39
55 29
65 83
68 18
50 71
24 127
82 90
23 159
42 27
11 96
81 17
72 51
68 156
61 93
47 110
50 126
21 145
13 116
15 7
1 43
34 58
15 43
101 150
51 70
14 71
88 47
48 124
42 137
2 56
43 85
69 47
100 22
4 57
38 98
25 12
69 148
71 16
16 91
20 7 

12 49
160
8 14
5 10
7 31
6 30
3 36
3 31
2 16
5 20
4 35
7 3
2 13
4 47
11 12
9 18
8 2
2 15
10 24
11 2
1 39
8 10
7 45
8 23
8 6
8 0
3 5
6 28
4 6
7 24
6 0
9 46
5 42
10 31
0 11
3 21
5 7
1 35
6 45
6 12
9 33
7 27
10 1
3 2
3 29
8 3
7 33
1 45
11 0
10 17
11 40
3 4
2 20
7 1
2 40
0 4
8 16
10 17
7 24
2 21
7 25
1 15
11 15
2 22
3 20
11 31
1 4
3 1
2 23
2 23
2 8
9 47
10 38
7 3
3 38
6 41
0 28
11 38
9 30
2 23
5 17
9 30
8 39
11 13
1 36
4 8
0 10
3 39
2 44
4 20
2 6
3 24
2 15
3 35
0 39
0 44
2 12
7 6
11 28
0 42
1 3
4 5
4 8
11 33
0 12
2 15
6 26
2 6
3 41
4 34
7 44
9 48
7 19
9 47
4 10
0 25
6 45
0 40
0 33
11 32
5 2
2 3
3 44
0 17
1 32
4 43
6 25
0 18
10 22
10 24
2 40
2 31
3 27
2 39
0 22
4 0
10 19
5 42
2 11
0 48
6 14
5 47
0 28
2 28
6 35
1 43
11 40
0 46
2 36
9 30
0 46
0 8
11 41
3 27
10 16
8 18
11 42
5 3
9 5
9 29
1 16
11 41
8 11 

188 137
4
175 123
84 68
97 105
71 42
15 5 

50 34
58
42 32
22 0
29 30
32 9
7 21
43 28
27 31
23 30
23 13
27 4
28 12
27 20
34 30
15 18
32 6
6 3
16 4
37 26
20 10
6 14
23 8
25 6
28 11
1 8
25 30
4 27
0 21
26 6
28 6
26 32
13 5
3 6
14 20
46 21
22 20
3 5
5 8
12 25
36 3
37 9
38 21
28 1
3 3
25 8
33 15
9 16
27 1
43 31
35 10
25 22
37 5
6 21
12 9
36 10
23 15
35 31
24 32
22 30
10 2 

123 48
26
92 19
64 16
102 18
113 26
18 46
38 38
56 10
7 46
102 22
39 28
114 39
85 34
117 20
1 8
90 5
26 3
17 21
32 2
75 22
109 31
73 41
103 27
72 12
8 18
102 17
61 40
19 2 

182 22
131
110 19
124 12
80 11
24 3
112 7
159 3
136 21
119 19
55 14
154 0
146 2
79 16
139 10
28 10
165 10
14 3
25 18
108 7
152 11
102 0
157 15
138 16
88 15
26 12
68 19
151 18
57 16
53 7
24 15
95 8
83 6
138 1
46 11
140 15
116 4
76 2
80 14
60 14
157 1
127 10
85 16
142 20
103 20
94 11
163 3
180 2
114 19
134 9
119 11
26 9
169 1
143 10
65 16
94 13
47 4
1 7
173 14
142 17
69 3
115 19
100 2
115 15
124 5
85 0
157 12
83 6
123 12
166 5
154 20
12 18
4 13
56 4
170 10
119 11
79 6
168 4
126 18
70 2
94 10
83 15
150 10
82 1
149 19
33 9
86 14
157 10
28 9
169 12
149 19
145 19
65 15
148 19
114 15
82 0
148 7
143 1
101 20
157 20
181 11
84 18
79 17
40 15
44 7
43 18
65 7
10 19
155 2
93 0
151 12
172 8
84 12
16 19
32 18
162 10
93 11
10 18
26 5
14 14
44 1
169 17
11 20
29 17
93 0
94 14
71 15
172 21
152 20
137 17
136 11
103 21
157 4
9 16 

139 117
161
73 83
84 92
32 2
30 43
105 81
11 57
20 31
84 51
116 10
55 45
55 76
41 0
129 0
52 35
19 92
104 95
20 66
60 27
63 51
70 15
54 110
68 61
2 3
99 67
138 62
109 47
71 61
37 111
38 101
110 100
50 90
66 11
74 103
87 10
17 38
105 2
53 0
54 106
109 99
59 68
107 71
122 71
89 80
11 112
11 69
37 62
114 63
91 28
106 50
51 16
8 107
75 10
119 93
89 46
4 64
61 104
1 102
81 87
137 18
72 43
69 25
82 4
92 93
83 45
33 108
41 73
40 71
51 74
63 31
85 94
113 25
90 96
0 105
38 29
36 112
130 14
126 94
104 41
121 18
31 66
123 106
66 104
128 108
13 112
107 77
6 112
79 51
109 21
110 13
41 32
40 55
126 114
61 20
75 82
27 108
10 103
85 101
101 7
26 26
51 102
94 99
38 38
131 94
14 21
127 67
68 1
41 38
84 39
2 82
81 10
39 88
108 42
118 111
32 106
91 22
1 57
43 3
72 64
83 32
16 10
113 49
48 58
87 58
86 78
119 108
9 44
28 100
133 110
88 25
26 29
40 109
109 61
90 102
18 104
13 70
133 25
64 67
6 91
47 31
46 51
63 54
117 33
41 61
57 102
52 114
25 91
87 1
76 61
109 15
58 84
68 87
29 111
12 36
36 30
117 56
113 72
92 112
40 91
108 7
90 50
117 13
2 4 

115 172
86
54 54
28 102
45 18
45 125
69 57
80 38
89 39
90 3
84 104
108 79
74 21
73 88
14 11
43 135
96 104
58 87
10 112
96 150
99 1
66 60
102 123
88 108
109 74
84 85
101 29
113 99
109 120
38 170
42 148
34 63
34 9
41 26
40 110
61 120
112 96
81 163
48 41
58 155
48 37
114 138
33 74
83 108
66 127
15 10
72 158
29 136
84 116
106 142
15 90
12 64
1 46
38 42
52 105
52 87
73 118
37 4
47 133
64 41
82 21
52 155
49 64
11 4
83 1
48 42
112 158
113 161
6 27
102 58
105 75
88 139
88 156
58 50
28 15
80 117
12 23
66 111
86 14
6 21
77 153
51 41
92 134
107 105
28 148
68 117
62 103
54 0
20 8 

195 73
13
119 68
93 17
172 63
53 34
92 19
92 28
30 64
74 26
60 60
167 12
95 20
0 31
42 17
4 18 

36 41
126
32 17
11 39
31 8
27 12
4 26
10 3
5 32
25 37
5 13
33 37
6 15
14 34
10 34
13 31
5 8
10 14
30 4
12 26
26 9
20 4
33 2
30 8
6 29
19 4
16 19
17 33
4 39
12 5
6 7
30 8
22 1
5 8
13 1
16 30
35 40
18 30
10 34
35 18
7 5
33 8
6 39
30 35
9 24
18 22
19 10
10 26
27 16
18 1
4 39
29 12
28 36
33 31
9 37
1 16
8 6
20 23
0 5
11 1
12 37
34 17
11 38
22 19
17 12
24 2
31 1
27 7
14 7
31 1
11 5
20 25
18 37
35 32
11 38
19 30
7 29
14 38
25 32
22 5
11 28
1 35
7 12
31 6
20 18
0 36
32 32
12 8
2 20
15 33
33 8
1 24
5 23
4 7
26 0
12 11
8 4
9 32
19 14
15 39
5 38
16 2
19 30
20 23
19 14
17 27
34 18
1 25
17 13
24 27
8 34
15 20
20 13
18 7
16 37
25 32
18 10
35 21
17 39
35 10
19 13
5 8
12 29
16 28
24 26
0 39
24 39
27 5
2 15 

162 149
191
83 32
32 82
94 144
91 16
150 47
6 84
122 99
134 12
150 124
150 41
46 148
44 91
110 122
1 76
37 32
50 58
97 34
47 116
87 94
89 36
65 117
14 121
151 109
70 48
144 102
68 127
130 1
126 145
67 50
123 141
72 43
58 15
24 119
98 30
147 8
152 25
148 30
129 23
98 19
141 101
42 134
42 13
149 14
22 131
161 132
31 20
34 121
126 89
128 97
68 140
45 74
153 138
89 103
134 148
72 134
85 71
158 147
66 46
29 27
57 109
21 1
130 9
78 101
38 31
81 117
8 118
71 124
86 114
149 120
82 59
128 22
161 11
26 51
87 31
115 100
46 37
3 52
147 31
4 49
91 80
88 124
46 68
87 29
67 27
151 36
24 65
153 63
137 130
34 63
0 144
160 69
80 40
92 143
102 61
24 62
17 8
161 54
80 49
161 93
86 24
39 69
19 118
31 87
12 147
55 87
78 67
17 21
32 128
16 119
18 37
133 45
11 4
119 20
94 83
118 25
86 146
137 98
140 95
80 60
116 128
97 67
51 84
13 142
53 109
90 3
154 60
52 71
105 58
39 82
40 61
60 87
20 87
91 141
68 137
118 104
58 119
107 127
82 16
56 94
59 74
70 66
4 140
9 13
100 108
30 37
44 46
133 108
154 57
114 59
53 19
100 98
105 65
58 74
9 113
19 49
122 123
148 125
86 104
37 99
33 54
43 89
79 66
151 110
16 12
11 125
17 137
118 13
6 53
101 40
79 49
81 119
97 49
81 127
7 60
80 80
31 116
20 25
61 4
54 139
7 20
115 93
123 3
42 59
33 71
39 33
65 133
89 142
106 24
2 120
88 123
49 64
10 13 

94 78
126
59 24
72 17
70 75
68 36
39 1
75 60
50 12
68 34
0 11
36 28
12 65
59 65
35 71
27 8
0 40
50 67
17 75
57 1
33 65
38 63
0 69
73 12
32 38
1 21
71 16
90 49
54 67
50 20
27 23
73 19
35 59
87 77
46 32
72 51
30 71
59 45
88 65
44 49
26 68
61 72
88 19
87 12
11 77
57 51
6 57
26 72
86 50
49 27
37 22
0 20
25 47
23 58
62 42
60 72
28 67
52 58
38 20
9 58
47 24
66 42
44 27
67 70
70 38
28 27
67 20
26 74
16 26
10 36
91 26
64 59
38 39
25 20
42 38
50 54
48 10
53 57
43 42
26 26
50 50
3 69
15 2
75 36
14 36
34 18
18 33
40 32
38 17
32 16
50 77
13 65
82 48
27 66
70 12
43 1
4 53
10 73
80 43
13 76
52 27
79 42
81 62
18 70
64 19
74 64
87 61
50 2
84 26
24 4
19 34
27 65
25 13
29 3
45 54
39 35
5 70
61 5
70 16
59 68
33 49
88 15
53 20
58 0
43 59
63 67
17 64
26 35
9 3 

