30

3 9
22
2 3
0 8
0 3
2 7
0 1
0 7
0 5
0 6
0 6
0 3
2 3
1 1
2 1
1 3
2 3
2 6
0 0
1 1
1 5
2 5
0 5
2 0
20 19 

2 92
14
0 64
1 30
1 78
0 73
1 34
1 19
0 50
1 35
1 26
1 44
0 84
0 47
0 25
0 45
10 10 

125 179
15
23 111
68 12
21 31
89 36
23 169
21 13
55 24
25 4
86 97
114 78
122 16
124 31
44 166
20 119
115 132
7 17 

68 114
122
41 7
60 18
49 31
51 80
16 107
55 16
30 48
43 69
25 60
25 31
24 1
43 4
61 36
43 34
13 70
18 48
65 35
40 52
20 54
3 90
57 75
11 86
59 70
22 49
33 76
50 18
35 82
66 101
62 104
18 69
51 56
47 9
7 68
65 99
65 43
8 64
27 74
53 94
30 43
44 109
30 44
32 88
15 105
25 5
5 48
42 19
50 84
46 105
61 97
42 105
39 79
51 70
3 36
24 81
29 26
17 73
19 22
8 25
2 59
8 76
46 99
26 62
7 110
35 100
10 13
11 108
36 79
19 22
56 0
67 73
32 56
37 38
60 90
7 7
55 108
11 26
17 21
9 25
32 45
19 99
23 7
30 62
53 74
65 44
18 110
55 59
13 19
22 2
17 0
16 17
55 67
39 99
33 13
2 56
22 86
24 16
19 27
48 92
36 102
58 60
25 80
24 88
63 51
16 38
15 110
52 112
31 34
22 2
38 75
41 93
19 81
29 63
17 33
15 74
20 81
18 102
60 57
60 23
66 47
61 84
45 38
66 113
1 20 

102 26
28
22 7
17 12
77 17
39 2
67 19
43 8
83 25
16 9
10 19
13 15
60 13
65 4
25 13
18 22
6 13
35 4
23 17
77 2
68 3
4 0
32 22
66 16
51 14
88 19
13 10
61 15
35 17
28 15
1 20 

81 37
27
76 7
11 33
64 10
39 21
80 27
35 7
19 31
48 19
60 4
23 23
70 23
34 34
45 2
12 36
43 32
38 28
6 35
10 2
13 6
16 3
31 11
6 16
44 27
69 17
51 14
62 23
76 15
6 6 

117 29
78
46 5
22 12
89 5
22 28
85 5
53 28
45 21
11 22
69 7
60 18
107 10
26 21
74 1
29 6
18 21
12 5
13 16
58 16
0 24
33 10
36 20
91 21
102 12
92 22
7 24
47 18
45 25
44 16
68 14
109 25
62 18
25 18
71 15
47 23
25 22
57 12
86 10
100 27
79 23
81 2
51 3
49 5
12 22
36 12
87 19
15 16
1 25
34 8
103 0
88 7
23 15
35 13
106 15
108 22
102 12
51 19
60 25
49 19
34 2
86 5
116 11
45 4
22 17
49 25
78 6
41 28
29 2
11 11
72 8
57 16
38 3
74 0
23 20
12 11
89 7
70 18
49 24
109 13
16 13 

175 91
33
90 27
137 7
166 62
120 62
28 0
73 80
43 74
157 19
123 65
129 50
23 61
40 30
169 55
49 87
159 66
39 3
155 74
48 13
23 26
53 40
121 87
47 90
58 31
38 53
50 18
10 48
79 81
45 72
89 41
46 14
8 0
13 71
131 25
15 6 

83 110
29
78 37
61 15
0 97
20 91
23 41
56 43
46 49
60 7
23 10
35 22
5 87
7 4
60 69
47 17
15 78
36 53
30 73
7 54
59 91
65 69
38 41
45 62
43 24
56 38
72 94
20 95
67 33
8 61
11 63
16 5 

26 111
4
1 102
3 87
2 87
14 63
8 12 

151 170
81
110 136
90 26
7 78
11 151
83 91
21 63
60 99
12 79
25 127
129 87
131 50
142 102
83 117
132 42
1 134
31 113
79 121
41 162
118 55
135 77
145 144
127 120
100 84
64 125
50 39
8 87
15 116
87 90
145 49
82 95
40 119
146 8
110 123
110 144
138 119
8 19
63 54
118 161
114 120
42 100
124 109
109 158
80 85
79 118
125 166
22 131
14 12
94 131
104 20
106 114
150 49
42 151
104 5
17 104
139 93
101 6
101 144
18 92
63 98
26 3
27 48
127 19
84 111
122 29
131 22
14 87
28 64
62 19
37 160
11 6
25 43
26 167
33 13
81 93
17 87
122 88
91 77
119 82
13 32
25 36
64 83
11 19 

157 133
7
134 100
58 124
53 90
30 5
116 127
128 32
102 61
9 14 

58 158
38
28 52
50 36
1 144
13 9
22 134
15 140
2 100
49 17
0 147
15 20
25 31
17 114
34 43
4 50
35 35
19 81
6 141
5 88
25 80
51 33
52 67
22 64
37 72
2 103
42 153
1 90
5 140
5 86
17 6
15 68
15 19
43 6
27 87
30 35
33 41
1 6
55 72
36 136
20 6 

146 190
172
111 115
95 173
83 79
13 73
28 46
88 98
110 31
71 158
19 30
115 99
57 123
51 55
74 85
96 108
89 110
97 166
66 111
71 12
69 132
84 101
95 60
118 177
107 86
12 140
75 121
19 71
143 89
1 155
0 131
7 134
16 39
53 123
44 23
104 157
87 13
144 18
0 137
60 42
84 95
88 70
127 156
70 58
108 127
137 155
12 153
55 178
43 95
132 169
34 111
10 116
21 22
22 8
78 60
64 133
104 142
51 161
41 141
120 124
44 54
100 67
67 123
63 61
139 43
108 134
100 25
80 175
91 9
133 58
1 49
47 144
120 88
29 115
19 92
62 89
109 148
1 38
119 25
90 181
120 84
109 114
34 20
43 70
126 78
101 51
101 12
27 177
72 185
54 75
116 103
142 9
52 122
145 75
58 20
50 88
83 92
42 144
1 164
84 61
67 9
81 47
137 46
69 179
94 90
4 11
104 16
79 143
108 56
57 125
92 78
7 144
45 4
89 87
2 8
55 2
22 91
79 16
83 145
140 63
33 105
39 175
12 9
116 150
65 82
98 3
106 132
93 74
104 161
102 95
129 116
19 75
116 0
119 56
59 156
69 68
71 154
37 113
138 78
54 173
139 156
17 151
29 71
107 40
100 120
84 55
40 101
78 121
107 157
139 173
64 139
80 115
139 8
52 10
86 98
131 82
53 112
92 45
97 188
52 8
46 77
52 57
35 102
43 85
80 132
80 74
127 90
69 147
137 72
40 135
53 26
33 70
29 30
110 18
20 2 

175 40
105
142 19
72 35
32 11
153 1
58 16
143 37
0 20
161 34
46 32
2 22
119 29
58 10
98 25
90 3
125 10
123 32
159 11
94 15
169 5
98 17
149 3
94 37
164 28
56 10
123 31
94 39
134 8
171 0
52 20
16 1
68 36
21 22
97 24
55 26
48 23
62 14
166 9
117 26
46 0
142 37
137 28
126 35
110 24
44 16
67 14
67 5
157 20
85 23
93 17
145 10
52 22
125 27
172 36
42 39
51 30
58 35
43 4
29 39
169 16
125 7
33 12
75 4
140 28
68 30
70 11
50 32
120 34
43 37
75 30
99 1
46 10
170 13
52 33
9 8
70 20
38 28
96 7
155 38
140 33
126 37
144 30
21 7
12 35
110 23
26 1
120 16
138 15
29 22
130 5
138 22
83 15
149 28
58 29
87 27
36 13
41 25
50 34
25 31
10 35
27 17
12 38
131 14
47 8
107 26
55 22
4 4 

11 175
155
5 124
10 151
2 149
7 166
0 48
0 3
10 130
0 159
0 13
6 21
7 87
9 50
0 80
4 80
4 66
5 121
10 7
6 23
6 31
4 15
0 164
0 120
1 29
1 40
3 93
4 41
4 103
1 55
2 79
0 38
6 99
7 91
8 117
9 15
3 146
2 53
4 161
0 112
2 92
1 75
2 122
2 82
1 132
0 132
10 89
2 73
6 120
7 65
1 69
3 167
1 174
10 62
9 101
9 101
8 119
6 127
0 75
3 60
1 86
5 135
2 108
2 57
0 167
10 163
10 105
10 124
2 60
0 123
2 89
8 38
7 97
3 109
6 36
4 49
5 24
3 90
8 99
5 161
2 165
1 18
9 36
6 87
7 33
0 8
0 140
4 160
7 152
7 23
10 99
6 139
7 68
0 159
0 64
9 66
1 74
10 102
5 58
2 74
9 159
0 145
3 85
1 168
9 31
7 0
10 125
7 164
2 129
2 68
0 174
9 115
2 135
10 42
0 23
3 164
9 86
3 20
5 154
8 151
9 116
9 129
10 13
7 6
7 50
0 157
5 119
2 92
8 163
1 158
10 173
9 98
0 34
0 174
2 46
5 79
0 65
0 16
6 26
10 34
6 74
6 65
9 135
8 57
8 143
0 136
10 85
3 130
5 140
9 75
10 118
6 28
1 122
4 93
8 140
7 81
4 63
8 4 

132 153
124
18 107
109 43
103 151
23 126
118 43
61 118
129 118
49 87
49 8
88 54
11 52
110 109
104 138
101 47
89 136
104 150
93 83
68 85
42 19
75 21
7 105
34 105
123 102
116 24
99 70
71 129
97 23
128 17
121 21
84 8
44 114
82 103
61 118
15 18
24 36
101 147
84 110
17 49
120 7
97 7
109 64
85 125
63 102
50 26
118 138
78 63
29 96
23 40
116 42
31 22
124 74
49 98
103 8
79 13
35 60
106 63
25 22
123 142
11 141
82 105
41 10
15 88
24 61
7 42
75 103
53 19
112 123
123 119
100 88
72 138
129 110
55 73
72 15
108 150
105 113
40 50
7 78
16 52
48 34
89 144
128 25
33 40
11 21
100 10
27 22
81 96
116 6
14 21
12 110
47 105
17 97
85 125
65 28
86 136
20 99
88 55
71 44
1 118
73 120
56 110
67 134
61 26
85 37
76 49
109 112
120 63
80 118
120 126
99 72
55 115
110 109
96 27
75 113
131 96
5 33
73 99
4 97
82 142
48 119
88 54
72 20
41 69
37 34
81 102
12 20 

29 132
39
4 1
19 104
20 81
15 104
8 131
25 72
20 83
23 114
26 86
16 108
4 38
22 23
25 117
2 131
0 82
16 115
28 40
20 38
23 116
2 96
27 44
26 40
11 20
16 44
27 3
25 14
16 81
16 129
22 20
21 86
17 8
8 26
18 98
7 121
17 21
17 122
13 122
18 49
21 20
20 12 

162 147
183
24 88
130 28
42 57
134 55
161 107
48 32
145 19
112 22
9 43
42 73
104 116
133 40
21 60
158 128
151 146
15 103
137 79
32 126
131 135
35 37
76 45
77 68
157 120
57 51
108 86
155 122
4 16
51 2
31 58
44 61
99 40
96 71
134 54
85 10
23 13
51 55
145 143
96 10
20 132
155 50
159 94
17 91
0 81
65 98
61 66
157 62
126 29
3 75
6 62
70 3
17 34
124 91
81 16
23 75
21 105
3 85
47 105
77 110
79 100
114 125
92 19
97 50
95 133
21 120
100 143
115 63
86 134
70 130
78 145
2 39
104 61
65 127
93 22
131 127
58 103
87 17
38 9
2 109
106 27
69 30
73 71
29 59
129 134
58 23
147 136
82 125
24 96
86 108
14 95
2 9
25 133
143 116
153 23
139 38
38 60
59 65
12 47
37 117
154 46
105 139
2 144
90 110
105 118
4 55
33 143
18 42
56 42
102 91
140 131
101 39
122 139
30 69
90 6
141 111
23 124
112 106
23 138
136 2
145 105
148 144
144 0
150 16
123 23
91 14
10 62
147 83
107 100
113 97
134 55
2 130
11 126
59 23
72 24
45 54
24 15
84 2
40 60
142 94
6 92
105 8
14 138
63 105
59 136
25 141
156 109
61 50
22 46
5 52
40 95
90 145
139 61
71 74
36 67
8 106
97 49
148 10
35 4
89 50
108 108
116 142
42 132
21 73
54 74
136 91
91 1
124 115
40 35
158 145
119 76
159 2
152 33
115 103
59 134
131 11
135 28
120 65
86 135
77 117
119 128
48 85
29 17
17 67
45 79
15 2 

45 165
69
35 118
7 32
24 21
34 129
9 64
24 130
8 162
32 40
13 65
32 85
11 135
21 158
35 89
10 34
13 79
8 109
29 45
10 26
30 32
2 159
4 13
16 0
20 2
44 103
15 107
10 94
12 76
14 71
44 75
31 74
0 19
21 3
20 145
43 112
44 61
37 53
33 9
4 110
3 141
31 148
41 150
25 78
36 130
18 64
22 159
16 99
7 81
29 98
16 158
42 87
39 162
8 78
9 149
40 162
20 91
10 163
21 153
44 73
11 111
44 140
43 134
44 115
32 93
20 16
37 104
37 64
0 85
1 131
44 27
14 14 

100 102
122
44 81
13 97
74 32
63 8
27 79
57 21
13 59
87 11
70 86
35 8
8 39
62 48
24 1
75 18
47 81
86 27
44 70
40 75
88 11
16 19
2 62
93 26
80 46
76 42
90 39
29 24
55 74
5 39
82 32
48 32
70 40
85 35
35 9
14 89
31 60
56 7
4 100
56 57
63 73
58 12
88 85
84 12
48 63
70 40
65 13
72 69
71 92
58 82
88 4
99 23
77 8
71 57
45 17
52 64
75 84
78 37
24 60
89 75
96 57
77 49
50 68
86 99
7 49
85 24
94 88
38 77
40 82
2 5
42 75
65 33
95 42
2 54
72 73
60 88
47 90
60 60
75 53
52 49
1 95
98 46
51 90
32 96
73 24
51 50
1 76
2 101
94 50
88 23
38 91
38 41
29 47
57 40
96 66
2 27
73 82
62 0
43 1
39 90
19 55
27 63
82 37
62 47
1 98
51 100
42 28
75 93
12 45
41 54
17 29
40 19
82 49
39 86
38 34
24 23
51 87
25 10
20 44
34 84
33 15
32 49
78 75
24 28
7 5 

93 99
79
72 70
55 77
64 11
29 30
13 58
29 17
17 94
5 38
87 19
25 66
40 75
59 21
36 91
9 28
57 28
92 23
55 17
81 33
9 55
62 68
60 27
72 14
17 20
66 51
68 12
66 73
59 69
63 71
88 48
67 12
14 20
11 88
58 34
19 29
12 24
64 20
91 35
85 16
45 1
3 20
13 87
53 28
58 72
47 43
28 15
16 44
61 14
85 3
11 41
10 88
80 67
42 83
45 16
38 10
8 72
42 87
36 91
81 35
24 51
79 33
22 23
34 45
19 45
54 22
27 44
36 0
33 82
21 49
61 77
74 52
59 25
34 58
31 11
36 28
68 60
63 37
40 73
66 28
1 51
10 6 

45 155
5
33 47
19 89
23 77
5 125
19 130
1 8 

50 22
160
45 0
20 21
26 14
42 20
2 8
39 4
38 3
18 3
40 11
0 0
0 17
11 2
18 9
0 6
37 3
33 4
5 17
4 9
5 9
45 15
8 11
23 0
34 12
41 2
45 13
25 5
20 2
18 20
43 12
21 0
40 21
4 0
37 11
36 18
29 17
20 20
29 16
49 11
26 0
48 0
33 15
11 6
26 15
32 12
17 15
28 7
40 5
34 3
39 18
40 11
38 4
43 0
44 20
6 15
39 2
18 18
39 5
40 10
17 8
42 7
16 13
35 14
35 15
47 12
23 2
19 18
0 13
22 0
43 19
1 15
8 1
44 0
12 15
27 12
30 13
42 13
28 10
22 16
48 7
5 8
41 17
33 18
45 15
25 13
43 15
33 19
17 4
45 17
9 12
39 0
2 1
23 8
7 12
5 10
41 3
14 21
13 16
35 21
46 19
15 7
45 1
27 12
3 7
28 20
34 4
27 7
37 21
6 21
13 20
26 9
41 5
11 10
37 6
11 10
0 5
6 13
31 20
17 12
44 13
31 20
9 16
47 20
12 16
11 5
25 2
3 3
39 5
28 5
39 21
14 7
40 4
11 8
45 21
4 14
30 1
1 20
21 7
24 0
8 10
12 15
35 8
2 20
36 0
0 9
45 9
15 1
48 5
11 17
46 0
40 5
42 7
15 6
30 8
39 17
31 3
23 19
43 16
1 0
0 14
5 5
18 9 

14 175
144
12 93
2 109
3 95
7 19
13 135
11 159
10 134
8 170
13 90
6 77
10 148
4 17
5 65
10 107
10 136
2 132
10 142
9 30
8 5
0 62
6 16
11 105
1 2
10 87
0 18
9 39
8 39
8 94
1 50
8 152
12 48
10 136
6 78
9 90
13 85
7 57
7 78
6 166
6 100
10 28
3 3
11 101
12 43
4 5
10 106
1 117
11 2
10 90
0 111
3 26
1 119
12 120
7 72
0 20
3 87
6 163
3 57
1 76
13 7
12 114
3 123
13 50
11 21
13 110
9 55
3 147
10 22
6 109
4 155
10 131
5 155
10 113
9 37
9 76
9 169
6 172
10 63
5 108
13 159
4 36
11 166
9 14
7 34
11 40
13 84
4 61
9 46
10 163
8 105
7 120
4 124
1 151
5 13
11 100
7 119
10 166
0 95
12 166
1 90
7 68
13 76
13 130
2 136
7 148
3 146
12 37
7 46
9 125
7 119
10 5
5 145
5 89
13 22
0 97
2 164
11 6
6 148
7 52
10 144
12 30
6 148
4 140
1 32
2 132
11 60
11 158
3 150
3 23
6 119
13 142
0 62
10 172
11 71
12 147
7 75
11 67
4 66
5 151
8 16
10 131
1 102
10 93
7 150
4 41
17 7 

47 143
150
33 67
13 104
40 0
39 134
36 33
46 5
45 47
14 73
9 102
13 85
22 86
34 13
29 87
40 23
43 59
10 119
21 106
31 140
39 119
19 104
2 46
3 38
11 13
19 21
1 93
34 54
25 78
22 18
30 58
9 25
9 18
15 99
25 64
32 12
35 125
1 84
29 82
17 36
21 31
31 77
15 14
9 69
7 84
0 93
37 115
22 95
29 50
20 49
26 135
46 47
8 65
6 114
15 0
20 116
40 53
28 67
14 49
31 67
13 40
39 63
1 8
20 69
11 22
36 4
23 117
6 17
14 84
27 136
16 3
11 116
44 55
13 29
28 132
28 17
13 27
39 101
26 93
16 49
39 46
32 28
0 116
46 117
27 126
29 45
33 90
10 129
20 97
44 86
26 73
38 106
44 61
2 6
0 115
19 82
23 139
34 102
19 95
32 136
10 79
0 126
16 27
29 0
15 131
35 41
0 3
38 118
31 116
40 88
44 16
32 20
20 122
9 79
12 63
23 79
42 3
33 62
28 23
4 78
6 47
28 126
3 63
34 58
44 105
30 17
40 61
40 93
5 2
2 29
15 89
36 74
24 48
30 115
31 113
21 43
24 90
2 23
17 97
38 121
22 6
1 132
37 140
16 119
11 116
5 100
1 32
13 90
23 86
5 60
1 112
33 68
13 11 

70 128
167
64 74
6 42
0 124
24 92
57 96
5 92
22 106
14 96
16 70
49 7
4 82
67 23
56 76
25 101
9 37
35 10
24 19
46 124
13 103
21 84
52 117
38 104
18 45
32 62
47 99
52 66
6 7
59 5
42 97
66 122
53 115
34 36
49 94
0 126
32 44
34 20
9 63
55 73
58 102
49 101
68 12
23 47
56 91
39 64
27 52
38 12
31 20
17 43
9 53
11 109
30 97
32 46
43 77
57 67
65 79
47 52
18 37
58 80
63 91
26 93
62 32
39 10
13 103
0 83
40 55
49 10
53 79
15 89
53 21
26 32
36 91
49 61
32 4
59 122
46 116
46 3
29 77
40 24
27 90
59 25
46 22
19 100
3 87
4 11
2 69
27 13
46 18
34 72
47 102
55 53
61 69
68 40
62 109
30 101
32 54
51 88
19 59
58 39
68 53
65 12
56 117
23 118
26 96
8 54
30 27
45 7
61 56
22 103
67 106
5 39
63 13
27 120
50 51
50 117
38 0
16 55
63 103
49 125
10 53
38 94
20 97
50 13
21 40
46 85
35 61
61 8
15 102
57 14
43 5
41 101
3 68
30 21
48 91
55 14
20 101
9 98
57 19
23 21
8 54
16 74
54 82
10 48
60 14
22 53
2 8
52 14
12 30
5 51
23 12
59 122
53 23
32 118
49 87
25 83
29 127
3 93
15 30
24 75
11 102
17 100
63 25
21 57
23 5
47 110
59 99
46 76
19 11
15 4 

157 137
58
36 56
129 101
146 86
32 94
106 31
42 121
52 17
126 101
5 121
115 71
132 2
50 66
79 9
46 71
42 1
4 92
51 76
137 109
99 50
45 12
96 90
146 125
155 51
138 61
63 51
44 113
56 71
135 70
116 73
12 54
10 62
135 116
92 55
77 15
106 50
101 109
46 50
5 13
55 69
60 11
82 21
56 42
95 106
80 90
23 86
125 4
150 17
137 108
58 94
93 42
56 85
110 2
96 3
127 38
22 3
73 120
150 16
14 47
1 13 

188 180
199
0 22
182 150
155 2
112 8
40 27
181 29
86 168
98 9
3 39
119 165
23 68
127 0
131 71
36 120
20 45
161 59
15 13
101 143
36 60
82 79
121 12
64 93
55 19
70 60
32 97
7 132
109 149
13 90
25 163
168 141
98 53
81 36
82 6
182 98
167 116
83 133
20 125
38 154
5 89
62 70
128 71
157 128
181 45
87 4
94 88
184 91
1 61
158 127
127 119
173 153
185 68
179 144
99 107
64 1
76 45
187 111
176 22
44 142
141 101
106 123
114 146
170 126
139 87
101 178
28 175
70 145
138 156
91 129
172 141
63 151
58 154
107 135
113 167
48 42
138 49
34 154
18 58
107 24
51 162
86 81
88 147
39 10
99 150
138 85
123 19
32 160
75 16
74 93
118 87
41 104
70 122
167 159
78 67
136 6
134 121
69 119
107 90
11 162
182 123
93 64
147 99
118 103
37 138
26 57
82 87
154 105
147 1
39 84
74 4
7 37
93 131
118 130
140 48
118 96
76 111
133 32
175 66
136 88
152 23
144 28
157 74
132 75
172 83
61 78
31 172
112 156
158 43
127 126
105 153
142 24
25 166
187 0
21 86
166 142
59 29
119 33
172 86
121 29
184 138
112 58
10 49
74 2
49 119
18 149
36 46
176 37
11 38
53 99
87 24
64 2
167 61
182 105
79 105
17 57
81 175
172 24
45 123
62 121
90 60
129 81
182 140
19 102
2 71
139 66
6 171
20 6
59 28
39 93
125 4
142 107
132 98
57 173
160 144
164 0
6 101
117 71
85 118
92 105
72 24
28 101
95 106
14 90
174 173
89 65
167 64
68 179
34 108
7 143
129 81
76 126
167 24
130 15
7 57
161 87
149 102
118 14
101 161
155 158
131 65
15 1 

62 58
8
32 54
46 30
2 38
46 11
21 44
21 17
59 52
32 57
11 11 

