10

9 9
3
4 3
4 4
4 5
3 1

10 10
4
4 4
4 5
5 4
5 5
3 1

69 165
191
59 37
47 18
31 51
43 98
21 11
36 70
12 110
19 45
45 16
21 4
66 8
59 77
48 20
59 61
39 76
52 163
36 113
68 152
1 17
15 124
39 68
63 58
10 6
34 116
2 38
30 116
41 119
44 96
62 99
28 161
24 121
58 51
68 46
23 48
54 37
45 63
45 70
1 70
21 11
7 127
14 163
62 76
8 27
55 12
16 119
43 123
65 77
68 40
24 37
30 140
47 108
47 32
61 97
18 17
37 78
3 51
31 12
3 50
9 62
2 43
0 70
13 44
68 113
19 23
59 33
4 39
64 20
37 117
56 5
7 13
6 157
21 132
34 75
34 115
29 137
18 41
50 99
15 1
4 116
33 3
61 139
23 20
7 22
63 9
1 105
26 42
19 134
1 152
65 93
68 37
40 100
62 92
30 84
25 157
38 119
13 35
23 86
4 124
6 150
38 106
43 107
42 87
65 138
6 4
40 153
24 105
21 138
10 75
56 139
23 87
3 10
46 76
52 26
50 99
55 136
42 129
41 53
17 83
52 109
36 158
66 159
54 105
8 66
37 97
18 93
53 79
62 7
4 27
1 67
22 58
15 16
57 117
30 154
12 25
1 97
30 16
2 35
31 28
37 102
18 69
25 121
7 50
39 41
35 65
42 148
12 89
4 155
63 23
49 140
43 14
63 125
18 121
10 92
22 56
0 64
25 53
7 44
53 54
38 51
15 121
37 119
24 2
39 57
57 160
21 19
3 63
49 119
22 121
66 116
44 37
2 144
46 70
48 14
1 113
33 126
2 156
0 44
62 58
14 123
64 62
25 20
36 113
21 14
22 146
18 111
7 60
20 20
67 49
65 31
7 15
23 49
1889 20

152 173
60
48 158
72 12
14 15
27 151
113 81
48 46
28 130
149 164
71 155
55 129
8 124
74 107
42 103
77 89
122 45
82 9
40 168
137 137
130 159
30 55
57 84
149 168
147 116
49 159
106 68
46 68
13 45
141 76
89 30
30 83
67 55
74 111
36 81
106 18
67 63
118 142
50 113
128 113
117 45
5 104
99 137
53 2
52 107
80 125
84 103
22 35
21 172
142 113
15 117
42 90
94 106
110 70
34 55
107 115
21 148
62 150
37 148
9 18
13 156
44 55
339 66

7 24
166
2 17
6 3
6 8
4 23
4 18
5 12
3 13
2 3
6 4
2 18
1 17
1 10
2 22
6 7
5 5
1 5
2 0
3 5
6 16
0 11
4 16
0 5
1 4
3 20
4 5
5 2
3 12
6 5
0 5
1 2
6 22
6 19
2 0
2 20
3 14
3 18
2 17
1 7
6 16
0 5
0 1
5 11
5 17
4 23
6 7
3 0
4 11
0 22
6 4
1 19
0 17
5 16
2 15
6 17
0 6
0 14
0 6
0 16
2 7
3 22
3 5
5 17
1 15
3 18
0 4
5 14
6 19
6 5
4 10
5 8
6 5
3 16
4 8
5 2
6 3
3 9
4 12
5 10
6 23
1 14
3 16
4 6
2 4
1 6
0 23
1 7
2 16
0 19
0 3
1 22
6 9
5 23
6 0
3 13
0 8
1 9
4 1
6 5
3 13
0 0
0 23
3 7
3 18
4 18
0 8
4 18
4 20
1 1
6 15
3 17
3 20
0 12
1 22
4 2
1 19
1 2
6 15
4 7
0 5
6 11
2 1
2 12
4 9
2 4
6 12
0 9
2 17
1 14
0 16
1 5
3 1
4 21
3 10
6 9
2 18
3 12
0 23
2 8
0 10
1 0
5 4
3 13
6 17
6 19
4 1
1 3
4 10
5 9
4 8
2 4
1 17
5 15
2 17
4 16
4 22
6 6
2 21
2 11
3 5
1 19
6 10
2 0
0 0
4 22
1 2
0 17
1394 80

125 109
72
78 74
113 19
107 88
37 93
46 19
61 90
8 58
24 12
32 41
114 1
65 36
54 58
77 19
66 100
107 71
4 62
30 3
83 80
14 40
74 11
11 61
75 13
51 57
84 102
35 105
4 56
75 105
6 106
119 41
108 27
78 95
43 79
61 19
107 105
98 73
21 86
45 107
55 93
87 11
85 42
42 14
34 40
99 34
9 70
115 22
23 80
6 89
5 36
21 68
75 94
115 53
38 71
0 87
119 68
124 25
66 7
26 91
108 83
68 108
85 68
77 75
61 61
49 49
94 68
43 74
84 67
31 103
64 36
59 40
70 76
0 102
21 30
1048 176

52 89
90
24 15
6 86
16 56
8 16
47 19
1 10
10 61
0 80
43 11
38 9
11 15
3 0
42 59
1 12
1 73
30 33
47 73
14 75
14 32
24 61
21 8
30 26
41 87
34 88
3 35
40 14
22 40
50 72
8 25
42 21
32 85
43 6
8 1
5 32
8 6
38 86
26 8
12 29
2 41
34 74
39 5
49 5
33 80
49 5
41 25
35 84
33 12
29 77
2 88
33 64
15 37
13 74
6 85
34 63
49 66
8 45
33 42
40 13
11 30
24 25
9 42
26 31
1 18
23 53
13 59
48 75
21 51
12 74
38 12
10 60
27 2
45 81
41 72
29 6
8 85
32 42
36 42
45 79
3 71
11 60
16 78
14 58
3 64
36 14
44 87
41 4
17 75
17 49
16 28
7 37
1526 28

61 96
177
51 13
24 64
57 82
38 74
12 95
52 10
6 18
55 22
60 26
11 65
50 48
59 23
42 7
45 45
36 22
5 61
49 10
1 47
39 58
60 38
34 74
39 17
4 7
40 90
23 91
35 59
31 41
46 83
8 18
8 28
44 24
4 58
39 27
31 25
40 22
10 57
31 81
35 47
48 43
37 47
10 43
34 37
38 49
56 48
27 46
17 92
16 88
35 85
15 18
9 94
23 60
10 85
1 25
16 68
50 93
52 35
5 13
58 21
31 17
8 48
54 30
48 42
6 87
5 30
22 54
15 12
26 76
49 52
6 25
18 86
7 23
23 21
17 63
43 15
38 27
41 10
7 54
26 28
56 90
36 79
48 42
32 31
60 71
39 86
8 91
31 27
9 30
42 28
31 33
59 78
0 84
39 33
28 15
22 53
52 24
11 45
50 36
49 15
6 12
47 78
29 85
11 6
41 64
34 50
48 14
52 16
60 53
2 4
25 42
52 61
8 51
40 33
38 24
17 75
24 55
33 0
45 34
15 87
21 60
47 54
51 89
41 64
19 61
42 5
53 0
26 62
58 8
10 57
27 40
50 74
23 17
13 27
20 14
28 51
44 55
12 44
18 64
46 33
44 51
15 36
41 78
20 73
54 19
0 31
17 84
15 34
37 13
22 55
34 29
53 13
34 33
58 32
57 37
22 20
55 44
1 79
47 59
7 10
20 36
47 30
17 54
16 38
57 30
54 20
24 37
57 48
17 60
47 30
12 18
28 8
51 23
9 79
43 89
11 48
3 43
56 20
55 12
1904 171

122 48
175
121 38
31 16
54 29
11 45
93 0
48 12
119 38
6 3
88 45
21 9
26 22
108 9
70 22
87 11
65 35
90 19
39 35
71 7
2 40
100 7
81 19
6 20
95 41
116 47
36 28
118 27
16 2
59 38
47 28
7 8
33 5
108 22
108 29
39 40
16 21
82 33
58 30
50 6
32 13
53 20
27 0
101 24
47 46
117 23
79 45
115 36
4 23
1 33
108 22
27 9
77 15
101 9
31 30
29 46
32 32
25 28
34 40
29 18
2 30
0 10
69 15
65 21
10 15
64 47
23 9
53 47
44 35
30 4
13 19
14 12
37 11
110 11
67 19
46 36
93 40
72 10
75 38
13 46
0 4
66 42
96 33
114 4
117 16
29 11
5 28
27 6
51 43
4 26
20 27
91 36
61 30
103 47
52 41
90 47
2 4
42 35
77 11
31 30
121 7
72 37
46 18
36 36
106 3
92 29
102 37
8 24
58 45
70 28
116 6
2 25
46 34
64 30
93 35
90 2
32 38
61 36
7 11
95 27
18 36
72 28
52 44
73 44
50 42
116 32
43 31
21 5
45 11
113 44
48 0
13 14
85 38
96 12
97 39
38 3
117 37
75 47
73 25
54 30
44 46
64 44
119 9
119 3
37 2
11 24
51 9
77 32
67 24
12 28
30 42
30 45
56 41
114 16
6 42
118 13
119 27
116 10
34 24
38 10
90 28
51 14
21 37
14 1
68 19
98 19
27 8
95 2
86 9
105 15
2 13
92 47
15 15
101 33
27 17
2 34
54 11
1745 179

137 197
80
3 20
17 44
5 153
34 76
8 104
13 114
95 0
32 53
11 151
97 167
112 169
3 94
133 36
110 59
98 21
129 168
8 193
6 19
29 110
38 143
108 88
111 114
114 150
11 125
16 74
82 131
5 30
107 155
7 53
79 73
51 149
3 36
74 146
16 39
71 120
15 62
97 122
93 95
43 169
102 192
40 151
124 101
103 114
109 86
10 11
112 84
63 131
73 42
103 3
128 58
123 35
51 23
24 173
49 52
103 195
130 62
130 104
88 100
13 134
88 156
84 57
55 58
0 27
1 61
19 75
48 123
53 104
125 30
8 92
100 177
54 119
131 72
27 8
56 172
99 195
19 110
119 40
24 4
119 58
72 112
198 197
