12

4 4
4
1 1
1 2
2 1
2 2
1 1

5 5
3
2 1
2 2
2 3
2 1

5 5
4
1 2
2 1
2 3
3 2
1 1

5 6
6
1 2
1 3
2 1
2 4
3 2
3 3
1 1

6 6
5
1 2
2 3
3 1
3 2
3 3
4 1

66 156
12
9 126
3 79
26 142
25 51
24 148
28 91
53 57
20 90
44 109
37 124
65 96
42 72
7 19 

130 155
57
59 104
107 18
11 60
99 38
106 139
22 71
33 95
100 48
0 154
73 87
123 143
20 125
106 94
88 43
108 13
26 138
31 102
105 100
106 114
106 128
104 87
123 128
60 60
124 139
55 11
98 51
76 154
107 142
45 111
64 154
46 11
127 4
70 94
43 13
46 33
65 91
99 85
68 52
40 41
56 39
126 26
6 149
109 109
115 129
68 18
61 132
26 131
27 131
1 51
14 149
52 28
109 49
43 113
58 40
1 144
119 28
102 145
7 8 

170 41
178
34 37
5 16
89 8
64 15
45 22
96 15
134 38
161 3
47 27
145 1
134 35
81 13
38 10
111 7
65 29
23 27
152 29
108 30
43 32
21 7
68 6
2 39
12 17
44 31
114 38
41 33
88 24
96 27
8 23
135 11
7 2
74 18
136 8
70 14
92 3
132 33
103 21
32 34
44 21
58 35
106 39
108 4
168 0
128 0
58 33
40 22
94 9
98 14
82 37
55 34
66 28
148 36
2 38
12 40
121 38
64 38
84 8
98 13
63 24
114 10
126 3
29 25
19 1
136 23
159 8
107 30
145 12
104 20
115 32
29 10
123 34
91 31
20 18
30 0
54 18
133 27
135 22
66 25
71 32
14 2
74 31
26 10
139 18
120 22
66 12
135 30
158 26
49 2
64 16
45 27
35 40
134 15
155 31
29 2
52 39
159 3
48 25
58 16
3 26
144 19
96 13
70 15
158 6
10 39
71 0
89 15
15 4
29 36
124 39
7 17
47 39
79 5
18 40
109 26
78 16
166 10
138 2
27 18
30 2
130 29
111 34
89 27
164 13
23 9
110 17
78 35
91 22
80 3
80 36
141 1
73 30
43 14
146 14
140 11
7 34
136 15
5 12
111 30
110 24
136 39
51 23
84 22
75 36
125 7
82 15
59 28
86 28
86 6
157 14
91 20
8 32
19 36
83 12
163 19
132 21
40 40
72 19
77 39
154 36
155 12
111 8
102 24
55 5
58 27
137 13
70 35
19 17
109 29
68 33
41 4
8 4
79 39
6 1
117 0
84 25
104 22
52 1
43 34
1 7 

177 131
175
46 126
96 122
162 86
134 4
71 23
80 130
149 120
31 127
6 9
71 126
39 65
13 61
99 96
37 10
161 56
71 128
34 18
109 18
9 5
29 23
98 60
86 125
48 83
41 124
91 24
123 16
69 25
66 31
16 78
63 62
10 53
136 3
136 2
166 29
82 26
88 118
35 121
52 105
63 88
116 50
98 50
1 123
144 81
22 37
127 3
139 60
42 57
50 82
7 64
109 59
27 97
57 129
145 71
37 77
20 91
81 100
0 73
43 75
166 27
108 31
14 19
37 77
86 53
52 84
130 3
66 24
56 117
132 64
118 36
49 58
5 85
102 20
132 4
66 112
76 1
174 34
11 11
43 63
72 58
41 37
104 52
123 1
124 64
105 6
76 81
115 3
171 19
104 81
163 117
133 103
77 29
122 20
41 125
65 59
17 57
61 90
11 65
38 127
115 37
63 1
11 103
117 49
128 24
147 17
5 80
131 4
122 29
90 30
41 55
70 35
119 107
41 114
47 3
14 100
109 55
154 26
30 20
127 130
154 94
44 100
77 119
70 27
80 61
159 11
37 2
65 116
54 18
176 64
127 127
112 31
28 42
138 127
161 55
77 35
104 1
85 50
170 85
52 79
104 68
89 77
6 26
91 36
22 31
63 6
83 82
82 2
88 34
150 42
11 78
146 43
147 36
170 29
29 65
69 107
53 79
28 92
121 107
176 81
74 55
99 43
148 130
25 95
45 82
11 57
116 109
77 10
63 5
107 24
4 114
172 112
124 102
165 44
132 76
22 13
27 21
6 17 

162 149
191
83 32
32 82
94 144
91 16
150 47
6 84
122 99
134 12
150 124
150 41
46 148
44 91
110 122
1 76
37 32
50 58
97 34
47 116
87 94
89 36
65 117
14 121
151 109
70 48
144 102
68 127
130 1
126 145
67 50
123 141
72 43
58 15
24 119
98 30
147 8
152 25
148 30
129 23
98 19
141 101
42 134
42 13
149 14
22 131
161 132
31 20
34 121
126 89
128 97
68 140
45 74
153 138
89 103
134 148
72 134
85 71
158 147
66 46
29 27
57 109
21 1
130 9
78 101
38 31
81 117
8 118
71 124
86 114
149 120
82 59
128 22
161 11
26 51
87 31
115 100
46 37
3 52
147 31
4 49
91 80
88 124
46 68
87 29
67 27
151 36
24 65
153 63
137 130
34 63
0 144
160 69
80 40
92 143
102 61
24 62
17 8
161 54
80 49
161 93
86 24
39 69
19 118
31 87
12 147
55 87
78 67
17 21
32 128
16 119
18 37
133 45
11 4
119 20
94 83
118 25
86 146
137 98
140 95
80 60
116 128
97 67
51 84
13 142
53 109
90 3
154 60
52 71
105 58
39 82
40 61
60 87
20 87
91 141
68 137
118 104
58 119
107 127
82 16
56 94
59 74
70 66
4 140
9 13
100 108
30 37
44 46
133 108
154 57
114 59
53 19
100 98
105 65
58 74
9 113
19 49
122 123
148 125
86 104
37 99
33 54
43 89
79 66
151 110
16 12
11 125
17 137
118 13
6 53
101 40
79 49
81 119
97 49
81 127
7 60
80 80
31 116
20 25
61 4
54 139
7 20
115 93
123 3
42 59
33 71
39 33
65 133
89 142
106 24
2 120
88 123
49 64
10 13 

94 78
126
59 24
72 17
70 75
68 36
39 1
75 60
50 12
68 34
0 11
36 28
12 65
59 65
35 71
27 8
0 40
50 67
17 75
57 1
33 65
38 63
0 69
73 12
32 38
1 21
71 16
90 49
54 67
50 20
27 23
73 19
35 59
87 77
46 32
72 51
30 71
59 45
88 65
44 49
26 68
61 72
88 19
87 12
11 77
57 51
6 57
26 72
86 50
49 27
37 22
0 20
25 47
23 58
62 42
60 72
28 67
52 58
38 20
9 58
47 24
66 42
44 27
67 70
70 38
28 27
67 20
26 74
16 26
10 36
91 26
64 59
38 39
25 20
42 38
50 54
48 10
53 57
43 42
26 26
50 50
3 69
15 2
75 36
14 36
34 18
18 33
40 32
38 17
32 16
50 77
13 65
82 48
27 66
70 12
43 1
4 53
10 73
80 43
13 76
52 27
79 42
81 62
18 70
64 19
74 64
87 61
50 2
84 26
24 4
19 34
27 65
25 13
29 3
45 54
39 35
5 70
61 5
70 16
59 68
33 49
88 15
53 20
58 0
43 59
63 67
17 64
26 35
9 3 

42 41
582
23 12
37 19
4 40
40 11
38 8
39 24
38 29
20 5
25 25
23 31
20 29
27 14
25 38
9 14
13 22
27 5
15 25
22 19
25 37
29 0
31 21
8 11
15 32
7 34
16 19
19 20
13 30
17 29
37 4
8 19
38 16
11 30
40 31
24 7
18 33
18 3
16 2
15 26
18 21
5 39
8 18
20 33
2 32
7 16
3 14
4 16
30 6
35 32
36 10
9 9
4 1
1 29
23 11
22 17
6 34
13 21
41 37
20 38
38 38
12 5
27 11
5 19
4 13
4 26
22 6
9 23
15 18
37 21
14 35
30 21
34 31
35 6
37 28
16 33
7 36
5 26
31 38
5 15
0 33
32 12
2 1
0 40
15 7
38 14
8 23
18 15
10 12
32 17
29 36
36 21
31 12
32 34
14 38
26 14
2 3
10 24
6 13
21 31
15 3
3 8
8 30
37 32
28 5
20 14
5 33
13 13
41 0
31 33
15 6
25 6
30 33
41 30
7 8
1 24
34 32
41 10
41 20
35 0
36 3
39 33
19 4
7 25
37 12
30 13
29 22
15 14
7 24
17 18
2 34
12 26
35 40
18 22
21 33
3 39
32 6
30 7
24 29
18 24
32 26
7 29
16 7
39 5
29 8
31 20
10 6
10 10
15 34
9 8
15 33
31 0
10 32
30 35
13 38
34 39
19 24
33 11
37 17
31 34
12 12
2 2
2 11
36 20
24 25
14 2
5 17
28 25
27 1
39 32
18 26
32 27
16 27
14 0
35 27
29 2
22 4
30 31
30 9
22 3
7 10
41 24
22 25
26 37
11 23
20 24
19 13
6 32
38 26
8 29
7 18
34 34
34 26
13 32
12 38
30 14
26 16
21 1
10 31
26 27
32 35
1 8
22 34
18 7
20 6
4 38
4 15
14 7
2 17
38 36
21 22
6 22
18 37
11 19
1 12
13 0
31 18
10 37
29 27
18 29
37 18
7 23
34 11
34 6
23 17
28 10
1 33
8 38
19 35
37 7
19 38
36 33
25 19
40 34
33 32
36 36
1 36
9 22
11 21
2 24
16 20
9 30
35 25
33 25
2 23
6 15
39 27
17 30
8 7
34 2
30 20
30 37
25 9
5 3
7 20
28 40
17 16
16 31
24 11
39 13
21 25
33 0
26 34
33 5
8 13
36 2
6 11
5 4
23 1
30 25
1 30
20 2
40 2
0 13
38 35
28 6
17 27
4 8
32 18
8 33
16 30
14 8
1 1
32 32
1 34
33 21
32 14
29 9
12 33
7 6
7 12
36 13
13 6
24 34
40 24
11 12
41 23
19 22
11 1
16 17
23 18
19 14
16 37
21 11
0 10
28 20
2 31
3 2
1 4
12 4
23 26
38 28
9 19
20 19
32 11
12 31
8 8
21 30
27 13
21 39
32 8
13 29
41 13
6 8
10 19
15 40
36 17
24 32
37 14
34 13
21 34
27 36
34 24
14 28
39 8
41 22
37 22
19 7
7 11
2 10
35 31
11 15
0 9
6 6
34 19
14 24
22 10
39 25
22 28
15 4
32 22
39 29
14 33
14 6
0 5
32 15
26 2
11 32
34 29
32 4
30 12
28 38
30 3
31 25
16 38
38 12
18 19
39 15
27 26
39 10
36 24
3 36
29 24
33 40
16 35
21 7
8 6
33 28
26 35
37 8
6 33
39 19
37 9
4 30
13 36
12 16
23 39
14 14
0 38
13 18
3 16
7 27
1 9
26 18
20 30
36 22
13 1
24 33
9 7
9 32
40 4
27 20
2 30
4 32
15 16
34 5
13 39
27 2
11 40
11 16
25 36
27 19
37 10
32 3
33 6
20 11
39 11
33 15
33 14
20 27
11 25
6 35
38 20
36 9
0 17
33 38
22 11
14 32
34 1
3 10
21 21
5 31
8 39
15 12
16 11
24 38
15 24
19 30
27 39
19 21
13 28
0 8
9 16
1 7
23 6
24 6
21 19
15 21
1 18
25 4
2 21
40 27
18 0
4 19
9 11
16 23
20 36
37 34
3 31
25 16
3 3
8 0
31 8
2 8
39 0
5 40
36 8
4 2
23 30
2 0
15 37
26 31
27 8
31 3
30 18
28 29
27 24
32 36
22 32
1 31
32 39
7 7
40 20
1 3
8 36
2 18
23 35
8 22
10 29
40 5
22 18
32 33
13 3
30 22
10 8
13 17
40 12
16 6
37 26
10 34
39 4
40 29
7 15
7 2
35 20
11 18
20 37
21 37
35 38
26 8
27 6
11 2
16 10
20 8
14 30
23 34
28 7
19 40
1 27
31 36
40 30
32 24
12 6
22 26
36 5
8 31
11 14
7 3
5 22
4 11
38 19
27 23
15 31
0 21
21 16
36 25
41 4
28 23
14 16
8 10
14 23
19 9
13 8
39 21
29 19
35 33
16 4
11 35
17 24
12 0
7 9
19 2
1 21
37 15
32 1
20 12
35 1
24 9
35 19
26 21
35 34
22 31
38 32
0 35
0 20
5 5
2 40
40 37
27 10
7 33
17 20
12 39
19 11
26 15
25 11
38 18
30 24
40 23
19 39
0 0
16 18
25 26
34 21
3 6
17 6
