31

9 9
3
4 3
4 4
4 5
3 1

7 45
77
4 18
5 30
3 22
1 38
3 37
0 4
2 8
2 6
5 18
6 26
4 38
5 28
0 0
0 33
4 20
6 2
5 7
4 7
3 24
5 14
3 32
0 21
1 2
6 44
4 22
6 42
3 33
1 9
5 0
6 11
5 24
5 4
5 18
2 31
3 31
6 4
0 43
5 14
6 34
0 40
3 29
6 5
6 21
2 40
5 17
1 0
3 18
6 24
6 34
1 37
2 6
6 23
4 7
4 0
5 11
3 17
6 23
6 13
0 29
2 38
4 30
0 11
0 35
2 22
0 33
2 1
0 38
5 12
4 44
3 39
3 2
3 34
2 21
3 17
4 3
1 42
6 2
12 8 

101 79
64
51 31
30 39
37 60
51 59
82 71
23 16
99 71
85 48
78 31
88 49
79 10
16 75
43 19
80 39
35 78
29 32
85 70
55 10
22 36
39 19
64 55
30 61
56 21
18 72
61 22
22 24
94 72
45 46
51 7
87 53
64 50
50 33
42 52
71 50
16 17
58 33
68 60
92 42
6 49
50 12
68 17
83 59
97 49
67 35
5 45
4 63
94 71
51 45
13 26
96 50
55 43
15 0
87 7
34 47
24 31
23 24
58 22
41 20
69 42
20 77
29 47
7 34
59 58
45 21
8 16 

95 198
80
32 166
67 148
78 102
15 70
31 70
62 69
78 34
78 108
32 95
3 23
19 101
0 88
22 132
75 94
6 71
22 31
19 73
61 124
28 45
0 105
49 120
35 194
33 66
84 89
26 18
60 134
31 143
35 51
73 65
82 118
41 152
54 70
67 95
79 41
44 47
75 104
16 15
41 65
19 193
82 102
36 51
44 84
68 9
80 134
6 122
49 43
83 102
85 65
79 123
61 158
46 142
51 194
27 189
71 83
92 105
69 77
49 179
60 180
64 108
93 83
40 37
61 15
72 148
33 95
9 136
28 86
55 157
87 73
40 119
20 127
59 1
86 96
12 97
79 89
88 139
8 142
15 182
70 78
40 134
92 139
15 17 

135 27
124
34 3
50 25
73 25
90 26
58 18
26 25
99 13
95 17
0 19
11 7
62 10
49 16
33 4
6 5
64 2
80 4
95 2
128 4
26 26
108 6
79 26
48 13
125 2
110 25
128 9
106 14
44 16
122 3
114 24
79 7
87 23
131 10
108 1
6 14
103 25
39 0
108 26
8 15
86 18
32 13
81 24
28 21
80 16
92 20
76 6
12 4
117 1
52 15
58 7
62 26
61 0
78 26
122 5
92 20
71 10
94 15
58 7
113 14
133 25
77 14
28 9
79 22
81 24
1 0
122 16
66 0
35 1
68 5
22 1
18 1
68 5
23 4
26 10
35 2
99 26
91 23
118 9
101 5
31 10
19 8
130 10
49 26
116 9
45 12
46 7
5 13
119 10
19 7
55 16
134 11
36 14
127 25
111 14
128 19
122 2
15 21
38 24
131 13
106 23
11 7
117 8
37 14
113 25
20 25
110 17
130 25
1 17
61 5
34 15
64 20
31 24
41 4
116 14
31 11
62 13
11 7
33 15
129 23
114 24
37 2
16 1
74 8
90 3
95 12
9 7 

87 68
48
81 65
60 33
42 6
20 60
86 8
16 33
59 66
77 22
83 49
4 36
63 0
64 53
57 24
74 46
73 43
3 62
79 3
59 53
29 23
45 52
34 25
21 66
44 51
85 44
61 25
11 49
48 44
2 67
73 64
61 4
49 53
26 63
17 61
65 4
46 11
50 66
28 5
80 51
24 37
70 22
38 43
86 26
45 6
59 4
38 46
15 18
35 47
25 44
4 16 

162 14
60
18 3
37 3
2 9
37 3
111 8
25 11
25 0
108 7
27 13
98 11
126 4
125 12
16 5
95 4
19 10
100 11
91 13
61 5
4 12
126 6
112 1
124 10
107 11
36 6
146 12
40 9
156 8
18 13
71 12
148 13
17 13
75 0
26 12
128 9
116 9
42 13
132 2
5 3
89 10
142 3
131 12
51 1
80 12
0 2
72 5
125 13
22 0
146 1
92 5
136 9
96 2
138 7
36 9
3 3
121 9
119 8
32 4
48 7
101 6
80 1
1 1 

92 59
63
17 49
8 19
55 30
14 38
0 0
40 13
27 5
67 52
83 19
46 15
64 36
37 28
45 26
9 3
3 42
16 12
6 2
75 36
83 10
3 40
47 4
44 54
60 54
90 40
77 40
59 45
67 14
81 43
88 21
56 53
80 47
84 55
68 27
42 17
29 38
29 6
7 11
90 13
81 27
67 37
54 2
18 13
74 35
0 53
31 32
50 27
60 31
77 42
8 29
87 24
59 57
37 44
39 36
82 47
24 33
54 34
33 23
23 18
44 42
49 2
89 30
5 3
33 11
11 16 

47 39
124
3 24
13 16
14 5
26 23
12 27
25 5
41 4
16 10
1 24
13 37
8 21
46 5
15 17
25 36
33 34
15 36
11 38
32 3
6 32
42 34
21 38
30 15
33 21
26 7
14 4
3 15
27 6
33 36
29 18
19 1
32 32
44 21
44 5
4 20
30 7
38 27
36 13
11 3
17 8
41 24
2 31
19 20
21 36
20 24
7 3
7 17
9 21
8 7
30 32
1 24
4 28
36 32
13 27
45 14
30 12
18 33
32 0
11 33
29 0
36 0
15 15
42 32
31 1
17 13
7 33
33 34
46 8
29 34
10 4
3 8
41 20
39 21
14 25
25 28
39 0
3 28
25 23
5 28
35 34
18 4
12 18
34 14
37 6
8 6
16 38
40 10
11 19
42 18
15 13
45 21
2 28
1 28
3 24
43 31
9 6
12 11
34 13
41 9
23 19
3 9
43 22
28 3
38 2
27 18
30 20
45 18
9 8
5 37
12 29
25 11
43 7
20 14
46 3
1 26
31 34
33 28
44 3
22 7
15 10
37 13
14 27
17 22
39 5
15 34
17 10 

9 63
83
5 48
7 38
2 53
7 24
3 46
4 32
5 31
6 62
4 46
8 20
8 53
7 29
7 52
8 33
4 5
3 37
5 55
1 27
0 36
1 39
5 10
5 10
8 49
8 42
5 38
0 14
7 42
3 2
4 24
4 40
2 45
1 30
3 52
5 45
6 15
6 47
4 34
6 23
2 21
5 11
1 25
8 50
6 49
4 17
5 39
4 43
2 31
6 24
0 20
1 43
3 53
1 24
0 17
1 55
8 40
8 58
7 42
3 7
4 56
5 60
1 1
8 21
6 33
6 57
3 53
3 59
3 16
4 43
0 13
5 9
0 46
0 30
0 31
1 13
2 31
4 28
6 5
7 27
2 54
8 26
1 57
5 62
6 25
4 20 

92 146
108
19 68
24 49
8 23
62 40
40 57
73 35
22 43
13 98
57 126
39 128
12 9
42 52
52 100
11 135
39 93
82 95
62 67
23 125
82 49
86 9
38 115
50 94
64 91
12 104
70 106
69 100
45 79
4 59
17 22
43 54
84 18
53 23
86 68
31 57
54 57
75 124
0 76
66 83
4 76
63 50
70 114
31 27
82 55
83 126
61 108
44 48
88 84
33 108
41 19
45 15
19 68
73 65
47 97
66 27
52 126
7 21
54 16
71 75
57 86
30 65
85 92
31 8
54 128
32 9
42 55
57 105
32 99
79 126
46 51
57 115
83 50
43 131
37 71
28 59
76 144
47 40
62 32
86 40
68 19
65 34
45 41
49 54
24 143
20 118
30 43
38 141
52 138
58 75
82 134
70 122
39 45
76 28
20 47
26 74
22 22
51 130
10 64
56 81
24 116
86 119
11 28
29 81
30 69
70 105
44 82
50 45
44 48
52 32
1 11 

89 102
185
8 61
13 29
24 65
58 66
26 39
77 36
85 101
39 47
19 28
0 85
15 69
77 97
80 11
46 40
11 90
80 89
40 4
2 73
13 55
49 12
58 36
73 84
31 58
73 22
83 11
20 12
1 77
68 70
22 73
43 44
82 44
17 19
49 101
72 55
19 42
87 85
25 53
51 83
40 49
41 67
14 66
1 90
79 95
2 43
84 87
53 96
56 81
19 11
23 50
26 4
44 46
16 67
64 100
6 99
26 97
15 43
50 51
85 65
56 42
33 93
39 10
42 11
24 32
22 90
1 4
54 100
86 67
3 75
26 1
1 41
60 27
79 22
73 72
72 52
16 6
27 65
45 53
65 60
55 74
57 68
61 24
67 37
33 39
83 60
17 57
87 0
28 22
71 97
0 15
86 96
52 26
17 85
35 12
79 57
76 92
52 63
86 39
46 52
29 65
34 3
24 8
5 100
18 72
55 62
45 78
34 68
57 8
6 77
59 50
41 92
30 45
27 22
88 6
8 56
83 55
80 1
41 37
40 72
56 24
20 51
27 10
77 14
18 12
13 18
51 32
85 96
19 80
34 57
60 99
80 12
69 41
51 17
76 30
58 65
54 37
63 75
22 101
46 3
62 21
18 63
71 75
5 64
16 80
34 83
71 88
7 86
16 17
74 26
22 91
9 86
88 72
19 20
2 60
34 49
26 74
1 3
66 29
82 97
53 14
52 64
39 7
23 88
32 36
3 48
54 3
61 54
85 41
65 57
44 92
26 82
60 101
48 6
63 79
8 6
29 62
69 26
19 54
13 27
34 100
50 59
71 46
42 65
13 64
19 10
75 39
1 7 

8 113
189
0 34
1 108
4 112
0 5
1 64
0 29
3 54
6 45
1 75
3 82
0 90
3 112
1 8
4 103
1 78
7 98
4 101
4 101
3 101
4 30
0 109
2 39
2 61
1 30
2 0
7 94
4 37
1 47
0 84
1 9
1 85
5 56
7 24
7 72
4 27
0 53
1 88
5 87
2 55
5 24
1 13
4 34
3 82
6 12
2 85
0 62
1 54
3 40
0 20
1 107
3 71
6 79
0 10
1 83
4 95
5 79
7 111
6 15
5 44
5 20
3 61
1 1
2 73
3 57
4 52
2 60
5 72
0 32
0 8
4 0
1 58
6 16
1 86
0 16
2 73
1 106
5 32
2 37
5 96
2 73
2 77
7 109
2 111
5 10
6 85
1 42
4 74
0 41
6 45
3 46
6 104
3 28
0 0
3 85
3 29
7 14
6 58
7 99
5 6
5 32
6 89
3 26
5 4
2 11
5 91
0 112
5 57
2 56
4 55
1 45
5 9
0 67
4 105
6 13
5 17
4 20
6 35
0 84
2 10
2 94
2 3
6 104
5 56
1 101
3 94
5 37
2 91
4 29
3 96
1 77
7 67
3 19
3 92
1 82
1 37
4 70
4 18
4 90
5 35
6 101
6 30
5 106
4 47
1 85
5 70
3 64
5 96
4 30
2 80
4 28
0 106
4 102
1 30
7 21
5 61
3 42
5 28
7 69
6 26
5 52
1 94
2 82
0 13
4 36
4 80
2 26
2 34
0 57
4 17
6 99
3 46
1 40
0 81
6 31
6 52
6 24
7 54
0 112
7 31
3 4
6 77
7 91
0 58
5 83
5 90
6 94
7 94
2 110
2 16
7 17 

186 189
31
168 1
130 50
166 93
140 172
85 1
102 101
120 55
34 123
129 155
37 123
105 145
51 32
171 85
66 88
179 55
110 15
97 34
121 174
80 170
150 82
180 107
24 114
16 160
165 165
108 31
45 173
27 91
78 35
35 76
171 135
140 147
9 10 

28 21
71
5 20
5 7
3 19
24 2
20 20
2 20
10 8
19 20
8 19
19 17
5 0
5 12
27 11
19 12
7 8
15 4
19 8
27 14
20 1
25 16
1 12
5 12
13 15
16 1
12 14
18 1
18 4
2 12
9 2
0 13
26 8
7 15
16 12
13 16
26 0
6 20
14 20
18 12
21 0
8 0
6 11
4 10
27 2
11 18
1 8
12 0
24 0
23 12
12 6
17 19
27 13
6 19
3 19
21 10
2 0
13 10
15 1
17 5
12 5
25 4
18 6
22 16
14 14
23 12
20 18
26 17
18 13
23 1
24 17
17 3
6 6
13 9 

99 143
15
96 136
36 14
38 71
72 48
44 0
68 104
67 106
57 18
90 109
43 96
53 45
17 44
83 120
50 39
42 142
2 14 

71 53
177
46 5
38 7
4 34
45 50
38 24
18 12
11 47
58 12
69 38
63 40
48 33
16 49
7 22
42 11
25 31
68 0
39 2
59 34
11 8
48 6
59 3
49 26
68 44
8 29
32 28
26 21
7 48
55 11
57 38
23 29
55 44
64 52
6 28
5 38
37 15
7 20
50 30
59 15
10 42
65 6
40 10
14 13
68 2
61 18
19 29
70 6
10 13
36 27
13 14
55 4
51 8
63 45
19 49
47 17
57 37
30 24
69 12
20 37
28 28
62 42
49 4
61 24
58 45
20 46
68 29
49 19
10 46
9 37
34 37
22 13
62 20
58 15
11 1
52 34
29 29
40 16
23 22
34 36
19 0
53 3
50 8
67 41
70 11
18 9
69 12
17 35
39 4
44 41
53 35
55 32
57 26
25 6
28 34
51 52
17 23
8 37
2 30
65 3
38 44
57 44
61 8
18 33
57 39
31 31
42 40
11 52
52 1
62 44
50 36
26 3
8 23
7 49
65 11
15 10
25 13
29 9
15 22
27 4
64 26
68 13
1 9
26 1
7 3
13 32
65 35
9 32
61 7
42 1
3 34
7 42
44 1
68 4
51 24
57 35
45 51
29 41
35 33
59 19
43 31
63 41
30 17
64 47
18 1
69 22
40 0
27 33
67 4
58 27
52 26
35 12
55 41
1 19
34 50
58 43
57 28
52 6
54 13
27 35
1 32
65 20
38 36
56 51
35 29
47 31
31 27
2 9
63 42
17 23
30 37
53 14
58 33
60 8
60 31
60 48
17 22
23 15
46 20
6 5 

13 120
132
1 17
0 27
7 73
10 3
0 119
9 49
5 87
5 81
2 113
10 86
6 97
1 11
7 8
11 43
7 67
6 68
10 62
11 107
8 43
2 117
7 71
1 105
3 45
5 117
7 101
11 95
10 13
2 0
12 0
4 18
11 18
2 45
10 69
11 84
7 103
10 43
1 57
9 31
6 64
3 24
4 76
10 96
1 108
7 1
5 89
3 40
12 87
4 118
2 52
3 44
3 92
2 110
6 16
8 51
11 95
6 2
7 53
6 40
6 117
1 98
6 105
4 60
0 53
4 61
5 53
6 60
7 10
4 86
2 16
9 53
9 7
3 116
5 101
3 40
7 71
3 85
7 79
10 68
8 15
10 45
3 98
9 99
11 85
10 64
9 22
3 112
5 97
7 35
0 36
11 57
2 117
11 25
11 44
8 2
5 75
10 93
1 97
5 12
4 80
4 96
7 117
11 82
1 8
10 13
12 35
12 70
3 82
4 64
6 2
0 34
3 59
6 44
4 104
4 107
5 47
7 34
12 20
9 4
3 86
4 22
3 83
2 106
2 107
0 21
2 5
2 85
12 66
12 3
9 43
12 107
3 112
7 82
13 16 

1 190
2
0 115
0 153
10 2 

9 8
44
8 4
6 5
0 3
2 7
0 3
6 2
8 0
1 1
8 1
8 7
5 7
7 2
7 6
5 5
4 6
4 1
4 3
2 7
3 2
2 6
6 6
2 1
1 6
6 2
2 6
0 7
1 6
3 1
4 5
3 7
4 2
0 1
3 2
0 2
1 5
3 0
5 6
7 0
2 3
7 3
2 6
2 4
2 2
7 1
3 7 

53 177
158
39 61
9 131
28 70
29 72
9 1
6 77
21 118
11 54
52 170
15 50
28 62
27 99
35 63
26 112
43 166
35 112
36 141
4 132
25 42
3 164
35 156
47 114
14 160
48 88
26 71
22 151
52 31
45 3
12 4
44 164
32 16
24 95
2 110
37 147
20 51
32 74
41 35
24 59
2 27
6 144
49 135
4 167
24 101
51 137
4 18
20 174
52 134
18 13
31 63
11 76
49 36
12 170
52 68
31 3
5 38
40 116
13 10
1 119
13 152
40 175
37 173
50 138
26 138
48 124
15 129
50 16
4 9
1 4
31 115
30 128
34 49
19 150
29 113
0 108
24 49
25 12
33 103
32 68
43 47
48 50
26 77
35 2
13 108
4 6
46 90
43 8
7 159
0 45
9 70
2 58
0 134
16 153
50 65
25 6
14 121
41 57
13 79
20 5
24 153
2 33
25 10
45 42
46 69
6 138
46 24
31 61
41 145
22 19
18 159
12 173
39 19
42 101
6 41
46 173
38 83
24 125
15 120
21 158
51 7
30 7
4 79
14 81
32 96
48 68
23 76
26 37
15 81
49 80
40 95
47 146
25 143
51 92
4 174
6 77
13 0
22 103
9 75
48 77
11 148
6 56
8 119
42 156
24 30
49 156
41 130
37 164
4 166
3 114
17 94
5 85
48 173
5 71
32 44
28 62
40 91
0 93
13 130
48 154
9 19 

16 63
80
5 3
10 44
13 40
3 50
6 14
6 34
5 19
4 58
14 6
7 57
8 11
3 51
10 5
2 23
0 39
6 54
12 13
7 28
8 39
9 15
4 56
8 14
3 53
1 49
9 60
9 42
15 41
1 27
13 0
0 61
14 33
7 35
5 21
0 3
11 47
9 20
12 46
12 59
0 22
1 47
11 57
11 35
14 61
4 60
2 9
15 21
4 0
7 3
14 27
8 26
13 13
12 48
13 47
14 29
0 59
7 26
13 28
2 57
2 8
1 33
8 11
9 28
10 23
5 40
5 34
7 55
1 42
6 32
5 45
12 29
14 36
12 57
0 16
2 43
15 61
10 36
5 37
6 1
8 45
9 30
1 19 

40 102
170
31 79
0 59
23 72
12 20
0 63
11 101
34 50
0 95
11 44
29 60
39 47
38 95
28 10
34 55
9 50
2 9
30 61
8 91
31 23
32 96
20 78
34 48
36 76
3 36
33 54
13 89
21 19
8 7
18 38
0 27
0 34
25 5
34 38
20 88
30 87
15 2
7 74
8 2
34 19
0 33
32 90
18 23
30 36
0 44
13 8
4 9
27 70
5 5
18 82
3 89
7 98
14 101
8 93
39 52
36 92
23 74
35 11
15 96
13 51
17 82
37 25
13 80
0 96
31 47
18 14
7 4
21 33
39 63
22 47
11 44
32 34
4 1
5 59
1 38
5 67
28 98
21 79
8 15
14 101
19 58
21 13
28 57
26 20
16 79
11 7
30 62
28 79
33 84
35 17
35 66
12 12
5 53
2 25
23 98
2 33
6 0
19 92
34 46
37 4
32 90
23 58
17 59
8 78
24 50
1 74
15 24
20 45
24 23
14 23
23 60
6 80
11 87
11 40
1 14
5 73
8 17
0 53
38 20
9 68
38 55
8 39
4 37
7 101
38 74
2 50
36 76
21 56
21 23
6 16
6 40
5 67
20 101
8 83
27 0
30 62
28 2
6 5
12 56
25 1
24 19
31 46
29 22
27 72
30 61
10 45
19 93
5 68
6 20
0 41
8 7
3 17
29 2
10 70
6 91
19 65
1 62
19 83
4 101
15 96
27 60
1 32
32 101
30 61
5 56
36 61
36 68
15 36
12 48
36 13
17 64
3 12 

14 57
123
12 16
5 7
9 47
9 36
11 31
5 1
3 17
7 56
3 1
4 39
6 9
5 31
9 51
0 40
13 40
13 20
1 17
1 49
2 43
9 50
9 12
8 46
13 56
2 15
8 52
9 25
5 49
10 34
4 45
10 49
2 34
3 9
2 32
0 41
2 34
7 4
13 18
12 31
1 9
6 31
8 27
10 21
10 21
11 32
12 20
5 39
0 2
6 47
7 50
8 46
5 5
5 3
1 56
5 50
1 32
12 11
7 14
1 55
10 51
7 26
1 10
3 19
3 52
7 25
6 51
1 19
8 13
12 30
8 19
0 44
5 20
4 10
0 53
0 47
4 12
9 53
13 33
7 13
11 32
13 8
6 52
2 6
1 13
9 15
7 36
12 53
1 52
6 36
3 56
3 20
10 45
5 46
2 19
12 34
7 2
13 48
6 20
9 30
11 54
12 17
9 56
9 0
9 29
9 6
3 9
1 24
9 36
13 53
0 14
0 43
2 45
10 3
12 51
2 3
6 2
7 9
6 4
5 50
7 25
12 42
4 31
12 14
4 30
7 9 

197 138
28
148 20
127 63
70 56
45 106
103 112
43 72
105 132
64 8
109 21
100 6
126 22
147 49
5 103
74 34
60 49
49 35
119 136
88 103
124 55
70 103
151 78
184 13
77 40
76 28
157 68
110 93
117 18
21 80
7 20 

164 191
69
60 116
97 69
136 27
15 13
4 65
121 34
4 146
100 53
6 34
21 90
160 161
35 85
24 171
15 148
57 190
116 95
127 91
142 12
73 65
27 137
155 124
124 8
107 157
82 139
125 17
145 3
75 66
114 102
133 65
27 61
119 94
142 146
50 54
60 152
83 16
56 66
48 8
2 160
152 175
132 174
95 173
148 150
154 81
40 85
50 30
75 7
3 46
131 146
129 102
62 68
33 78
4 176
33 128
20 107
155 182
97 67
51 172
113 61
75 89
72 87
38 10
48 48
116 131
160 179
155 180
101 154
22 187
95 47
91 188
9 5 

70 159
174
61 1
51 29
61 144
27 122
8 53
63 4
8 29
61 116
49 75
7 15
36 91
57 154
38 105
4 25
62 115
65 78
10 40
48 115
21 78
10 155
26 17
27 2
62 67
14 143
26 66
60 97
57 25
28 89
43 81
8 36
60 77
53 155
37 34
7 35
44 45
16 57
40 45
42 15
52 100
69 84
62 121
67 129
68 55
11 151
9 126
69 23
27 64
3 157
8 138
66 109
43 134
42 17
33 54
2 62
29 103
0 39
23 104
29 55
55 9
33 134
27 141
9 64
62 0
18 84
59 75
1 48
15 25
27 52
21 120
56 80
46 83
61 137
23 53
28 11
15 132
58 92
40 50
16 126
6 13
66 32
36 88
31 54
29 42
59 72
23 137
36 108
45 61
30 1
7 64
0 98
39 43
52 145
48 43
49 21
10 71
45 77
9 5
45 118
10 97
48 52
12 91
68 8
34 21
57 15
37 81
16 91
5 15
43 77
16 149
55 131
52 37
4 78
17 86
16 4
4 30
14 62
25 136
36 88
39 37
66 55
66 122
69 156
47 72
11 43
1 12
64 62
65 104
60 66
68 49
31 110
31 45
40 70
18 67
52 106
65 139
29 142
42 152
65 119
6 43
8 0
43 58
22 69
29 34
29 77
15 132
34 137
38 25
20 24
42 107
0 65
42 123
29 82
21 15
39 74
36 56
40 74
6 70
38 105
42 22
55 84
14 138
34 20
24 11
0 6
49 154
46 82
21 147
20 105
40 100
3 26
60 28
55 52
49 73
65 81
11 12 

115 134
118
47 120
93 41
28 112
36 112
78 114
54 92
19 66
0 131
109 113
64 37
37 124
87 45
101 78
59 59
108 24
96 17
4 17
56 22
97 101
72 37
91 37
80 73
38 44
3 51
60 46
33 37
92 33
5 109
4 100
95 54
37 42
17 64
104 100
73 46
41 8
5 71
71 40
75 131
66 109
85 70
1 126
95 20
82 72
68 70
93 93
23 67
12 98
101 44
45 111
28 80
40 87
109 99
23 121
106 55
63 129
79 71
93 114
94 63
12 28
14 98
18 0
35 89
10 32
107 60
37 20
74 97
57 6
15 35
104 85
60 95
3 45
75 128
38 39
61 114
11 1
62 104
11 107
104 16
112 129
103 108
45 1
54 51
100 21
6 105
62 114
99 96
54 125
29 112
30 12
34 27
54 61
88 93
89 4
24 78
4 15
85 97
102 123
108 51
19 132
49 20
7 13
108 102
114 12
39 103
89 110
29 43
75 130
99 133
84 114
66 108
44 104
76 31
80 33
102 14
5 34
112 106
7 10
90 98
19 18 

88 54
22
14 50
59 49
37 44
71 46
50 25
81 37
84 15
47 14
73 27
8 18
65 13
61 49
81 45
28 1
71 35
41 1
33 47
67 40
76 44
3 1
43 6
17 31
11 4 

90 2
114
19 1
15 1
18 1
24 0
16 1
76 0
45 0
72 0
22 0
11 0
7 0
33 1
48 1
62 1
67 0
58 1
58 0
43 1
8 0
38 1
55 0
49 0
19 1
9 1
78 0
83 0
55 0
42 1
62 1
18 1
54 1
74 1
56 0
39 0
65 0
36 0
74 0
56 1
87 1
25 1
32 0
15 0
43 1
9 0
20 0
2 0
69 0
14 0
37 1
59 0
15 0
79 1
46 1
84 0
47 0
27 1
31 0
72 1
7 1
30 1
57 1
62 1
17 0
41 0
81 0
49 0
8 1
33 0
61 0
24 0
61 0
60 1
68 1
85 1
68 0
57 0
53 1
13 1
61 1
58 1
33 1
81 1
54 1
51 0
38 1
74 1
83 0
83 0
39 0
59 0
88 1
51 1
77 0
50 0
5 1
32 1
68 1
82 0
7 1
55 1
83 0
85 1
40 1
75 0
69 0
87 1
59 1
59 1
35 0
68 1
24 1
51 1
77 1
60 0
16 7 

39 80
143
22 35
25 76
20 25
16 13
29 52
7 25
27 38
31 48
34 16
10 56
19 59
17 19
10 35
14 55
15 11
25 31
5 56
3 12
27 41
36 64
29 10
25 61
15 10
7 41
31 22
28 43
2 79
33 69
37 75
21 47
29 1
9 49
14 51
6 20
24 1
11 12
6 10
5 41
32 66
14 56
22 39
37 73
22 36
31 23
28 44
7 50
30 20
9 11
10 0
15 69
27 62
35 20
28 27
8 58
4 64
18 7
23 69
12 44
36 22
27 52
26 69
15 7
32 18
19 42
8 70
4 35
14 77
36 59
6 8
7 41
6 48
24 16
4 63
5 21
28 8
16 46
15 32
12 11
13 15
18 75
23 55
32 20
30 67
7 60
13 33
13 16
30 65
14 5
21 41
5 50
3 34
31 15
31 79
9 53
3 58
32 50
26 46
13 3
29 43
27 23
1 2
12 32
36 69
9 78
23 67
19 68
30 37
2 18
29 59
23 38
24 44
7 50
8 63
30 2
16 20
7 0
2 19
15 25
32 28
22 23
20 46
19 76
31 8
34 25
16 46
30 64
3 45
2 40
7 66
31 34
9 43
2 51
1 55
1 46
1 17
12 60
18 56
38 44
13 31
28 13
23 79
36 5
15 9
2 14 
