16

147 165
106
1 157
133 113
24 74
76 66
61 75
20 63
118 10
61 6
83 55
0 14
39 41
87 90
66 66
104 35
12 75
101 36
51 130
132 7
9 77
115 82
93 85
62 70
40 47
26 160
100 133
116 117
51 115
111 81
116 12
107 87
81 153
131 0
3 44
45 30
36 36
32 77
72 89
25 142
39 102
21 98
137 107
57 6
56 106
81 141
92 100
121 33
47 110
45 36
133 152
89 97
75 58
106 70
76 67
87 23
133 157
105 103
78 84
68 162
46 126
113 17
78 5
115 159
72 132
112 25
41 1
136 112
130 54
118 140
109 4
111 16
96 1
13 121
81 94
142 58
106 129
50 162
145 90
52 156
83 136
73 124
92 8
38 5
61 91
86 153
53 30
82 140
92 76
93 52
138 5
63 21
146 12
23 36
44 15
18 45
65 70
17 60
30 120
24 101
1 29
0 44
62 161
105 124
109 149
138 99
9 90
32 138
787 127

129 169
99
10 129
9 149
59 51
34 105
64 111
32 90
15 154
103 4
117 12
24 35
62 138
125 117
97 30
108 168
11 43
118 154
8 48
10 49
124 129
105 168
9 163
101 9
96 164
16 70
23 121
46 59
36 27
114 42
11 110
7 160
5 106
22 140
55 130
2 92
81 80
51 131
96 118
29 132
99 75
109 32
5 135
27 81
67 139
106 97
112 122
122 153
20 33
104 115
40 143
58 58
65 99
50 30
27 53
125 23
71 81
93 151
102 113
56 123
28 111
105 27
106 68
117 39
92 103
116 153
23 69
60 107
127 2
127 161
103 21
123 9
21 91
56 74
69 107
115 156
62 12
88 1
78 40
0 157
88 126
124 53
63 80
34 118
88 15
59 53
85 41
88 140
5 52
58 161
45 108
90 131
105 126
41 3
92 150
55 27
100 125
54 68
11 67
103 38
85 79
1336 23

172 34
64
66 13
30 3
88 0
44 28
60 18
100 2
70 27
156 16
18 31
27 12
144 23
86 12
52 24
28 9
153 20
134 3
53 23
136 21
95 28
150 18
0 16
105 10
46 33
128 2
135 15
107 30
151 23
51 14
23 2
49 14
103 26
13 26
123 11
114 21
121 17
154 23
37 20
106 6
46 28
132 3
158 15
103 3
110 11
46 24
58 6
91 31
158 16
74 27
134 2
132 11
31 31
79 9
145 15
165 2
25 11
114 30
86 21
90 9
100 0
74 10
97 32
109 15
89 12
80 32
733 4

84 115
84
66 56
3 2
5 57
8 67
11 17
67 91
29 38
41 39
32 70
65 66
69 10
67 55
79 58
53 18
8 112
45 81
7 93
58 13
81 97
74 43
27 24
64 14
58 47
82 55
9 41
41 44
47 32
59 112
14 6
59 109
56 60
43 53
83 24
73 18
46 96
44 11
31 21
10 92
68 33
72 2
28 45
67 80
39 3
76 97
9 90
29 88
60 97
68 112
14 47
5 63
9 66
83 87
70 1
36 63
17 111
6 45
72 52
81 86
27 5
66 4
10 25
21 5
9 73
14 74
33 21
55 113
34 21
63 24
47 70
59 72
49 72
13 14
67 94
74 54
81 88
63 50
24 94
49 1
76 16
3 79
15 62
39 49
36 30
44 106
1214 3

46 127
81
41 86
18 34
43 38
24 118
3 95
25 11
12 29
42 24
2 54
2 114
41 93
44 82
8 7
24 17
3 87
17 87
19 16
14 104
34 114
10 14
30 84
13 56
43 33
32 15
45 24
40 15
3 57
33 15
13 41
8 113
9 75
10 70
42 49
4 56
10 118
38 19
23 55
6 103
6 71
20 65
21 98
14 107
37 84
38 104
22 56
24 37
6 49
7 122
13 34
19 82
20 98
42 79
22 71
11 15
21 88
28 8
12 36
33 28
26 68
18 85
17 98
42 39
43 10
40 41
21 85
0 86
28 62
30 109
27 58
26 1
32 54
32 80
26 89
41 104
35 70
33 53
38 16
33 110
3 87
14 37
22 86
1965 135

38 187
62
4 33
25 23
29 46
17 58
3 113
32 14
33 22
24 8
9 52
29 183
10 85
35 44
21 53
14 66
7 60
29 124
17 171
22 6
15 185
32 99
37 83
30 117
5 10
23 78
24 92
0 140
16 150
1 146
10 118
12 152
19 103
33 42
26 90
17 132
9 23
15 64
14 81
1 126
31 86
14 164
36 66
6 176
32 12
29 182
35 30
25 38
3 148
17 96
35 7
23 130
29 148
30 30
2 69
28 84
35 64
4 93
16 153
0 108
32 124
12 108
32 148
15 21
724 6

91 2
189
30 0
47 0
19 1
19 1
79 1
23 0
17 1
15 1
18 1
70 1
17 1
35 1
53 1
17 1
10 1
41 1
21 1
9 0
52 1
23 0
5 0
11 0
73 0
67 0
29 1
68 1
51 0
15 0
71 1
70 1
76 0
13 1
16 1
57 0
30 1
23 0
19 1
85 0
29 1
51 0
81 1
68 1
62 1
34 1
36 1
33 0
54 1
32 1
38 1
28 1
80 1
36 1
18 0
7 0
57 1
65 0
12 0
20 0
27 1
40 0
6 0
75 0
90 1
68 1
81 0
63 1
11 0
43 0
49 1
21 1
80 0
32 0
75 1
85 1
0 1
56 1
48 0
31 0
77 0
67 1
53 0
79 0
9 0
48 0
79 1
8 1
76 1
15 1
29 0
29 0
12 0
29 0
25 1
87 1
51 0
45 0
54 1
13 0
25 0
57 1
82 1
70 1
80 1
5 0
34 1
8 0
65 1
51 0
60 1
65 0
66 1
65 1
0 0
71 1
90 1
59 0
25 0
28 1
49 0
0 1
83 0
48 0
22 1
27 0
33 1
33 1
66 0
77 0
40 0
24 0
29 0
72 0
67 1
87 1
54 0
39 0
7 0
54 1
64 0
21 0
20 0
56 0
75 0
12 0
79 0
83 0
89 0
65 1
28 1
43 1
7 0
52 0
43 0
35 0
68 1
33 1
44 0
69 0
6 0
38 1
84 0
64 0
35 1
43 0
16 1
39 1
31 1
41 0
18 1
31 1
45 0
55 1
56 1
17 1
3 1
67 0
58 1
47 0
26 1
4 1
13 1
59 1
13 1
45 0
32 1
14 0
71 0
6 1
84 1
98 45

30 79
118
9 54
25 65
8 4
8 54
17 66
0 66
22 76
18 66
27 22
19 11
4 64
18 50
4 67
22 48
5 78
28 2
6 2
21 70
7 75
6 42
29 12
7 61
23 76
27 41
4 40
6 3
13 76
3 69
7 52
13 26
13 21
28 30
22 12
6 11
5 48
5 16
3 31
12 58
20 72
4 47
9 45
22 48
25 41
11 11
25 52
22 60
22 57
3 5
4 64
16 20
8 25
16 31
5 11
7 53
16 16
20 25
29 74
8 21
12 40
28 76
26 43
23 8
0 53
10 24
23 8
5 48
2 33
16 54
15 27
10 56
2 53
7 22
15 42
25 32
2 9
17 57
7 54
19 72
5 28
26 19
23 42
1 7
18 75
28 46
10 20
1 29
4 9
28 46
2 9
12 25
23 64
25 54
19 78
2 12
8 11
2 10
26 41
19 25
7 69
3 15
11 43
7 58
14 31
28 0
20 28
18 19
14 4
13 74
6 32
23 13
26 46
3 30
6 64
17 36
6 30
25 9
22 57
9 19
290 93

181 105
168
118 10
96 21
50 18
66 94
30 83
163 17
92 65
136 61
42 49
52 39
120 84
173 14
59 76
91 22
102 70
116 0
148 54
94 20
107 12
68 19
56 34
172 47
139 64
162 43
91 36
121 103
4 99
87 64
46 18
139 19
115 79
113 0
166 7
129 28
65 67
30 9
160 75
122 101
86 47
6 100
14 13
11 82
52 98
147 103
130 42
146 42
153 38
22 20
74 81
155 76
140 70
81 67
122 90
149 78
62 30
174 7
68 70
82 104
53 81
72 104
85 14
7 90
58 30
139 25
180 5
167 8
95 51
155 19
0 71
144 49
93 63
13 50
127 21
30 78
144 103
22 101
80 50
32 28
106 81
158 30
67 98
167 26
75 29
4 76
140 61
171 12
132 58
170 42
106 35
168 6
90 35
145 104
72 0
154 47
154 18
46 58
162 26
149 76
105 36
8 26
162 26
138 81
40 62
121 81
62 92
58 9
137 92
29 62
97 44
139 14
98 7
76 45
36 25
144 92
25 43
86 10
81 33
69 58
0 60
90 79
28 46
70 20
156 55
26 75
113 1
102 18
148 66
145 78
10 25
63 10
13 23
73 17
172 9
102 11
58 94
63 72
104 76
30 97
79 71
124 82
71 67
98 3
127 62
81 57
168 36
90 81
78 16
30 84
43 34
135 19
48 23
157 7
20 37
120 9
6 20
57 46
143 62
127 91
106 93
18 86
124 20
7 74
32 27
106 92
136 71
26 29
47 14
17 71
580 190

150 105
155
141 23
35 68
23 91
56 18
87 30
102 36
88 48
125 45
9 92
9 89
10 32
50 66
27 93
17 3
141 97
146 31
120 97
109 28
37 92
15 18
131 104
119 4
8 97
114 4
14 37
46 99
103 18
17 95
11 64
132 90
140 0
117 47
95 93
17 44
0 74
33 38
108 80
59 58
103 14
90 93
85 46
96 38
88 100
88 79
55 91
56 76
16 77
128 104
71 84
29 19
29 19
108 71
79 8
113 28
105 41
94 7
118 23
81 33
0 44
133 74
8 10
63 10
74 41
133 50
117 37
104 27
53 35
9 23
121 46
77 40
126 97
80 63
135 86
75 22
11 58
20 12
21 63
116 14
65 28
107 93
129 95
92 82
134 71
133 29
90 43
42 104
107 45
56 82
7 47
128 48
6 20
84 81
22 53
139 94
84 55
8 100
23 72
11 29
137 36
99 83
11 59
113 24
79 52
145 14
42 91
49 22
102 103
45 34
28 14
95 94
44 21
52 70
39 69
124 51
35 95
21 58
77 101
113 34
140 61
89 26
68 25
37 81
113 0
41 38
120 64
146 35
84 53
53 32
54 53
144 17
113 11
146 61
58 34
91 75
119 53
128 2
143 32
112 83
90 23
53 78
86 48
146 75
54 22
147 48
7 9
138 30
8 103
70 100
33 79
52 30
101 83
16 82
74 84
56 29
83 41
1908 186

22 166
187
10 75
21 160
7 146
4 18
11 81
8 102
6 40
11 138
21 138
15 27
19 40
8 91
12 122
0 153
2 155
10 155
2 58
11 161
18 53
9 5
4 161
3 118
1 145
21 143
11 18
4 135
9 65
17 109
11 10
6 16
2 77
14 46
1 127
2 6
13 10
15 8
16 149
19 27
14 141
1 66
10 147
9 136
5 14
2 34
6 74
13 66
3 136
13 2
0 134
0 150
3 39
15 27
21 150
13 148
12 79
2 75
13 66
8 71
12 42
4 152
14 62
10 64
0 60
4 45
1 92
0 15
5 17
20 70
1 12
21 77
12 16
10 5
2 52
1 118
4 62
7 0
20 151
18 150
17 21
17 148
2 97
4 142
2 45
6 123
12 142
7 2
13 59
17 102
18 26
16 162
10 105
13 80
16 27
17 124
15 150
20 27
2 38
6 96
9 85
16 112
6 7
3 10
8 51
8 56
7 118
18 107
12 36
9 68
11 47
8 50
4 164
2 60
8 69
14 5
10 151
14 26
9 122
13 59
15 65
19 84
14 36
12 19
17 46
11 98
20 45
4 11
7 1
11 141
21 129
20 105
13 121
0 97
0 3
10 54
18 107
9 61
18 93
17 72
21 117
21 143
7 124
21 142
10 68
15 125
7 147
10 10
1 55
7 107
0 7
19 155
5 51
12 49
11 0
2 65
10 106
7 132
3 165
16 44
17 86
14 165
0 64
0 120
4 45
11 92
13 42
10 78
16 133
11 70
2 33
2 132
6 17
3 24
8 137
0 100
12 49
15 15
18 20
2 81
3 70
2 44
18 129
13 34
14 88
6 6
13 15
2 102
19 152
572 165

79 122
140
45 89
10 31
14 109
66 66
53 22
61 118
63 53
49 6
38 42
55 49
31 76
0 32
50 86
37 26
10 17
67 116
24 98
60 84
26 23
5 39
8 28
28 120
12 9
78 117
19 34
65 74
53 117
58 24
71 72
60 24
9 79
78 81
40 78
72 8
59 107
46 16
12 53
77 97
8 102
44 46
70 101
20 52
40 5
12 19
39 101
69 80
64 96
56 63
62 6
66 50
15 98
71 14
28 19
18 49
33 86
43 8
13 115
77 74
77 74
71 48
52 110
27 3
40 110
71 60
53 82
56 20
13 13
42 92
68 9
75 118
21 99
50 96
42 118
1 9
28 48
50 106
50 98
58 116
5 90
67 111
70 61
49 87
76 16
76 95
38 44
47 120
61 30
7 100
19 68
32 78
7 63
18 23
16 15
56 45
22 101
73 32
10 43
20 30
66 88
8 42
54 36
17 23
54 108
6 31
53 90
3 89
70 13
29 91
17 26
27 16
21 110
40 47
33 68
10 111
34 82
71 64
0 6
25 82
31 15
41 97
78 102
74 3
23 61
71 30
9 33
47 80
41 116
52 72
51 108
61 59
1 45
34 92
47 115
33 76
76 64
60 64
32 98
33 16
2 9
17 17
1586 128

88 78
147
19 60
18 26
65 61
17 11
29 15
72 4
82 42
55 47
71 61
50 66
86 6
32 27
50 41
76 5
46 36
67 62
16 70
42 3
69 8
22 22
45 2
79 24
39 77
50 11
26 5
50 50
61 17
27 53
6 60
33 76
66 4
18 36
45 75
52 57
42 31
31 66
59 35
10 31
46 58
61 76
4 8
30 17
43 53
51 63
73 28
63 20
3 3
75 40
2 28
31 15
68 42
76 19
26 38
37 12
73 18
52 74
23 53
3 34
10 0
43 74
11 60
63 71
53 49
31 73
47 56
11 43
42 71
14 6
47 64
51 50
19 39
55 68
17 66
39 20
35 43
38 10
46 4
12 76
24 54
22 73
23 3
61 40
82 6
71 41
7 10
71 12
49 11
0 49
1 45
21 73
76 25
71 31
70 55
56 65
6 40
32 11
82 38
5 10
1 64
73 45
44 13
24 46
75 12
19 58
31 33
2 16
50 38
61 41
77 17
1 12
75 14
50 20
80 46
19 13
0 67
35 32
70 60
28 74
55 12
44 42
67 60
22 53
62 41
14 56
50 63
48 41
56 34
59 58
14 50
25 14
64 1
29 40
21 4
21 9
67 9
80 4
68 66
55 34
10 67
28 67
4 11
83 22
61 31
22 74
67 68
2 27
54 41
1104 178

142 170
89
97 87
53 94
105 94
67 108
96 59
84 161
31 33
20 43
12 133
29 41
100 6
38 21
115 145
106 0
112 90
25 129
77 106
71 7
82 62
75 77
117 31
26 39
56 46
104 123
81 103
127 12
125 157
40 163
51 110
80 127
4 80
15 66
39 125
12 47
42 44
134 161
73 88
53 159
52 47
84 169
133 22
13 140
5 45
58 101
71 108
37 60
113 146
130 86
111 51
127 64
74 48
40 2
127 99
0 21
110 50
118 29
4 68
1 159
123 50
25 149
65 164
69 96
79 33
108 152
103 26
36 56
105 117
91 83
8 11
5 83
97 14
121 109
97 33
87 149
46 166
120 69
131 78
51 55
124 89
42 152
30 139
90 169
122 112
15 116
83 88
3 92
60 62
128 70
125 80
361 190

81 157
132
42 86
52 81
40 71
7 87
26 40
60 2
66 51
60 109
47 4
78 85
13 30
12 142
23 147
54 81
30 2
60 79
66 123
54 127
17 117
75 142
16 75
65 125
77 37
16 126
77 12
19 102
57 89
62 26
28 6
32 93
59 17
2 39
70 38
18 151
14 100
71 127
4 99
13 134
25 14
77 57
29 39
6 5
61 44
66 50
45 53
80 133
27 110
17 85
28 116
71 58
20 18
61 156
62 74
23 98
61 102
44 59
49 38
39 7
7 6
55 39
31 139
63 35
39 45
29 46
26 92
58 72
20 81
38 146
24 24
22 104
57 42
48 31
17 47
46 26
58 77
10 72
64 52
21 124
75 107
1 99
60 45
26 59
28 1
70 9
61 129
7 35
40 82
75 32
10 65
76 71
70 26
36 149
26 59
10 96
39 92
32 123
42 1
16 149
9 48
37 6
5 76
8 103
71 69
55 109
33 34
55 1
77 80
70 134
34 71
62 35
21 114
37 150
6 108
22 75
68 94
13 99
20 105
75 45
15 85
42 71
71 94
52 144
1 65
46 142
65 38
79 125
43 56
51 153
78 153
24 98
56 63
75 80
1059 21

98 4
165
35 1
94 2
14 3
82 1
38 3
95 3
60 3
83 0
81 1
78 1
60 0
39 1
77 2
8 2
0 2
7 0
70 0
21 2
86 0
19 0
9 3
97 0
14 1
24 3
18 3
64 2
40 0
71 0
11 0
25 3
57 0
82 1
58 1
19 3
74 0
71 3
26 0
83 2
40 1
90 2
14 1
38 2
28 1
91 0
73 1
18 1
35 2
0 3
29 0
20 2
46 0
36 1
65 1
39 2
31 3
22 1
35 1
94 3
46 1
86 0
71 0
82 3
72 1
67 1
75 3
96 3
12 3
27 2
69 1
79 2
37 1
65 2
39 3
0 0
23 2
48 0
73 3
97 1
63 0
22 3
11 3
35 2
92 0
47 0
46 1
67 3
12 2
54 0
35 2
84 2
44 3
88 3
46 2
61 1
8 2
76 3
89 3
64 0
47 1
54 2
52 2
13 3
63 1
53 2
45 1
82 3
41 0
24 1
14 3
49 1
20 0
82 1
29 0
49 2
96 3
89 0
88 1
43 2
14 0
44 3
57 0
44 3
46 3
11 1
70 3
11 2
58 1
1 3
79 2
91 2
7 3
1 3
92 0
52 1
18 3
34 1
93 1
26 1
82 2
31 3
16 0
27 3
79 2
74 3
85 3
71 1
17 3
43 0
89 1
45 2
18 2
24 2
91 2
34 1
9 1
71 3
32 3
66 3
6 1
76 0
13 1
89 2
44 3
59 2
8 3
1536 198


