15

169 194
132
168 15
52 106
87 161
138 24
55 15
0 168
4 101
36 12
120 168
24 133
21 128
139 61
166 117
84 191
114 139
21 57
34 191
14 46
65 65
117 184
14 103
107 2
83 40
146 76
144 145
147 27
114 184
155 36
40 144
82 157
125 95
144 184
144 41
51 132
50 139
15 56
15 121
85 156
142 58
89 173
19 133
105 26
33 121
142 72
125 88
128 88
78 141
54 151
34 86
16 106
83 182
65 185
160 27
137 130
97 129
114 128
43 106
45 163
76 126
88 61
96 63
118 126
124 159
156 22
69 5
142 163
144 76
54 190
138 187
164 138
118 20
101 144
20 26
68 1
87 140
39 151
48 159
135 86
41 4
17 63
79 18
119 185
8 105
92 58
49 49
72 188
136 37
19 55
78 36
64 170
105 50
152 136
109 104
126 130
11 39
136 42
102 162
98 10
58 156
26 148
62 138
84 90
23 121
117 105
68 113
44 98
166 161
162 53
127 6
75 146
113 99
28 113
114 77
140 28
41 182
94 177
149 29
60 64
129 4
160 35
93 2
111 112
133 130
23 129
53 109
148 54
64 125
2 164
151 131
160 187
56 108
3 136
327 82

69 165
191
59 37
47 18
31 51
43 98
21 11
36 70
12 110
19 45
45 16
21 4
66 8
59 77
48 20
59 61
39 76
52 163
36 113
68 152
1 17
15 124
39 68
63 58
10 6
34 116
2 38
30 116
41 119
44 96
62 99
28 161
24 121
58 51
68 46
23 48
54 37
45 63
45 70
1 70
21 11
7 127
14 163
62 76
8 27
55 12
16 119
43 123
65 77
68 40
24 37
30 140
47 108
47 32
61 97
18 17
37 78
3 51
31 12
3 50
9 62
2 43
0 70
13 44
68 113
19 23
59 33
4 39
64 20
37 117
56 5
7 13
6 157
21 132
34 75
34 115
29 137
18 41
50 99
15 1
4 116
33 3
61 139
23 20
7 22
63 9
1 105
26 42
19 134
1 152
65 93
68 37
40 100
62 92
30 84
25 157
38 119
13 35
23 86
4 124
6 150
38 106
43 107
42 87
65 138
6 4
40 153
24 105
21 138
10 75
56 139
23 87
3 10
46 76
52 26
50 99
55 136
42 129
41 53
17 83
52 109
36 158
66 159
54 105
8 66
37 97
18 93
53 79
62 7
4 27
1 67
22 58
15 16
57 117
30 154
12 25
1 97
30 16
2 35
31 28
37 102
18 69
25 121
7 50
39 41
35 65
42 148
12 89
4 155
63 23
49 140
43 14
63 125
18 121
10 92
22 56
0 64
25 53
7 44
53 54
38 51
15 121
37 119
24 2
39 57
57 160
21 19
3 63
49 119
22 121
66 116
44 37
2 144
46 70
48 14
1 113
33 126
2 156
0 44
62 58
14 123
64 62
25 20
36 113
21 14
22 146
18 111
7 60
20 20
67 49
65 31
7 15
23 49
1889 20

152 173
60
48 158
72 12
14 15
27 151
113 81
48 46
28 130
149 164
71 155
55 129
8 124
74 107
42 103
77 89
122 45
82 9
40 168
137 137
130 159
30 55
57 84
149 168
147 116
49 159
106 68
46 68
13 45
141 76
89 30
30 83
67 55
74 111
36 81
106 18
67 63
118 142
50 113
128 113
117 45
5 104
99 137
53 2
52 107
80 125
84 103
22 35
21 172
142 113
15 117
42 90
94 106
110 70
34 55
107 115
21 148
62 150
37 148
9 18
13 156
44 55
339 66

7 24
166
2 17
6 3
6 8
4 23
4 18
5 12
3 13
2 3
6 4
2 18
1 17
1 10
2 22
6 7
5 5
1 5
2 0
3 5
6 16
0 11
4 16
0 5
1 4
3 20
4 5
5 2
3 12
6 5
0 5
1 2
6 22
6 19
2 0
2 20
3 14
3 18
2 17
1 7
6 16
0 5
0 1
5 11
5 17
4 23
6 7
3 0
4 11
0 22
6 4
1 19
0 17
5 16
2 15
6 17
0 6
0 14
0 6
0 16
2 7
3 22
3 5
5 17
1 15
3 18
0 4
5 14
6 19
6 5
4 10
5 8
6 5
3 16
4 8
5 2
6 3
3 9
4 12
5 10
6 23
1 14
3 16
4 6
2 4
1 6
0 23
1 7
2 16
0 19
0 3
1 22
6 9
5 23
6 0
3 13
0 8
1 9
4 1
6 5
3 13
0 0
0 23
3 7
3 18
4 18
0 8
4 18
4 20
1 1
6 15
3 17
3 20
0 12
1 22
4 2
1 19
1 2
6 15
4 7
0 5
6 11
2 1
2 12
4 9
2 4
6 12
0 9
2 17
1 14
0 16
1 5
3 1
4 21
3 10
6 9
2 18
3 12
0 23
2 8
0 10
1 0
5 4
3 13
6 17
6 19
4 1
1 3
4 10
5 9
4 8
2 4
1 17
5 15
2 17
4 16
4 22
6 6
2 21
2 11
3 5
1 19
6 10
2 0
0 0
4 22
1 2
0 17
1394 80

125 109
72
78 74
113 19
107 88
37 93
46 19
61 90
8 58
24 12
32 41
114 1
65 36
54 58
77 19
66 100
107 71
4 62
30 3
83 80
14 40
74 11
11 61
75 13
51 57
84 102
35 105
4 56
75 105
6 106
119 41
108 27
78 95
43 79
61 19
107 105
98 73
21 86
45 107
55 93
87 11
85 42
42 14
34 40
99 34
9 70
115 22
23 80
6 89
5 36
21 68
75 94
115 53
38 71
0 87
119 68
124 25
66 7
26 91
108 83
68 108
85 68
77 75
61 61
49 49
94 68
43 74
84 67
31 103
64 36
59 40
70 76
0 102
21 30
1048 176

52 89
90
24 15
6 86
16 56
8 16
47 19
1 10
10 61
0 80
43 11
38 9
11 15
3 0
42 59
1 12
1 73
30 33
47 73
14 75
14 32
24 61
21 8
30 26
41 87
34 88
3 35
40 14
22 40
50 72
8 25
42 21
32 85
43 6
8 1
5 32
8 6
38 86
26 8
12 29
2 41
34 74
39 5
49 5
33 80
49 5
41 25
35 84
33 12
29 77
2 88
33 64
15 37
13 74
6 85
34 63
49 66
8 45
33 42
40 13
11 30
24 25
9 42
26 31
1 18
23 53
13 59
48 75
21 51
12 74
38 12
10 60
27 2
45 81
41 72
29 6
8 85
32 42
36 42
45 79
3 71
11 60
16 78
14 58
3 64
36 14
44 87
41 4
17 75
17 49
16 28
7 37
1526 28

52 164
98
36 163
19 99
40 151
17 6
9 25
6 118
17 84
15 153
34 47
25 94
17 153
31 87
18 87
48 50
15 118
39 51
35 118
12 130
22 97
45 52
15 109
36 36
24 141
45 44
6 111
11 30
45 36
40 154
12 15
30 6
19 126
12 28
34 116
7 48
22 2
6 110
11 26
13 128
47 12
21 136
51 66
39 131
24 13
5 22
34 40
49 111
14 32
28 124
40 49
2 96
51 119
24 127
38 9
35 153
1 18
39 20
6 39
18 134
41 153
40 7
20 16
7 82
20 75
2 93
15 136
9 146
24 77
48 46
27 124
18 158
31 102
34 19
9 81
8 163
50 157
2 30
37 20
13 74
13 154
34 112
48 22
19 116
29 88
0 143
50 23
47 125
9 153
8 41
10 114
17 52
2 99
50 78
49 78
42 42
18 144
13 128
4 5
27 160
1412 14

71 143
153
38 58
1 60
48 20
40 124
25 73
65 42
26 74
30 86
59 92
67 101
7 58
52 106
53 101
27 83
22 60
40 77
18 125
18 2
53 97
17 137
51 71
57 35
12 109
51 133
22 57
25 63
1 103
8 125
66 23
6 117
48 122
65 47
2 93
1 112
38 57
10 140
35 103
55 120
33 30
23 70
56 37
47 64
60 65
50 55
70 103
44 79
7 15
13 16
38 128
36 50
38 116
33 9
48 36
37 97
1 140
63 136
29 105
41 92
4 128
2 32
8 81
42 74
61 28
35 52
62 80
43 55
12 40
19 35
53 57
40 87
18 136
24 128
52 11
37 52
70 11
40 120
28 28
56 72
67 85
31 115
33 106
61 77
7 12
5 35
59 4
51 33
32 134
52 45
0 122
26 74
23 99
16 81
53 41
33 140
31 14
42 89
4 91
64 131
67 29
40 75
64 30
9 85
36 54
49 108
7 37
11 99
19 44
54 48
49 70
44 8
34 27
50 51
44 107
62 23
31 128
29 40
3 26
28 16
57 120
5 95
67 25
43 92
49 47
49 32
37 133
64 70
62 1
64 21
50 56
51 137
65 39
55 2
45 85
54 96
64 70
42 122
41 90
37 76
8 91
5 54
53 95
34 103
0 38
19 51
2 89
58 87
0 113
5 142
43 96
60 35
34 68
51 118
20 10
1457 51

61 193
161
36 52
42 190
21 97
36 130
60 62
4 77
13 69
24 98
7 88
9 188
46 90
40 106
46 188
19 91
10 46
1 43
15 61
41 189
49 121
13 185
17 37
41 21
14 166
40 15
7 184
9 8
59 183
13 114
30 166
33 173
11 183
16 178
9 114
8 90
28 11
36 58
56 43
10 75
29 146
23 176
38 72
58 51
42 135
3 52
6 76
2 140
42 128
10 155
56 88
29 84
8 61
5 141
46 151
60 111
10 105
58 134
33 149
42 86
56 83
15 126
17 136
42 50
9 147
49 5
20 11
53 154
26 34
51 82
12 25
29 29
51 181
20 24
8 33
13 115
4 147
51 99
5 121
46 85
4 180
48 148
43 108
48 77
15 51
28 137
25 87
19 139
22 156
44 0
32 88
54 89
28 0
26 83
44 85
59 58
57 66
42 122
54 28
5 107
4 135
42 95
6 47
6 94
57 33
49 2
19 41
5 106
17 85
12 145
52 128
55 1
52 21
6 53
16 27
40 86
18 78
36 20
36 115
34 42
55 188
15 132
11 171
31 92
18 41
38 54
50 3
31 72
25 16
49 20
8 22
11 153
20 62
35 124
44 45
12 186
8 32
57 27
52 156
11 165
46 144
47 1
29 86
17 24
11 136
17 145
47 158
14 87
10 192
5 82
30 16
21 21
60 94
25 189
11 107
37 181
43 124
33 180
24 140
9 133
18 115
44 167
37 82
1969 180

61 96
177
51 13
24 64
57 82
38 74
12 95
52 10
6 18
55 22
60 26
11 65
50 48
59 23
42 7
45 45
36 22
5 61
49 10
1 47
39 58
60 38
34 74
39 17
4 7
40 90
23 91
35 59
31 41
46 83
8 18
8 28
44 24
4 58
39 27
31 25
40 22
10 57
31 81
35 47
48 43
37 47
10 43
34 37
38 49
56 48
27 46
17 92
16 88
35 85
15 18
9 94
23 60
10 85
1 25
16 68
50 93
52 35
5 13
58 21
31 17
8 48
54 30
48 42
6 87
5 30
22 54
15 12
26 76
49 52
6 25
18 86
7 23
23 21
17 63
43 15
38 27
41 10
7 54
26 28
56 90
36 79
48 42
32 31
60 71
39 86
8 91
31 27
9 30
42 28
31 33
59 78
0 84
39 33
28 15
22 53
52 24
11 45
50 36
49 15
6 12
47 78
29 85
11 6
41 64
34 50
48 14
52 16
60 53
2 4
25 42
52 61
8 51
40 33
38 24
17 75
24 55
33 0
45 34
15 87
21 60
47 54
51 89
41 64
19 61
42 5
53 0
26 62
58 8
10 57
27 40
50 74
23 17
13 27
20 14
28 51
44 55
12 44
18 64
46 33
44 51
15 36
41 78
20 73
54 19
0 31
17 84
15 34
37 13
22 55
34 29
53 13
34 33
58 32
57 37
22 20
55 44
1 79
47 59
7 10
20 36
47 30
17 54
16 38
57 30
54 20
24 37
57 48
17 60
47 30
12 18
28 8
51 23
9 79
43 89
11 48
3 43
56 20
55 12
1904 171

122 48
175
121 38
31 16
54 29
11 45
93 0
48 12
119 38
6 3
88 45
21 9
26 22
108 9
70 22
87 11
65 35
90 19
39 35
71 7
2 40
100 7
81 19
6 20
95 41
116 47
36 28
118 27
16 2
59 38
47 28
7 8
33 5
108 22
108 29
39 40
16 21
82 33
58 30
50 6
32 13
53 20
27 0
101 24
47 46
117 23
79 45
115 36
4 23
1 33
108 22
27 9
77 15
101 9
31 30
29 46
32 32
25 28
34 40
29 18
2 30
0 10
69 15
65 21
10 15
64 47
23 9
53 47
44 35
30 4
13 19
14 12
37 11
110 11
67 19
46 36
93 40
72 10
75 38
13 46
0 4
66 42
96 33
114 4
117 16
29 11
5 28
27 6
51 43
4 26
20 27
91 36
61 30
103 47
52 41
90 47
2 4
42 35
77 11
31 30
121 7
72 37
46 18
36 36
106 3
92 29
102 37
8 24
58 45
70 28
116 6
2 25
46 34
64 30
93 35
90 2
32 38
61 36
7 11
95 27
18 36
72 28
52 44
73 44
50 42
116 32
43 31
21 5
45 11
113 44
48 0
13 14
85 38
96 12
97 39
38 3
117 37
75 47
73 25
54 30
44 46
64 44
119 9
119 3
37 2
11 24
51 9
77 32
67 24
12 28
30 42
30 45
56 41
114 16
6 42
118 13
119 27
116 10
34 24
38 10
90 28
51 14
21 37
14 1
68 19
98 19
27 8
95 2
86 9
105 15
2 13
92 47
15 15
101 33
27 17
2 34
54 11
1745 179

199 143
79
138 83
43 45
130 72
100 54
183 131
179 82
137 92
53 57
59 45
144 101
82 68
193 110
128 112
94 106
70 61
92 139
38 76
64 94
97 55
75 54
25 29
95 100
72 119
109 67
9 132
195 42
193 115
57 63
147 131
142 142
187 16
70 34
3 31
66 13
15 103
106 98
192 77
183 87
126 114
82 25
23 13
21 106
149 83
54 8
130 67
96 56
117 27
103 110
16 37
66 65
57 122
93 33
183 45
132 127
160 125
197 57
17 43
79 76
14 31
20 34
75 71
6 33
78 112
98 132
77 19
152 45
174 51
185 50
178 37
37 1
113 69
145 9
53 20
87 34
148 61
20 48
138 58
20 2
156 110
1895 78

137 197
80
3 20
17 44
5 153
34 76
8 104
13 114
95 0
32 53
11 151
97 167
112 169
3 94
133 36
110 59
98 21
129 168
8 193
6 19
29 110
38 143
108 88
111 114
114 150
11 125
16 74
82 131
5 30
107 155
7 53
79 73
51 149
3 36
74 146
16 39
71 120
15 62
97 122
93 95
43 169
102 192
40 151
124 101
103 114
109 86
10 11
112 84
63 131
73 42
103 3
128 58
123 35
51 23
24 173
49 52
103 195
130 62
130 104
88 100
13 134
88 156
84 57
55 58
0 27
1 61
19 75
48 123
53 104
125 30
8 92
100 177
54 119
131 72
27 8
56 172
99 195
19 110
119 40
24 4
119 58
72 112
198 197

172 21
186
5 2
53 9
139 7
37 0
136 8
90 5
103 0
4 17
152 15
33 13
157 1
107 20
168 19
170 2
26 4
70 3
100 15
30 0
107 19
125 3
122 7
4 7
119 15
132 20
114 15
120 12
137 5
48 8
69 18
26 13
143 0
157 1
21 18
2 12
29 20
26 18
131 3
127 15
8 11
97 5
148 17
13 11
80 12
145 13
97 10
21 9
37 8
3 19
156 17
167 18
107 5
8 13
41 13
28 13
165 6
75 3
126 2
25 7
158 0
87 4
70 6
44 8
28 2
159 8
89 13
29 10
26 5
145 17
159 1
116 12
94 19
6 11
86 2
95 12
11 7
62 2
149 4
142 18
163 10
131 2
7 16
122 5
20 9
23 9
61 2
102 4
160 14
106 11
100 7
140 14
90 13
77 20
135 16
96 12
63 9
86 14
30 14
23 1
164 17
84 13
108 10
80 17
10 0
151 13
60 18
125 0
101 8
72 17
24 1
133 14
50 11
50 10
81 5
78 7
104 10
72 7
143 12
0 10
57 9
144 3
109 19
17 17
4 20
89 0
109 20
136 19
83 12
159 12
116 6
134 1
71 1
124 1
9 13
52 10
59 1
23 5
138 1
81 7
135 6
78 14
115 11
37 7
15 8
82 20
106 20
169 9
48 13
52 10
43 9
171 15
29 17
4 18
50 15
61 14
53 5
41 15
116 12
114 9
156 19
168 8
128 18
159 11
117 3
11 20
138 1
13 15
89 6
89 14
137 15
83 16
127 7
157 11
169 0
126 14
123 15
151 1
118 7
22 19
85 4
59 12
132 3
144 3
140 12
1 18
78 16
87 20
1608 158

140 86
141
115 38
27 36
15 79
6 55
84 19
104 63
97 24
41 52
98 39
20 3
106 36
40 52
97 36
19 51
7 6
130 30
128 76
22 76
82 73
109 30
77 36
23 30
86 22
104 12
37 82
34 85
98 23
6 45
94 16
109 85
103 27
108 38
20 22
79 3
115 75
93 11
41 31
21 2
80 51
80 47
73 81
9 25
97 74
126 81
50 47
4 47
112 45
84 9
43 75
23 56
64 65
93 34
19 41
18 73
85 72
1 8
69 41
104 71
12 61
86 3
128 57
14 11
135 15
35 23
102 23
24 48
23 32
5 7
20 3
125 45
67 65
35 38
110 24
44 42
130 57
69 6
137 23
119 71
101 71
14 41
62 16
137 11
27 9
120 59
138 3
113 11
10 78
29 38
87 39
93 58
59 24
66 40
52 45
66 3
26 18
76 74
36 42
35 19
66 82
71 57
87 84
125 3
134 67
103 84
66 82
81 12
120 39
48 66
20 65
102 31
29 26
31 1
53 68
66 46
71 28
98 72
82 23
99 29
10 18
4 11
79 17
72 56
70 85
106 40
30 51
134 64
36 13
38 8
33 44
56 26
83 16
134 71
102 13
136 75
36 39
106 23
70 51
77 38
85 78
47 39
58 52
510 149


