17

144 76
161
31 34
93 2
22 61
97 67
38 28
86 28
66 56
92 19
36 17
98 13
51 18
70 70
2 59
66 43
40 31
65 20
117 30
21 56
84 31
2 4
130 45
19 56
118 25
129 12
109 52
111 49
68 24
22 66
114 10
101 10
18 26
122 27
60 55
1 67
15 43
17 30
118 30
96 17
91 18
89 57
24 23
63 65
60 52
28 16
134 48
130 19
123 27
26 31
23 7
44 6
35 74
63 17
85 59
46 56
80 19
59 48
92 40
133 64
70 50
103 58
60 12
124 57
4 68
88 21
142 64
96 18
98 12
10 71
108 66
118 54
5 56
54 69
101 67
141 61
27 33
102 3
87 59
91 3
6 43
51 11
54 45
29 4
138 75
5 74
37 31
3 38
58 0
137 29
111 36
103 30
44 64
10 27
87 23
13 75
33 39
40 3
30 18
125 20
112 49
44 62
48 35
114 67
114 12
56 14
14 22
85 18
3 38
27 46
123 1
92 39
96 54
96 19
74 50
29 49
111 14
112 58
142 74
105 4
127 2
26 18
100 65
51 27
99 41
75 54
97 1
34 4
52 57
116 48
1 37
70 61
61 0
95 73
118 7
116 18
86 66
70 2
98 23
123 37
38 72
52 26
109 4
118 23
129 51
60 23
29 18
55 62
43 28
114 48
71 1
127 49
87 10
96 47
121 13
137 73
11 29
108 0
14 44
72 62
53 57
93 32
106 67
170 3

25 200
65
2 157
3 153
23 22
16 5
24 95
3 64
13 188
9 83
9 126
18 164
17 65
22 84
7 58
14 72
22 161
4 155
7 188
16 140
4 177
13 50
20 116
23 138
2 169
11 177
8 124
19 150
9 22
24 107
20 47
1 120
14 80
17 153
19 18
6 130
16 12
16 9
20 156
2 142
5 160
22 120
2 104
11 170
11 185
20 3
7 117
0 185
6 199
6 164
21 166
0 87
19 64
11 92
1 119
20 162
9 10
5 124
7 43
12 44
0 0
17 141
19 34
4 48
5 151
20 61
24 5
310 42

135 142
178
7 83
68 77
134 20
86 28
84 0
2 91
26 128
34 66
91 75
38 132
45 76
65 119
82 107
8 40
40 38
115 3
72 48
117 129
76 47
109 26
7 85
9 137
111 48
50 74
112 112
40 45
73 9
28 134
8 135
119 15
82 126
14 112
64 122
99 120
98 95
62 134
101 28
14 141
96 7
13 21
68 61
132 3
2 17
7 98
30 124
71 56
71 38
132 136
104 118
111 86
130 44
37 86
15 72
39 126
7 85
27 123
120 114
101 12
22 9
88 115
66 72
54 59
105 15
44 121
75 121
133 112
96 115
60 79
117 48
15 1
100 130
56 49
96 108
97 49
28 34
102 71
134 91
76 135
107 6
131 40
63 22
103 69
46 106
30 59
4 44
71 46
74 88
53 78
60 42
116 90
86 66
60 141
4 62
83 105
104 21
70 76
34 38
110 7
26 12
66 10
94 99
17 68
51 118
102 8
101 103
80 76
124 68
111 99
42 92
79 44
113 54
42 13
114 125
50 63
25 137
22 17
10 70
132 1
46 116
13 0
119 75
82 128
17 30
67 13
8 1
80 64
37 37
107 109
55 76
118 131
88 26
116 123
112 131
44 22
99 40
56 77
30 105
41 79
129 0
75 55
108 60
94 72
57 50
30 79
73 86
41 5
100 48
38 86
63 31
40 87
89 25
9 35
107 124
94 129
6 100
83 77
62 76
16 93
68 34
66 69
130 55
107 96
17 136
19 9
69 118
97 120
46 19
24 39
9 54
123 58
90 35
81 34
39 140
4 73
119 84
86 79
114 56
103 111
1740 48

44 41
167
30 27
18 38
26 22
27 32
22 35
19 32
20 16
33 22
10 16
8 3
17 22
15 24
12 28
41 26
40 9
2 16
37 15
32 30
11 23
22 26
0 35
13 39
19 16
28 7
4 24
13 21
8 16
4 34
42 20
17 21
31 35
30 26
10 37
9 9
11 25
14 9
23 39
29 17
30 3
34 35
35 18
4 21
3 40
22 1
9 10
6 6
9 8
36 33
32 30
14 29
32 11
33 38
20 34
35 10
22 30
25 17
24 1
18 6
10 38
3 23
41 11
3 13
28 39
25 25
26 18
43 31
22 12
6 14
5 18
14 13
26 38
18 36
1 31
3 40
31 33
37 1
5 37
12 21
22 39
8 11
14 1
38 3
0 37
33 7
6 34
9 5
12 31
29 33
16 7
27 13
28 6
12 16
6 5
37 29
27 1
3 15
22 30
12 14
20 14
9 34
14 35
34 3
16 6
22 13
25 4
7 16
11 13
28 23
28 20
22 11
27 32
14 1
38 5
10 36
38 35
42 33
9 36
21 2
42 22
6 15
2 1
23 6
27 35
28 34
17 6
6 4
24 17
7 20
28 9
30 35
40 25
1 26
13 16
40 0
32 35
40 33
12 8
18 40
9 11
24 3
9 4
24 12
3 33
12 13
35 25
39 5
37 38
37 15
6 9
28 35
13 40
23 10
30 37
2 26
30 32
22 0
9 21
33 25
3 2
20 39
36 5
13 37
17 23
31 18
7 0
6 2
39 11
1354 76

171 66
158
134 45
1 10
145 45
163 51
18 20
68 49
134 55
45 64
87 30
17 45
34 8
142 61
129 61
47 30
72 48
99 15
8 1
87 27
117 40
120 47
159 24
162 32
37 4
73 26
74 19
80 21
8 47
159 44
90 59
99 10
83 26
107 30
25 5
55 56
102 1
120 40
132 25
149 50
121 13
142 20
158 17
43 16
12 3
40 44
50 35
43 26
167 23
28 42
42 6
97 47
117 55
42 33
18 62
26 8
108 6
83 56
27 10
65 35
129 18
131 65
95 13
120 52
52 4
15 22
70 8
23 13
112 42
28 63
148 37
79 7
130 38
112 3
129 52
139 23
63 46
24 16
129 1
132 17
4 36
140 46
123 9
90 63
35 33
1 31
78 49
36 8
56 38
58 65
51 24
151 15
105 34
12 30
106 63
122 56
65 36
141 22
7 13
29 25
86 16
2 16
39 9
105 27
90 45
160 62
85 33
30 27
16 32
159 41
165 11
8 19
82 41
1 22
11 61
147 49
124 41
9 17
93 20
49 9
87 22
92 35
157 59
32 54
25 63
6 44
95 27
4 16
56 30
95 9
2 23
25 61
148 4
20 0
45 44
168 41
55 6
114 15
112 11
28 17
27 9
103 20
18 2
151 61
75 49
166 40
161 51
132 30
104 17
51 26
127 10
31 2
14 4
4 53
46 19
98 17
164 25
5 38
90 44
110 64
165 73

75 79
114
58 70
29 49
17 49
23 1
44 13
15 43
53 23
57 64
19 10
13 10
27 63
44 0
45 27
8 17
54 32
65 28
46 42
8 19
53 74
39 2
22 2
19 48
11 70
40 48
9 58
25 45
49 13
12 76
38 9
2 46
12 30
51 1
51 0
56 54
22 60
27 48
61 77
45 66
48 78
11 23
68 32
24 35
48 25
14 7
54 17
26 63
54 47
1 0
8 46
65 0
69 33
57 16
68 32
39 20
9 35
74 37
17 68
6 35
57 5
71 65
49 31
56 47
21 14
10 51
34 41
27 55
2 55
11 37
31 23
4 42
51 68
28 50
34 50
40 57
30 34
6 52
50 48
30 51
28 28
71 1
47 28
53 12
67 8
67 35
18 77
67 74
54 42
48 29
67 9
64 78
8 17
3 76
13 54
0 13
9 15
74 51
15 20
14 75
8 5
50 21
70 41
9 21
69 14
20 14
67 16
23 4
41 39
45 47
21 50
44 57
34 20
66 42
32 28
22 46
84 111

3 146
106
0 70
0 51
2 91
0 44
0 24
2 130
2 52
0 70
1 5
0 15
1 89
2 112
1 13
0 75
0 15
1 12
0 5
1 52
1 0
1 131
2 138
0 4
0 61
2 24
1 64
1 77
1 3
2 21
2 19
1 49
1 45
1 33
1 36
0 89
2 130
0 7
2 92
0 143
1 36
2 66
1 76
1 42
2 17
0 141
2 17
2 92
1 111
1 142
2 46
0 124
1 108
2 111
0 115
0 39
0 67
2 19
1 73
2 95
2 48
1 66
0 130
1 3
1 143
0 21
0 75
0 111
0 145
0 34
0 104
0 42
0 32
2 131
2 2
0 1
1 71
0 120
2 80
1 15
2 87
1 19
1 22
0 3
1 129
1 138
2 115
0 30
1 138
1 128
0 73
2 20
0 98
1 1
2 89
0 66
2 72
1 135
0 48
1 117
2 22
0 110
2 36
2 109
1 35
0 101
0 46
0 79
1446 122

76 101
56
11 99
31 17
39 82
7 24
72 23
26 77
49 74
10 75
11 67
70 46
67 49
52 80
34 85
32 35
70 36
55 62
35 88
48 73
44 78
2 75
7 98
41 84
16 71
47 7
71 12
29 62
10 72
35 87
66 7
60 70
52 71
73 20
24 94
23 1
67 97
46 41
23 91
33 78
32 11
52 44
9 42
7 42
72 97
34 37
39 11
7 16
19 6
16 5
41 21
33 95
34 68
23 87
32 57
42 63
18 15
36 9
611 121

139 117
84
26 86
28 91
44 115
36 89
104 88
105 33
83 113
117 95
126 50
33 13
25 66
132 17
85 12
58 36
116 24
58 107
95 93
47 32
83 95
126 63
126 89
2 11
83 61
128 77
136 116
10 111
87 111
76 109
0 79
92 89
42 44
3 115
43 18
60 49
102 16
97 72
119 64
19 111
78 80
82 87
129 68
47 77
71 3
120 46
66 69
106 92
97 107
109 79
111 15
50 51
107 82
19 73
106 61
133 60
69 116
122 114
108 74
110 79
113 113
24 83
95 38
8 4
30 3
24 21
0 18
119 23
37 55
110 23
46 86
135 93
123 101
62 73
99 109
67 26
9 101
61 92
103 53
48 62
45 57
49 74
14 96
1 114
77 110
123 55
1556 79

83 127
69
17 5
41 105
75 61
51 72
58 6
7 70
80 78
59 119
16 97
5 19
57 123
36 92
56 88
72 43
61 100
14 70
21 43
28 71
7 13
12 33
63 99
20 72
45 26
56 114
9 66
15 3
38 62
16 23
59 83
16 9
29 102
53 11
36 15
4 66
78 65
25 101
12 79
50 23
8 2
0 80
67 107
61 101
19 89
29 20
8 43
12 20
14 88
58 89
76 3
54 74
82 20
17 98
40 110
16 0
56 44
49 69
2 55
21 101
25 76
66 93
25 126
5 5
69 96
3 18
72 42
27 44
20 29
22 6
58 17
355 123

82 159
58
80 127
46 3
48 21
74 134
60 105
76 30
33 49
79 34
18 13
11 18
31 39
45 157
55 21
6 108
20 26
27 46
40 36
80 108
1 72
72 99
77 61
58 129
6 124
73 18
63 83
70 158
15 10
46 47
23 135
70 63
65 153
29 12
70 145
21 49
25 6
77 88
43 115
43 133
67 48
76 123
23 51
60 3
36 19
65 114
28 38
62 129
5 116
3 156
28 45
21 65
33 158
53 24
21 28
70 102
66 123
48 152
1 78
59 14
186 73

169 86
128
126 37
73 74
94 16
154 2
153 28
124 84
64 78
8 54
3 79
93 24
57 79
94 28
121 79
132 49
140 28
94 50
129 73
149 66
86 14
118 0
94 85
26 61
103 43
116 2
76 82
29 2
147 76
96 77
85 44
107 62
132 16
19 60
60 73
86 10
123 15
134 17
92 33
47 80
99 46
130 68
61 76
147 73
10 28
75 32
2 32
48 1
87 13
24 82
142 79
140 34
55 33
85 22
101 6
25 33
34 53
34 59
160 23
143 22
69 40
59 69
161 66
114 13
77 15
59 32
8 48
127 79
55 78
87 5
59 1
64 67
110 40
157 12
117 72
69 43
51 25
157 0
153 77
5 28
62 19
100 56
118 27
2 40
167 80
128 29
146 9
160 47
24 26
142 30
120 38
23 85
17 35
25 45
15 39
110 12
22 70
60 4
32 27
17 43
138 75
133 24
3 61
49 3
149 76
54 67
93 25
83 4
162 37
80 15
134 53
95 8
127 70
111 39
65 24
130 7
136 20
31 14
142 2
131 44
129 49
13 15
89 51
140 52
16 30
67 26
158 73
60 21
33 42
78 74
1757 162

145 32
200
76 10
120 5
138 6
126 17
46 4
57 31
92 12
114 8
91 0
47 28
13 14
97 31
128 22
144 23
77 2
62 22
48 3
65 31
73 25
78 14
80 8
19 12
53 28
96 17
89 8
71 7
137 20
74 30
69 9
58 18
108 7
93 0
12 28
110 2
101 24
96 2
143 1
48 30
37 4
95 31
49 5
126 15
58 11
77 7
102 27
111 24
81 26
61 11
11 19
111 10
32 5
126 2
60 3
53 31
138 14
33 1
133 10
28 23
108 16
101 23
12 28
75 25
118 27
135 11
60 29
27 6
46 21
93 1
107 17
3 31
21 15
144 12
96 20
103 14
27 16
95 13
19 2
81 31
123 3
60 22
80 7
30 7
98 27
57 10
57 3
63 9
19 21
65 16
33 6
139 12
125 10
110 23
23 22
133 27
47 2
81 25
144 17
10 31
30 13
83 9
2 19
8 19
25 4
120 12
114 12
65 11
7 12
132 14
125 30
14 24
15 11
12 12
100 7
29 20
89 26
131 13
136 17
115 9
19 15
36 4
132 15
0 28
107 29
80 26
98 26
46 0
70 28
134 17
144 12
97 0
92 16
47 25
74 11
34 27
131 5
93 27
65 6
62 30
104 9
123 28
67 28
107 0
67 6
117 9
10 26
72 31
124 27
47 31
60 22
134 2
107 21
141 24
24 19
82 21
27 16
9 0
59 31
33 18
1 21
144 14
63 5
44 3
133 25
104 3
55 9
69 12
88 18
50 15
16 19
134 28
130 19
22 13
135 24
87 14
26 12
59 14
70 19
27 21
75 30
127 6
127 16
74 3
118 27
93 29
65 30
136 20
51 5
24 3
101 23
25 18
48 19
96 28
7 3
79 6
121 28
19 25
49 10
117 17
67 26
124 12
1629 41

145 69
170
82 53
105 21
34 64
104 32
102 45
130 5
140 25
95 41
58 23
35 25
105 49
58 62
99 61
73 64
16 11
100 54
54 54
40 43
98 1
77 16
55 4
59 16
46 10
62 39
136 59
70 59
52 53
115 58
89 41
67 62
98 28
43 2
37 47
122 38
53 14
8 65
38 55
130 25
0 67
114 41
119 33
54 6
79 13
0 22
77 32
130 66
50 21
61 41
101 26
15 64
27 32
42 47
0 58
135 65
133 7
20 6
64 22
129 12
10 37
80 53
76 26
137 40
110 64
107 12
45 56
111 10
105 68
47 18
118 26
15 39
78 53
127 39
60 30
50 66
78 11
123 34
129 13
83 24
125 16
116 53
46 26
97 0
31 68
80 15
129 45
139 50
108 17
53 50
0 40
121 3
0 55
121 18
17 32
32 46
92 47
108 6
138 22
40 52
61 6
98 56
141 43
101 50
16 56
140 13
133 56
46 36
57 16
5 18
23 46
38 16
17 52
53 8
75 62
49 68
77 25
35 34
63 53
46 37
107 23
13 8
109 60
142 48
106 1
118 40
56 1
49 40
4 47
140 7
94 30
120 46
19 62
41 11
29 55
104 25
39 29
111 44
71 7
106 7
86 3
75 8
14 44
10 22
54 58
6 42
136 24
68 14
15 25
144 65
143 25
31 23
125 34
85 25
143 6
63 28
125 5
103 39
93 65
143 52
0 44
63 28
74 34
64 68
32 5
130 5
18 47
10 4
106 64
17 52
74 1
68 2
989 12

70 86
116
20 1
25 80
7 2
28 2
4 57
59 85
57 39
8 4
29 25
59 32
27 46
66 11
18 26
29 31
45 9
64 52
17 40
66 80
34 71
5 68
45 74
30 62
31 72
52 64
45 36
12 37
64 45
16 15
23 22
30 32
1 37
64 64
15 19
50 59
8 56
32 53
16 82
57 4
63 73
66 19
59 46
15 72
23 73
16 12
28 20
14 5
26 52
34 23
68 68
8 66
29 72
8 32
30 45
65 58
42 82
47 14
24 78
38 12
41 65
17 41
61 33
42 76
42 50
15 71
41 62
11 50
56 71
63 29
2 21
67 8
5 3
43 78
46 85
4 79
64 27
53 20
48 21
58 49
8 45
43 1
32 83
33 60
32 70
19 25
33 55
18 31
13 48
31 50
27 14
6 42
45 67
63 2
41 20
28 24
47 22
31 1
66 67
30 34
24 44
62 69
32 81
38 34
8 33
53 79
20 21
29 48
17 30
29 12
47 18
62 9
39 46
41 82
64 72
54 63
0 37
17 69
1790 81

150 196
96
64 160
28 171
95 89
82 138
24 176
133 144
141 121
100 11
103 189
8 158
114 87
57 113
119 130
125 2
64 193
51 14
117 30
86 105
0 61
134 141
9 52
9 78
135 22
145 58
148 99
106 27
135 85
141 46
94 78
117 93
120 101
116 121
146 122
9 107
129 32
76 15
130 66
96 149
7 153
88 114
17 181
78 30
44 106
15 80
34 76
61 141
103 122
58 71
35 178
23 4
88 16
5 171
104 22
149 173
11 89
26 125
32 9
56 61
71 165
146 190
36 194
58 2
44 86
139 49
66 187
147 182
103 161
127 35
0 8
35 173
83 190
102 170
125 132
23 28
99 182
131 176
17 27
37 185
114 9
47 114
90 66
97 96
43 42
45 111
62 111
10 50
98 183
109 115
140 87
54 66
98 108
109 121
60 121
13 34
109 150
69 3
12 6

59 50
79
22 45
10 49
34 2
23 4
18 21
31 0
26 5
52 28
51 10
35 8
9 14
18 44
28 5
37 10
17 41
44 47
34 15
36 26
55 15
54 46
57 42
55 29
40 49
44 16
54 49
40 6
6 16
4 37
25 9
12 44
49 45
47 48
27 18
50 41
35 11
14 21
5 10
6 47
25 14
17 7
1 5
55 5
47 41
27 24
1 8
28 45
32 22
36 32
35 38
6 9
38 9
38 18
0 19
7 8
8 45
24 16
2 41
18 21
13 32
3 23
10 1
50 3
56 13
11 35
39 38
43 12
34 26
15 1
43 4
49 6
9 40
16 18
45 5
53 28
21 10
14 42
57 39
30 16
30 34
1169 190


