50

14 14
4
4 13
12 2
8 8
6 2
181 3

7 5
13
0 1
3 2
3 3
4 0
5 2
1 4
2 0
2 3
4 2
1 0
4 1
2 4
5 3
73 3

8 12
3
6 1
1 11
6 0
20 7

5 14
10
4 5
2 1
0 11
4 12
0 5
1 9
2 2
1 10
3 7
4 0
32 14

13 11
8
4 10
12 2
4 9
5 6
7 6
11 1
7 8
0 2
133 20

19 6
9
1 3
16 5
8 2
4 5
6 1
12 5
9 4
2 2
14 3
27 15

19 11
10
7 0
6 7
12 7
6 1
3 1
11 9
0 4
1 7
0 8
10 9
145 3

20 7
8
13 1
8 2
2 2
10 2
13 5
2 1
0 4
5 3
41 8

19 5
9
12 0
6 1
3 1
15 0
6 0
16 0
11 1
7 2
5 3
92 11

15 7
14
5 1
1 3
7 0
13 2
8 2
8 6
4 6
7 6
2 3
14 3
10 0
5 2
12 3
8 4
49 4

18 20
14
14 17
17 6
10 11
13 13
12 0
4 8
5 7
0 18
2 1
9 10
14 0
10 1
5 8
3 5
40 11

5 5
10
3 2
1 3
0 0
3 3
4 4
1 1
0 4
4 2
0 2
4 0
118 11

10 19
5
2 15
2 16
0 11
0 2
3 6
149 19

17 15
17
7 3
9 0
3 12
12 0
13 14
5 12
5 2
6 12
2 1
0 12
2 3
2 12
15 9
0 9
16 14
8 5
6 14
58 8

14 12
4
2 7
8 3
12 1
12 9
83 7

11 6
16
0 1
3 5
0 0
3 3
7 1
9 2
10 0
8 0
5 2
7 4
0 4
10 1
8 4
5 1
10 3
5 3
113 4

10 7
4
1 4
1 1
3 6
7 1
190 14

9 7
11
7 3
1 3
3 0
8 1
3 1
4 4
7 4
2 3
5 0
7 2
4 0
29 14

7 11
16
5 10
5 5
5 8
4 5
2 8
3 10
4 4
1 4
2 1
0 3
1 8
2 5
5 1
1 0
6 5
4 0
47 7

19 19
7
7 3
8 3
14 7
10 12
14 1
6 16
8 15
173 2

14 20
17
12 1
5 5
5 16
1 12
3 0
9 2
7 9
2 8
2 1
2 0
2 3
1 9
5 3
1 6
1 0
3 14
3 5
122 15

10 9
5
7 1
0 0
9 1
1 4
4 0
63 19

7 19
4
6 3
5 4
6 2
0 18
51 16

17 12
6
14 11
16 4
15 7
9 4
1 10
16 7
159 8

18 8
3
16 1
8 7
3 5
178 8

18 15
12
15 12
1 2
11 10
17 8
4 9
12 13
7 6
14 1
6 2
2 13
0 9
12 8
111 9

7 14
14
6 8
4 6
6 6
2 8
3 10
6 10
0 13
5 7
0 11
1 8
0 5
2 12
0 4
1 0
177 11

12 16
18
0 1
5 9
4 1
3 3
3 13
11 8
10 15
2 0
8 8
0 5
4 12
6 15
0 4
3 4
6 13
1 11
5 2
2 4
98 5

8 17
17
3 15
3 2
6 7
1 12
4 8
3 0
3 10
7 6
0 7
2 10
1 8
1 6
3 6
7 8
0 2
6 5
7 9
90 13

18 7
16
8 3
17 6
12 1
4 5
5 6
6 1
10 6
9 3
13 6
2 3
9 4
2 2
15 4
8 6
2 4
13 0
133 6

20 11
4
10 7
1 8
16 2
14 0
110 7

7 9
9
1 2
4 7
1 3
3 2
3 0
3 1
6 0
4 2
0 3
62 20

16 18
4
10 16
14 1
4 14
2 9
75 15

13 10
11
2 6
11 6
9 2
5 6
9 9
11 0
6 2
1 7
0 3
1 1
5 8
190 20

16 15
11
0 0
3 3
5 5
13 4
2 1
11 0
4 13
2 13
3 4
0 2
6 14
6 15

17 17
15
13 12
13 2
5 16
16 4
6 11
1 16
8 10
15 1
16 1
11 1
14 15
3 16
11 15
14 8
3 5
170 17

5 8
6
2 6
3 0
2 3
0 5
3 7
3 5
83 10

11 11
8
2 7
2 6
4 8
9 3
7 10
10 0
4 1
5 3
131 15

8 20
12
5 4
5 16
1 12
5 6
4 4
2 13
1 19
1 9
6 13
7 17
7 2
3 14
26 8

15 17
10
9 13
3 2
6 7
6 11
6 10
5 2
11 3
13 16
4 3
6 15
151 14

20 16
8
3 3
11 5
11 9
18 1
19 10
4 1
12 3
5 3
142 20

12 16
10
4 10
6 9
10 4
7 12
6 0
8 10
10 15
0 11
7 5
9 5
176 6

16 10
18
2 6
13 2
6 7
9 1
8 1
15 3
13 4
3 0
2 5
0 5
4 3
3 6
3 7
14 2
15 5
3 4
12 3
0 3
16 5

13 20
8
5 5
5 11
0 19
7 13
4 14
10 12
0 17
9 18
170 3

5 6
7
0 0
3 1
2 1
1 5
0 4
4 2
4 0
8 11

12 8
8
11 7
4 7
8 2
9 2
11 1
2 2
9 5
10 3
116 19

7 9
9
5 4
6 7
4 5
6 0
0 6
5 1
5 2
2 4
5 3
194 3

17 10
9
5 6
2 8
0 7
1 5
11 1
10 0
13 9
1 0
4 1
15 1

17 7
17
0 1
8 3
2 6
13 2
7 1
4 5
14 4
6 1
11 2
9 2
16 2
6 3
16 0
5 0
2 2
4 3
11 6
122 3

10 20
16
9 13
8 14
6 18
2 19
3 0
7 6
9 9
1 17
2 10
7 4
2 0
3 18
8 8
0 16
1 5
2 17
176 5
