50

16 19
4
5 6
13 7
12 14
7 7
158 11

6 9
15
4 7
4 6
2 2
4 4
5 7
0 6
2 3
1 6
3 6
0 4
2 5
0 8
4 1
0 2
5 3
63 1

15 13
14
2 7
10 8
6 9
7 0
9 1
8 12
8 1
10 7
12 7
5 7
4 3
12 10
11 12
10 2
69 8

6 8
3
1 5
0 5
5 3
25 2

7 17
5
4 13
5 4
1 16
2 10
5 11
139 20

11 17
3
5 13
0 2
9 4
60 18

9 5
6
6 4
1 4
5 0
4 3
3 4
0 2
79 4

14 17
7
12 2
12 7
7 13
2 10
9 11
3 7
0 8
92 9

16 11
17
12 2
4 7
4 1
5 10
6 7
6 8
12 1
3 0
9 2
3 10
8 10
14 6
7 4
8 7
0 8
9 6
13 0
161 6

6 5
3
5 1
3 2
1 1
196 20

14 19
8
2 2
0 7
1 15
6 3
11 1
7 16
8 7
6 13
172 17

9 9
15
8 3
4 8
6 1
6 0
0 7
1 4
6 3
2 0
7 5
2 3
5 3
0 4
7 8
1 1
8 4
118 5

8 14
14
4 9
5 5
2 9
4 8
4 5
5 7
4 0
6 3
1 5
1 1
3 7
4 1
0 2
7 9
177 6

8 20
15
6 19
2 18
6 11
6 6
3 10
2 1
2 10
5 14
7 19
5 15
6 2
3 19
3 4
6 16
7 2
14 17

6 19
17
0 1
5 16
5 6
1 13
1 16
2 8
4 15
4 14
0 7
1 15
0 11
4 12
0 5
3 16
0 3
1 1
3 14
59 3

17 10
20
11 7
16 6
1 3
15 2
4 5
9 8
8 0
14 7
12 6
7 7
7 4
1 5
8 8
1 6
9 6
15 4
3 7
7 8
16 7
9 7
147 13

5 11
10
4 5
2 8
2 1
0 7
2 0
0 6
4 3
0 4
4 1
2 4
179 16

16 15
12
11 7
6 9
14 10
9 14
10 10
10 7
3 10
12 12
7 13
3 6
8 7
4 11
78 7

20 13
20
4 7
16 5
3 12
15 2
16 4
3 0
1 12
9 8
8 0
19 4
14 5
1 4
7 4
18 7
15 8
14 0
7 10
1 7
3 7
7 9
136 4

5 12
6
2 8
3 10
3 9
2 3
0 10
4 11
60 17

6 12
7
5 4
4 5
2 11
1 4
2 0
3 7
1 0
99 5

7 6
3
6 1
3 4
0 3
56 9

19 16
10
4 6
16 4
18 2
15 3
2 8
8 11
1 15
4 3
12 10
14 8
81 19

18 13
14
17 5
5 11
8 11
6 10
16 3
7 5
2 3
10 1
9 4
15 5
10 9
14 8
13 0
9 7
69 5

12 7
18
0 1
7 3
8 2
9 1
3 1
2 1
11 0
6 3
0 5
10 1
3 6
4 2
10 0
1 0
5 0
8 5
1 1
11 6
71 1

20 12
3
9 3
12 6
10 2
61 1

16 20
14
12 2
7 3
12 14
7 12
11 8
15 0
7 4
15 11
5 14
8 18
10 1
8 6
2 14
3 4
69 11

15 6
3
2 0
8 5
13 5
181 19

18 9
3
8 1
9 8
5 6
157 17

5 20
14
3 15
2 6
3 12
4 9
0 0
3 13
3 0
1 13
1 14
0 10
2 12
3 7
4 11
4 0
104 9

5 16
15
0 1
2 7
2 6
4 9
4 6
3 10
3 1
1 15
2 10
0 12
3 14
0 3
4 1
2 4
4 11
156 12

6 16
8
2 9
4 8
5 8
1 14
2 12
4 2
4 11
3 14
135 14

9 11
6
6 4
8 0
7 7
1 8
0 5
0 3
96 1

10 7
12
4 1
1 3
4 5
6 1
7 6
4 0
8 5
1 4
0 6
2 3
9 6
3 5
70 6

12 7
17
3 5
2 6
5 5
8 2
10 4
3 3
4 5
9 1
8 0
1 5
0 5
4 3
5 3
10 0
2 5
4 1
10 2
37 7

18 6
19
1 2
7 3
9 0
10 4
11 2
9 3
15 0
17 1
2 1
15 1
12 5
6 2
0 5
11 1
5 3
8 5
0 2
6 5
3 5
70 15

12 16
12
6 6
7 12
0 14
8 11
7 6
2 11
0 7
1 4
1 7
10 0
0 8
4 0
176 1

15 7
8
7 3
3 3
6 1
4 0
11 3
5 0
4 3
5 3
62 12

17 20
4
15 19
2 5
12 9
7 15
2 14

9 16
13
1 3
0 0
1 12
7 12
5 12
5 7
6 0
3 8
0 6
1 6
7 11
8 15
8 4
65 4

18 5
16
1 2
5 4
11 4
10 4
16 4
6 1
3 1
2 1
11 0
6 3
17 2
6 2
4 3
10 0
0 3
17 4
189 5

15 15
8
5 5
3 0
4 4
14 7
8 0
12 10
14 2
4 11
8 14

11 6
13
1 2
6 4
3 2
1 3
5 5
4 5
4 4
8 5
2 3
5 0
0 4
10 3
7 2
10 7

10 13
9
5 9
7 3
0 0
6 6
4 8
5 7
0 7
4 1
7 9
137 10

7 10
18
5 4
0 0
6 7
1 3
3 0
2 2
3 1
4 4
0 7
6 2
2 4
2 3
4 3
1 7
0 3
0 8
0 2
4 0
81 3

12 14
11
9 0
1 12
2 9
11 5
11 9
9 3
2 12
7 10
7 11
5 2
2 4
180 16

14 7
11
6 4
3 3
7 6
11 3
6 3
11 0
0 6
3 6
0 4
4 2
12 3
97 10

20 5
16
9 0
11 4
15 3
11 2
9 3
15 0
3 1
8 0
11 3
7 4
14 1
17 3
14 0
14 2
4 1
4 0
120 20

13 16
13
11 7
6 7
3 3
5 11
2 8
9 8
2 0
0 11
5 15
8 7
0 4
9 4
12 10
98 20

7 6
12
6 4
5 4
1 3
4 5
1 0
3 1
1 4
1 5
1 1
0 3
2 4
6 5
53 10
