50

8 8
17
2 7
4 7
7 1
4 5
5 7
3 1
7 7
6 3
2 5
2 4
7 5
3 6
0 4
0 3
1 1
7 2
1 7
55 2

15 8
17
7 3
0 0
2 6
5 5
13 3
4 5
6 6
12 0
2 1
14 6
1 5
3 6
14 3
9 5
0 3
0 2
13 0
182 7

11 14
11
10 8
2 6
5 10
3 13
8 1
5 6
5 11
5 7
1 5
1 11
10 9
114 6

10 12
5
6 3
0 11
0 5
1 4
0 4
126 16

19 9
5
7 4
15 3
15 0
15 7
10 8
161 9

19 18
6
5 10
3 1
16 2
2 13
10 1
17 16
146 4

6 15
4
5 12
0 8
0 5
5 7
53 20

7 16
9
4 7
2 11
0 7
0 6
1 8
4 12
6 13
3 6
4 0
87 7

5 9
15
2 7
3 2
3 3
2 8
4 4
2 1
3 8
1 8
0 5
4 3
0 4
3 7
2 5
4 1
4 0
167 1

17 6
11
8 2
9 1
13 4
16 2
1 4
6 0
0 5
0 4
5 1
8 5
10 2
63 17

13 6
12
5 4
10 5
11 4
10 4
11 5
1 0
1 4
4 3
10 0
0 3
5 2
12 3
70 3

12 18
7
9 15
10 13
4 17
0 11
9 16
2 15
4 0
132 2

7 12
5
2 5
5 7
4 4
2 6
4 8
193 4

5 10
10
4 1
0 0
2 8
1 5
1 9
4 3
0 4
3 7
3 4
0 2
13 9

13 5
11
0 1
1 2
7 0
12 1
8 2
3 0
6 0
11 3
5 0
10 1
10 2
55 5

13 6
4
11 1
5 2
2 4
2 2
157 4

18 16
13
4 10
10 5
17 6
9 2
14 4
16 3
12 7
15 1
17 2
2 10
5 15
6 2
9 12
151 13

11 5
10
0 1
6 4
9 0
0 0
10 4
8 1
6 1
4 4
5 0
10 1
107 10

10 5
5
7 4
8 3
5 2
2 4
8 4
161 19

17 12
20
12 2
10 11
5 5
10 4
11 5
15 2
2 8
5 11
3 10
9 1
12 1
16 1
12 5
8 9
10 1
0 4
7 10
14 9
15 5
3 4
5 2

15 18
10
11 16
12 1
3 0
8 1
11 8
13 5
13 6
11 1
9 4
0 2
112 18

15 8
12
0 1
13 1
6 4
11 4
8 2
5 7
7 7
13 6
14 0
2 5
4 1
5 3
181 8

9 16
16
7 3
6 9
4 7
8 2
5 5
0 15
8 1
4 4
4 14
5 13
1 4
1 9
0 9
5 1
2 14
6 14
52 15

11 17
15
8 14
8 3
3 3
5 5
7 15
8 1
3 10
2 10
7 4
4 13
5 15
2 12
7 11
8 15
9 7
87 2

5 6
10
3 3
3 0
4 5
3 1
2 1
2 0
0 4
0 3
3 4
4 0
30 20

17 9
13
5 4
10 5
6 8
16 4
10 7
15 3
14 7
1 4
15 6
7 5
9 4
15 4
9 5
11 17

18 14
4
4 12
15 5
1 1
6 5
85 14

11 13
9
8 2
1 12
7 6
1 8
8 8
1 10
2 4
9 12
9 7
143 18

16 8
11
0 1
0 0
10 7
14 4
9 2
5 7
9 3
0 7
11 1
9 6
1 1
66 20

17 11
10
9 0
0 0
16 4
12 0
8 1
2 1
15 10
2 10
6 2
5 2
122 15

19 15
8
15 13
13 14
4 4
9 11
7 5
14 2
11 12
12 3
42 4

7 17
7
6 8
2 8
3 10
0 6
0 5
4 3
5 1
129 9

13 5
18
0 1
9 1
3 3
2 2
11 2
6 0
1 4
2 1
11 0
2 4
2 3
4 3
0 4
0 3
4 1
1 1
12 3
10 2
88 18

12 13
19
0 1
0 0
10 4
8 1
2 8
11 2
3 0
7 9
7 7
3 11
2 0
1 8
9 11
8 8
9 4
0 9
1 0
11 6
4 0
37 5

5 14
7
3 2
3 3
4 12
2 12
0 4
2 5
0 2
130 11

12 15
17
11 7
9 0
1 3
5 10
7 12
8 1
5 6
11 9
10 6
3 11
6 2
11 1
8 8
9 4
0 4
5 2
11 13
112 15

6 11
10
4 10
4 6
4 5
2 8
0 5
0 10
3 4
1 0
4 1
5 3
22 19

14 10
4
11 2
1 3
1 6
13 8
26 17

12 14
12
11 7
0 0
1 3
8 2
3 3
5 11
7 6
2 1
8 9
0 3
10 3
4 0
32 6

12 6
9
0 1
6 4
5 5
3 0
6 0
6 3
4 2
10 3
7 2
28 11

7 6
8
6 4
1 3
1 5
2 5
5 0
0 3
4 1
0 2
94 12

20 16
10
7 3
16 5
4 8
12 7
11 3
18 4
19 14
14 13
15 10
15 8
176 11

8 12
16
2 7
1 3
4 9
5 5
2 9
4 8
3 0
6 11
2 1
7 4
0 11
1 8
1 10
4 2
6 5
5 3
150 4

20 10
4
10 5
19 4
12 6
6 5
5 18

11 10
15
10 3
0 0
8 2
4 6
6 6
10 7
3 1
0 7
1 6
0 4
9 4
2 2
0 9
0 8
3 4
195 19

11 8
11
6 7
10 4
9 1
9 2
5 6
4 4
4 0
6 0
10 6
0 3
10 2
40 19

12 5
6
1 2
5 4
3 3
8 0
6 0
5 2
42 4

13 13
18
5 9
5 10
9 2
8 1
7 12
5 7
3 1
3 11
1 4
2 0
3 9
1 6
0 10
0 4
9 5
10 3
4 11
7 2
146 20

16 7
7
8 3
10 4
4 5
3 1
2 1
6 3
10 2
171 9

16 11
16
13 1
3 5
11 4
10 4
5 10
10 10
14 7
2 0
0 5
14 0
13 8
4 3
1 10
0 8
11 6
5 3
43 1
