10

3 3
5
0 1
1 2
0 0
0 2
1 1
3 1

8 6
22
1 1
4 1
2 3
5 2
5 0
5 5
5 3
7 5
6 1
7 0
1 3
7 2
5 1
3 3
3 2
1 0
0 4
3 1
6 0
0 2
5 4
0 3
11 4

52 13
69
9 5
47 12
36 0
46 11
47 6
41 4
3 4
25 5
24 5
3 1
35 1
0 8
49 4
9 9
12 11
32 3
11 6
32 11
38 10
48 3
34 3
33 10
10 7
28 1
28 9
22 6
6 0
15 7
5 4
43 1
6 10
15 10
5 7
2 6
12 12
15 0
40 5
24 9
15 5
15 11
33 4
51 6
9 4
37 7
39 3
14 9
17 2
32 4
17 11
27 0
33 3
15 1
20 11
38 8
11 1
45 6
0 1
44 3
44 4
37 2
42 5
8 4
0 9
11 3
16 10
11 12
33 6
32 2
12 0
17 2

125 24
120
8 14
18 9
116 12
123 11
70 16
73 10
5 4
94 7
50 5
4 3
115 9
28 9
88 1
111 17
84 6
43 4
49 23
42 22
0 5
122 3
57 5
34 4
107 15
45 9
121 5
70 13
43 2
27 23
64 11
112 19
2 17
112 21
56 22
88 2
19 12
10 9
64 23
35 17
114 9
70 10
97 19
10 0
124 2
114 12
84 11
40 7
112 15
0 7
110 16
91 8
17 13
66 1
8 18
39 13
12 3
29 20
66 7
24 17
35 1
23 2
89 13
60 11
45 3
39 4
25 0
74 1
33 22
61 4
92 17
75 20
114 6
77 17
111 22
42 14
77 18
46 19
74 3
109 22
37 23
52 12
1 10
104 4
54 6
47 15
89 0
88 4
116 23
51 4
74 15
11 22
45 17
25 6
16 1
5 16
19 4
86 22
32 2
79 18
107 19
15 1
0 8
107 22
52 20
78 8
87 0
5 12
47 14
7 11
30 19
101 12
6 22
22 5
48 17
107 9
48 7
67 18
51 15
22 17
86 20
93 6
26 3

175 123
147
140 111
99 29
34 76
97 120
79 38
57 71
61 21
150 117
44 85
0 19
157 75
54 46
132 37
12 71
13 33
70 68
147 27
169 103
94 51
131 94
114 48
71 90
115 104
27 17
167 23
159 103
84 104
149 14
53 121
145 27
25 65
132 16
92 82
109 28
91 26
80 82
94 110
101 34
65 102
131 39
40 64
65 86
92 53
102 29
7 31
0 42
51 21
101 71
68 122
60 87
163 12
57 10
31 39
50 32
72 36
78 83
165 98
102 11
162 76
109 114
14 10
18 110
148 37
37 121
91 83
142 24
12 30
146 115
45 10
147 51
130 83
39 64
70 31
55 64
75 121
79 46
86 87
119 81
173 95
120 34
167 69
151 92
108 37
35 45
137 17
1 94
8 100
11 46
117 1
94 59
3 87
112 11
27 7
172 117
166 51
135 84
153 63
42 41
90 54
86 27
134 109
47 7
94 82
149 3
66 105
149 115
127 104
130 11
134 11
15 1
91 3
160 112
67 87
20 46
65 68
72 86
38 25
98 75
167 92
90 10
69 39
6 46
54 66
157 59
23 67
51 110
171 103
108 2
5 29
37 17
112 50
49 15
11 97
127 24
113 67
20 10
42 100
109 107
150 77
70 90
122 76
115 106
50 94
149 48
122 16
48 65
36 88
66 2

138 19
156
26 0
16 11
130 12
98 2
70 16
90 15
15 2
69 8
109 2
62 6
37 2
94 9
71 5
81 5
93 1
61 0
132 8
93 15
46 9
128 4
5 11
60 14
108 8
27 2
43 13
36 16
26 2
50 12
13 1
25 2
111 11
60 1
11 1
38 16
31 5
18 18
34 16
2 6
125 6
86 10
64 7
10 4
76 15
24 7
118 5
128 14
75 11
16 1
81 18
58 18
60 5
57 8
36 12
9 14
23 18
88 15
86 1
136 13
124 3
117 4
10 5
100 8
44 10
1 14
91 14
47 2
135 14
111 2
136 11
28 18
99 7
101 3
61 18
71 16
131 4
108 9
33 5
21 15
30 2
58 1
15 13
97 16
0 9
75 10
89 8
136 4
56 5
15 11
55 14
19 16
117 18
89 2
134 5
55 0
52 7
49 4
70 18
112 8
8 13
130 16
26 18
120 18
131 3
71 18
90 8
49 10
36 17
80 8
5 12
118 3
106 18
107 14
108 15
3 6
0 11
83 2
39 6
88 8
114 5
77 18
80 17
76 17
31 3
19 0
23 16
44 3
37 11
71 1
52 15
91 2
34 17
32 13
57 2
46 13
124 10
16 3
63 0
59 2
103 12
17 6
122 17
28 10
93 13
66 3
104 11
78 2
47 4
45 8
35 6
35 12
90 6
3 13
65 12
86 11
40 7
43 1
54 8

31 169
173
12 142
2 47
17 109
18 55
29 99
29 159
1 11
21 59
7 37
10 100
21 105
27 93
14 143
29 104
17 51
4 127
21 158
7 45
8 90
7 154
9 5
14 8
8 18
4 137
10 72
8 72
9 2
18 149
2 20
6 63
20 44
2 75
12 110
2 59
29 54
6 87
18 122
16 21
26 117
14 136
4 45
9 24
21 144
16 1
25 86
25 22
28 131
1 42
30 24
7 152
26 51
13 99
27 167
1 31
29 105
12 76
21 32
16 137
16 89
2 36
23 23
11 79
4 89
23 58
11 96
16 62
18 97
20 154
1 108
5 91
1 47
29 111
18 61
10 7
7 18
9 152
9 79
3 49
24 116
2 61
29 14
10 42
6 143
22 138
4 18
16 40
12 146
21 87
16 45
5 4
30 141
16 136
9 124
23 27
17 137
14 80
29 60
23 77
17 71
10 117
22 146
25 3
18 165
15 69
27 87
22 134
6 102
8 19
24 111
0 150
18 111
12 160
27 17
20 164
13 98
1 97
16 57
11 106
26 23
2 56
16 60
15 105
27 73
29 138
19 98
5 32
1 106
9 100
17 134
8 75
1 157
29 20
20 73
18 140
0 70
27 14
18 129
15 3
27 24
9 118
28 48
28 99
1 140
13 90
13 45
0 75
4 49
20 37
21 109
4 155
25 92
4 86
7 87
22 16
7 137
24 54
15 77
13 35
30 134
25 81
16 55
14 35
30 126
2 107
4 125
15 104
2 44
30 110
0 90
19 36
2 140
23 36
8 54
9 1

73 37
122
27 31
44 3
48 21
63 2
23 28
43 7
3 2
28 32
3 12
44 2
35 19
11 14
39 16
47 30
12 4
11 8
20 4
44 0
18 12
64 27
10 4
61 9
65 18
59 29
12 17
48 0
67 0
57 1
72 13
27 29
4 21
40 30
62 5
39 14
24 12
20 15
38 34
64 0
17 9
22 9
41 8
46 7
22 24
24 7
17 2
2 16
59 15
34 6
67 13
58 14
35 28
28 1
64 26
16 13
48 18
4 15
40 3
27 11
33 26
70 2
34 32
15 35
15 4
4 3
48 6
35 17
55 11
1 15
54 24
68 31
67 33
41 21
18 25
14 0
10 23
24 23
65 28
71 12
36 25
4 31
40 23
55 35
14 12
59 18
18 31
64 15
15 13
17 20
56 12
18 16
42 29
56 11
50 18
15 1
43 26
27 34
39 3
8 31
19 6
0 19
9 15
1 24
54 14
36 18
65 27
41 34
23 7
69 14
41 4
54 30
6 24
46 32
57 18
47 32
23 2
31 8
9 0
41 9
48 22
1 5
17 32
52 35
2 3

10 2
6
5 1
3 1
1 0
2 1
7 1
1 1
11 5

25 25
200
6 13
24 7
5 11
19 17
18 3
21 18
0 12
24 19
20 20
4 15
21 15
1 9
12 22
5 16
14 7
11 20
23 0
23 4
1 13
8 15
0 11
8 20
4 14
16 6
8 13
5 13
8 2
1 19
16 7
7 21
16 5
4 0
7 2
0 20
1 4
5 3
14 11
17 10
0 5
0 9
20 19
22 17
6 1
13 1
10 1
23 15
15 9
4 7
10 20
22 8
16 8
8 17
21 3
16 18
6 18
21 9
17 23
6 23
14 14
9 0
18 15
11 11
1 15
2 10
17 12
20 12
21 12
15 4
13 21
9 1
23 24
9 19
10 22
16 1
18 12
22 10
18 20
0 13
6 22
19 13
22 9
6 15
15 2
14 3
11 12
11 10
23 2
10 24
1 18
14 8
22 18
6 12
1 11
9 24
15 15
13 9
11 18
23 12
13 5
12 24
0 2
5 7
15 16
24 12
20 4
21 22
17 15
10 21
3 20
24 5
7 10
10 7
24 21
16 14
22 16
3 3
21 24
16 4
9 11
10 19
9 18
20 8
18 22
10 14
7 15
17 6
17 7
16 2
13 17
6 2
16 17
20 11
9 7
2 17
14 6
22 7
6 19
7 0
23 20
7 9
18 8
20 9
18 9
13 6
14 17
16 10
15 18
8 4
12 14
16 19
14 0
14 19
21 0
16 12
24 14
5 2
9 4
10 5
11 23
4 21
3 6
14 24
6 4
7 19
7 3
6 11
23 19
23 6
17 17
23 17
12 9
0 21
5 14
1 23
4 19
20 1
9 6
5 22
24 20
18 10
7 12
22 24
20 15
12 7
4 9
2 16
13 8
0 24
1 1
4 23
3 23
8 23
18 13
14 5
4 22
14 4
4 17
15 21
14 9
22 0
2000 200
