10

10 10
10
6 0
0 9
0 7
9 0
7 4
3 6
2 9
3 9
8 7
9 9
5 1

5 5
3
1 4
1 1
2 2
2 1

50 50
100
1 17
4 29
3 23
3 49
4 16
0 39
3 0
4 5
0 6
1 26
3 19
2 38
3 48
4 42
3 1
1 32
1 7
2 30
0 46
4 15
3 33
2 26
0 19
3 17
4 47
2 3
0 14
2 48
2 28
4 2
1 25
4 0
3 11
3 43
1 8
2 10
2 44
4 48
3 26
2 34
2 25
3 40
2 47
1 42
4 34
4 32
3 46
2 46
0 0
0 48
3 15
1 21
4 24
4 40
0 4
3 3
1 6
3 44
3 13
4 3
0 47
1 14
3 20
4 30
1 30
3 7
0 22
2 24
4 26
3 38
4 44
3 45
1 9
4 7
2 43
0 13
2 37
1 40
1 45
0 23
3 27
0 5
2 0
2 42
3 34
0 35
4 6
3 32
1 11
2 2
4 46
0 12
0 17
4 41
1 22
1 35
1 38
4 14
4 27
0 3
10 5

8 8
9
4 1
2 6
6 6
1 1
3 3
7 3
0 7
2 5
0 4
7 1

25 25
200
22 5
22 2
11 21
14 24
12 21
9 1
23 12
20 14
9 24
2 5
14 20
2 13
13 12
7 5
12 14
17 19
10 8
20 11
4 23
15 8
1 11
19 21
8 12
8 8
14 7
20 12
22 17
21 14
9 13
13 7
4 5
4 7
22 13
21 6
14 1
12 24
16 13
14 22
5 6
20 17
8 2
1 21
21 10
2 11
17 7
20 4
13 13
18 10
16 21
3 2
8 17
3 20
15 16
12 3
12 7
10 17
19 9
6 4
20 5
14 5
12 0
24 10
8 0
1 4
18 11
1 7
8 11
4 4
20 7
4 0
17 21
4 2
0 20
3 7
4 17
11 14
0 0
10 2
23 8
6 7
22 24
14 23
12 9
6 1
20 3
22 19
9 8
10 23
1 23
23 24
9 15
24 22
14 15
3 22
12 20
18 5
6 17
2 4
0 5
7 4
0 11
8 5
1 3
19 7
1 20
4 15
21 9
17 1
5 14
21 13
3 12
7 20
20 8
5 16
15 7
16 12
13 9
9 19
13 8
9 7
23 14
21 18
22 3
3 23
6 19
11 10
12 12
11 17
5 12
3 10
3 15
2 22
0 13
21 2
19 6
9 11
8 22
18 3
20 2
3 16
22 8
13 0
14 9
14 4
10 3
24 0
16 5
10 14
20 24
20 21
13 20
12 16
13 16
16 16
7 17
4 19
24 13
17 11
9 16
19 11
14 6
17 8
6 6
24 14
23 1
13 11
18 2
21 22
8 10
19 1
18 17
20 23
18 12
7 11
13 5
13 21
2 14
17 23
10 10
14 12
8 4
11 4
21 20
14 3
3 13
6 5
16 10
0 17
9 6
1 24
21 17
11 18
5 24
6 11
15 11
16 20
10 9
14 21
20 6
7 19
20 10

20 30
150
6 28
15 10
11 14
3 5
9 20
18 25
1 27
14 0
0 25
10 6
15 9
11 16
13 20
13 4
14 23
14 20
6 4
18 12
16 13
4 11
1 12
3 15
10 4
8 11
8 0
8 15
2 8
5 10
8 25
0 29
8 5
18 0
19 19
17 29
14 24
4 0
19 29
8 8
5 5
17 4
16 23
13 5
17 1
19 13
11 9
9 18
12 11
9 2
13 10
11 23
3 13
19 28
1 15
0 18
13 18
12 18
6 23
9 11
17 0
5 16
0 8
5 27
8 3
5 11
4 23
8 10
10 5
14 15
14 11
11 12
0 27
6 21
0 3
11 10
14 26
3 16
0 1
3 21
19 7
1 20
10 19
4 25
4 22
9 14
19 14
15 23
7 13
2 22
2 14
9 0
14 6
1 0
3 28
7 21
10 17
8 13
16 17
17 10
15 7
10 23
2 18
9 17
13 24
14 25
1 6
12 25
2 24
3 25
12 19
10 12
1 5
2 3
0 6
4 18
1 11
8 29
5 28
18 3
9 1
11 21
19 11
18 16
1 23
3 17
7 29
11 13
10 10
0 23
9 16
5 14
11 25
9 25
16 20
3 8
18 11
9 10
10 7
17 7
2 17
11 5
11 0
12 8
11 1
18 6
3 2
13 16
3 12
10 11
12 9
2 28
20 4

15 35
175
10 16
4 11
0 8
13 18
12 22
9 32
3 18
9 6
13 7
9 16
2 28
7 24
0 28
11 22
10 12
5 34
9 11
11 32
9 3
13 32
10 24
6 13
3 14
11 31
12 15
4 6
8 25
3 19
5 9
3 28
10 6
0 32
9 2
10 27
8 5
5 24
0 25
2 3
12 16
9 26
7 34
6 10
8 9
6 7
10 13
3 34
6 25
6 19
3 15
5 10
8 7
4 22
0 10
6 15
10 20
10 17
8 28
6 8
12 19
2 20
8 26
8 0
7 4
14 17
2 9
8 32
7 8
13 14
1 22
14 19
7 14
13 10
7 5
9 9
8 21
14 24
7 28
12 0
14 21
10 15
2 34
12 28
7 26
0 22
8 6
9 4
8 24
10 10
7 15
0 9
9 15
10 3
0 14
4 18
9 20
2 17
5 30
11 29
13 2
5 7
11 27
14 22
14 10
12 3
10 30
6 22
6 21
2 24
12 29
13 23
9 22
9 31
6 9
1 14
12 32
4 3
3 22
12 9
4 24
0 16
7 17
4 31
1 17
11 1
11 9
0 30
10 34
9 29
14 32
0 29
7 30
7 33
9 7
5 13
1 23
6 29
13 24
11 25
4 29
7 2
11 3
8 15
1 33
14 25
10 18
12 24
2 7
1 20
3 24
5 22
10 2
0 2
14 8
10 31
13 0
13 21
1 8
9 33
4 28
2 19
2 14
12 34
4 16
11 6
14 34
12 27
5 32
11 26
4 4
11 2
13 8
5 20
3 17
1 34
4 33
24 6

30 30
200
21 6
10 23
11 26
8 14
11 7
0 13
28 8
11 25
16 14
6 28
18 22
2 18
11 8
29 15
1 2
28 17
11 13
5 21
4 25
21 27
29 12
17 27
15 28
8 10
17 19
22 2
0 5
1 5
19 0
25 0
8 23
9 13
27 12
25 17
29 23
9 10
7 9
15 11
16 29
28 2
7 5
28 20
12 7
29 2
7 28
16 21
25 26
8 20
3 28
2 4
1 23
8 2
29 0
25 10
17 4
7 12
27 22
3 7
11 21
11 3
11 4
23 10
24 11
18 19
16 23
21 24
15 8
29 6
23 23
10 10
13 16
9 6
18 10
6 10
16 12
21 13
25 5
26 9
14 1
14 26
5 25
14 20
10 18
23 11
3 21
23 18
15 23
25 19
13 18
3 29
7 29
9 16
15 6
10 0
28 6
18 11
6 21
23 9
0 8
3 20
18 6
3 22
2 1
28 11
18 14
6 5
5 2
8 4
28 1
28 19
1 18
22 21
5 18
9 4
5 6
8 3
24 6
17 23
17 6
10 28
16 18
28 3
18 17
1 28
27 2
16 2
23 4
24 9
11 0
29 11
25 4
15 29
8 1
3 2
11 18
14 0
0 11
9 15
19 21
2 29
9 3
2 16
18 4
29 29
19 6
13 11
12 19
18 2
14 19
7 19
28 29
22 11
19 12
28 24
9 21
25 25
2 0
26 26
23 14
5 20
0 21
13 12
1 3
7 3
5 22
12 21
27 17
8 24
8 6
5 0
26 5
3 3
15 7
2 19
28 12
20 23
2 12
4 26
8 8
26 20
12 20
29 22
25 20
18 16
14 16
4 24
4 15
1 1
28 26
19 15
21 1
6 1
16 8
24 5
13 9
4 22
4 2
10 26
2 10
12 8
50 25

2 2
2
1 0
0 1
2 1

40 40
100
11 1
3 25
30 31
20 15
9 4
25 2
18 16
32 23
17 28
27 11
20 37
22 4
23 37
35 36
5 4
4 3
30 25
39 16
37 34
27 17
24 25
10 35
4 20
13 22
19 15
13 26
7 15
24 32
12 1
30 4
36 25
27 12
10 19
20 2
8 14
11 25
14 20
32 21
15 23
34 32
22 31
2 3
33 39
10 38
5 7
2 29
4 39
30 17
24 2
9 26
27 8
0 36
31 35
25 27
6 21
33 36
0 34
25 25
27 28
27 33
19 39
32 37
3 32
23 31
24 9
2 17
6 19
30 37
18 20
31 17
28 24
37 28
25 26
24 16
9 35
25 37
27 10
25 19
18 5
26 32
24 35
4 29
25 22
17 29
22 11
37 39
32 39
35 21
5 36
16 24
14 38
37 15
20 18
36 26
19 9
24 34
0 28
12 16
25 23
15 37
40 8
