10

24 42
94
9 6
9 20
5 20
17 16
22 16
5 3
22 10
15 10
10 37
16 37
10 15
16 33
2 29
7 18
17 15
17 0
7 16
12 2
10 8
9 27
1 29
7 20
12 14
2 3
16 25
6 21
7 33
13 21
18 37
18 41
19 13
4 40
3 9
11 40
0 28
21 2
9 35
16 9
17 41
4 24
0 27
11 3
6 37
21 18
14 31
1 31
13 30
11 9
15 32
16 22
0 35
19 33
2 41
9 36
0 30
17 7
12 13
16 21
18 12
20 7
2 10
3 1
8 0
12 18
9 26
2 34
8 18
12 29
10 35
14 8
22 15
15 18
17 32
1 3
17 12
7 29
20 41
21 8
6 17
4 36
1 1
11 1
21 29
16 10
17 3
13 5
17 20
17 29
22 21
5 26
0 26
19 23
12 4
1 33
100 20

16 19
122
11 1
10 5
13 16
6 8
12 12
6 2
12 3
14 14
15 9
4 5
15 14
12 0
7 1
15 6
3 9
11 12
8 3
10 12
4 16
15 5
11 10
2 10
2 17
2 8
2 1
1 6
11 2
3 17
5 9
12 8
6 4
9 12
14 0
11 7
13 1
11 16
8 2
8 8
11 0
2 4
8 18
6 3
1 17
0 15
15 11
0 4
13 6
14 13
10 11
8 9
13 9
7 10
5 15
2 14
14 4
9 4
8 6
9 13
11 3
3 0
12 16
15 18
13 8
6 15
10 8
12 6
9 7
15 7
4 6
0 11
1 0
11 13
8 0
9 1
1 12
7 17
4 17
14 12
6 9
4 15
10 0
11 18
5 1
8 16
9 0
0 17
6 18
15 17
15 8
3 8
13 0
14 2
0 9
15 16
12 7
7 12
2 18
11 17
1 16
5 7
7 6
6 5
6 14
14 16
6 1
3 11
4 10
7 18
9 8
4 2
11 5
4 3
4 9
3 13
12 14
14 17
7 3
6 11
1 4
1 8
6 16
5 17
45 9

21 51
187
17 42
10 25
2 10
9 7
16 22
7 23
16 30
18 10
6 42
2 34
11 37
17 16
13 18
15 42
4 43
15 8
1 8
2 3
8 39
13 47
0 41
8 32
1 10
18 22
2 5
6 33
19 2
18 40
5 50
15 35
3 1
1 39
11 26
14 9
8 12
11 46
12 25
9 11
18 12
7 15
20 28
14 46
16 47
18 27
4 38
15 22
13 17
19 38
9 41
6 27
13 20
20 36
8 18
19 47
2 26
14 24
9 43
11 22
16 7
6 12
20 5
17 43
3 49
1 4
5 5
13 27
13 38
1 40
15 13
12 1
12 43
14 17
5 28
3 47
19 27
16 42
1 9
12 9
0 17
17 12
2 4
10 10
3 17
8 28
9 19
12 46
5 32
16 34
18 49
19 37
1 16
18 47
16 17
12 42
12 27
19 11
11 1
13 42
17 44
4 22
6 23
14 50
13 12
15 17
13 43
18 4
17 7
2 42
4 26
10 28
10 32
10 40
10 47
4 47
8 15
6 32
18 43
12 17
0 32
13 33
3 13
16 2
10 20
20 49
1 0
20 6
13 15
12 36
0 30
2 37
15 41
10 19
13 30
11 30
11 12
19 25
3 15
7 3
14 2
10 37
9 6
2 41
15 38
7 34
8 24
16 13
19 3
5 38
18 13
20 27
14 7
5 43
3 26
17 46
2 39
4 2
4 34
8 21
7 31
8 38
19 16
10 30
14 45
1 20
2 25
6 17
13 35
18 16
1 30
17 33
0 12
0 6
1 45
0 24
17 39
7 4
7 22
15 28
12 21
11 33
11 11
16 29
3 11
6 22
18 7
1 26
16 4
19 9

75 12
22
62 0
55 8
5 1
59 10
4 11
63 6
50 7
37 0
69 0
61 5
42 2
69 10
72 11
21 8
1 3
18 10
60 10
3 3
12 6
7 9
53 7
61 3
12 3

33 33
198
27 18
6 26
15 0
20 22
29 7
14 32
5 25
16 25
17 10
20 11
7 3
4 5
8 29
17 21
26 24
14 29
15 3
21 24
21 23
17 23
18 27
12 10
11 24
4 20
15 2
22 10
26 1
25 10
0 10
8 17
3 5
7 0
27 5
23 29
1 12
25 4
9 14
11 2
15 14
4 32
25 28
3 23
11 13
30 11
25 8
29 29
25 0
12 13
27 29
20 15
31 20
18 11
9 0
1 18
15 4
11 17
6 14
3 8
1 9
13 17
16 0
25 13
9 1
5 30
23 4
9 7
9 22
19 3
19 17
20 27
26 25
13 27
2 32
23 5
31 11
24 29
12 29
26 5
18 5
29 0
14 18
15 15
29 9
24 7
1 7
14 30
3 2
4 2
29 18
10 26
25 25
30 29
24 4
31 7
17 25
16 26
10 1
10 29
29 1
4 19
13 3
5 32
24 25
18 1
28 12
32 11
17 18
4 21
28 29
4 8
23 12
9 15
19 26
10 10
10 16
0 17
16 3
10 27
26 14
10 12
23 19
2 28
13 31
23 8
31 32
3 22
2 6
14 3
30 28
4 29
25 17
0 27
11 3
22 22
5 13
26 16
29 11
17 0
25 12
4 11
9 17
22 8
26 26
17 24
15 10
12 0
15 27
12 5
22 19
25 30
2 0
22 29
10 11
20 26
28 6
31 28
2 23
12 3
9 16
30 26
30 27
3 26
2 5
21 30
23 1
20 1
8 28
24 5
11 28
15 24
29 27
19 28
26 9
2 20
28 8
30 3
3 20
18 25
7 16
21 4
20 10
29 12
13 22
11 6
32 30
18 9
11 19
13 14
6 28
15 13
30 5
19 2
32 9
21 22
10 17
31 8
22 25
12 27
65 13

14 12
58
9 8
1 11
10 8
1 4
7 4
8 4
13 7
8 11
8 6
6 11
8 1
4 10
5 3
9 7
9 0
0 0
4 1
0 11
6 8
0 5
12 11
8 2
10 0
10 3
10 4
8 3
7 11
5 0
8 9
6 4
2 0
11 11
0 3
10 11
4 0
11 4
5 1
3 9
2 1
13 1
5 9
2 4
5 7
10 5
2 7
7 9
9 4
6 10
6 1
12 6
4 9
1 10
5 5
7 1
3 6
12 0
11 0
0 8
5 2

4 4
8
0 2
3 0
3 2
0 0
0 1
0 3
3 3
2 2
7 3

67 41
143
33 11
14 33
12 22
16 2
52 28
45 31
66 37
61 35
48 21
23 39
36 4
30 30
62 26
25 38
3 35
0 7
52 23
56 37
66 20
47 20
33 31
18 12
4 29
59 21
62 2
8 29
19 33
45 5
18 4
55 30
49 14
31 4
12 25
36 40
23 23
40 4
1 8
15 15
42 12
59 35
10 32
26 38
10 7
2 16
57 29
15 34
63 10
34 26
1 19
25 39
64 21
41 38
53 34
7 23
18 29
52 35
47 3
47 14
28 10
20 1
48 31
26 14
14 3
49 3
18 5
30 28
2 6
32 8
33 40
31 16
32 19
5 1
30 29
58 40
44 2
45 4
4 35
61 18
34 9
15 25
2 14
1 2
64 36
6 9
0 17
59 10
48 37
54 24
61 37
45 38
11 34
29 27
19 38
6 22
28 31
20 20
9 38
32 22
42 14
7 37
26 23
46 22
2 39
44 5
39 10
54 27
39 34
18 33
43 18
12 23
31 31
26 31
42 39
51 15
52 36
47 16
44 7
15 2
59 4
36 16
48 39
43 17
16 9
1 15
10 40
38 28
55 3
32 34
2 36
11 38
38 38
64 1
43 33
55 33
18 6
52 22
55 7
22 1
63 17
65 25
29 25
43 37
49 13
89 26

26 84
130
5 70
10 2
19 52
4 31
21 1
15 46
23 18
17 28
17 73
22 59
13 20
17 40
11 39
18 82
14 74
5 26
5 80
18 65
16 82
21 60
6 50
22 2
3 14
10 81
22 73
3 44
9 16
8 4
6 8
24 51
0 57
19 62
14 16
8 44
7 8
15 43
21 65
20 67
17 1
24 38
3 46
20 17
18 19
3 27
21 81
18 81
24 18
10 77
19 38
21 43
20 36
17 34
9 43
7 4
22 53
18 16
19 53
17 77
3 5
25 61
18 48
0 55
6 26
24 65
13 36
23 19
4 22
6 71
8 48
10 19
12 75
3 72
15 2
12 57
22 77
0 14
24 25
9 28
7 26
1 54
3 48
0 22
17 55
3 32
20 22
20 41
3 28
15 34
23 13
17 56
25 34
19 16
1 19
22 33
2 14
10 68
17 41
23 9
25 4
1 47
8 59
24 49
15 73
20 76
12 21
2 71
22 36
16 39
12 26
20 71
2 27
0 37
21 68
12 71
13 27
9 32
9 47
16 0
22 69
2 45
2 19
3 31
24 42
15 26
14 53
0 13
5 27
8 24
12 32
16 11
35 7

89 98
199
51 46
40 16
25 69
19 53
67 40
62 85
50 59
31 38
24 61
70 93
47 25
56 80
67 28
72 61
9 87
34 52
81 78
16 68
71 83
75 25
56 4
29 96
63 24
61 90
86 92
61 94
1 92
52 37
77 26
9 63
38 93
18 50
3 54
17 75
68 51
44 85
32 97
70 74
78 62
65 56
10 76
59 4
86 82
14 59
24 7
44 83
71 6
44 71
88 14
47 91
11 74
50 5
71 64
47 23
44 17
38 81
25 62
87 35
82 82
72 14
83 87
70 44
10 47
23 81
79 20
49 47
23 67
16 9
58 66
7 75
40 68
3 37
45 45
12 66
6 76
49 2
68 72
63 60
15 9
44 48
34 71
58 56
37 22
40 94
66 70
69 54
14 25
54 27
30 37
11 86
29 70
32 14
35 84
37 46
3 11
83 64
82 55
28 56
56 73
31 25
29 51
63 65
36 16
59 96
13 40
86 50
23 3
34 75
70 79
39 12
36 23
30 87
86 77
17 4
33 67
85 2
64 77
22 49
65 72
61 69
85 55
64 15
82 32
83 9
11 26
60 71
25 87
55 46
4 35
52 16
52 65
48 45
82 27
52 44
67 26
84 34
52 64
3 48
8 25
72 85
18 69
0 91
55 80
75 90
42 77
71 49
77 73
87 79
48 30
53 93
88 93
42 63
58 37
51 40
23 32
34 12
78 14
42 1
50 48
23 35
40 64
6 43
84 77
4 72
16 10
16 22
27 31
60 27
45 13
3 46
16 60
84 35
21 36
66 74
81 83
88 65
42 72
18 87
75 4
78 60
53 46
46 2
63 30
60 88
79 67
55 39
32 0
33 90
60 70
73 35
79 15
30 64
55 76
49 25
83 57
43 29
37 25
8 91
86 40
1509 428
