25

37 8
61
0 5
1 0
23 3
9 1
30 4
35 2
7 0
7 6
4 4
31 5
35 2
1 4
1 6
19 5
24 1
28 6
30 3
29 1
22 7
7 0
3 7
5 2
6 6
9 5
25 3
29 6
28 0
33 4
14 6
11 3
35 1
27 0
25 2
17 7
32 6
20 2
10 6
33 7
19 6
22 5
7 1
35 7
34 6
27 2
16 6
26 0
26 7
20 1
29 5
5 1
10 7
7 6
25 4
26 2
27 2
4 5
28 4
23 7
15 6
14 5
14 0
22 3

46 17
19
31 8
6 9
26 2
8 1
21 8
13 5
18 5
25 5
27 9
31 10
40 0
41 9
13 9
23 7
7 13
12 16
31 11
12 11
24 0
24 2

7 30
72
3 3
2 4
2 29
0 24
6 15
4 21
2 8
6 10
0 4
1 11
0 2
2 23
2 26
5 28
4 2
3 18
2 16
5 2
3 5
6 1
2 4
2 25
0 22
3 1
3 0
3 21
5 7
3 28
5 22
3 13
1 8
3 7
6 28
0 17
6 21
0 9
6 11
3 12
0 26
1 12
5 12
4 3
4 6
6 7
2 23
0 28
0 18
6 9
4 15
5 15
0 16
6 13
1 9
5 6
2 15
6 19
6 14
2 26
6 23
4 25
6 18
6 14
4 5
1 13
6 28
3 17
2 20
6 29
4 16
5 5
5 12
3 21
21 3

46 14
166
0 5
37 9
12 9
39 3
42 8
19 13
17 8
27 8
22 11
14 0
8 6
12 3
33 2
31 13
45 9
15 6
2 4
39 11
24 9
30 2
14 1
15 8
22 9
40 1
36 1
39 5
37 7
25 7
22 8
22 0
38 0
10 6
8 12
33 9
1 10
40 1
26 1
15 11
44 9
1 6
44 11
30 9
19 9
34 13
15 3
40 0
27 13
40 4
24 7
32 2
21 11
35 5
6 13
3 0
34 9
12 0
36 0
16 3
20 7
15 8
4 9
19 3
12 0
44 5
11 9
28 11
5 9
43 12
40 5
42 2
1 0
26 10
14 11
43 2
44 5
3 8
43 1
0 6
3 6
44 7
29 1
33 11
26 6
33 8
25 3
20 7
8 7
25 8
34 1
24 1
1 8
2 1
23 10
14 3
5 4
11 8
12 0
17 8
18 1
0 10
26 3
21 5
21 0
31 11
35 9
22 13
33 4
3 2
13 13
34 7
9 2
12 6
19 4
0 8
38 9
44 5
30 10
19 12
32 3
38 0
11 11
26 0
6 4
30 10
20 1
4 0
24 3
12 5
45 9
4 12
10 7
37 12
7 6
41 12
19 11
26 10
36 8
11 5
5 10
19 3
45 3
8 0
21 4
22 8
26 12
11 11
11 2
6 12
3 4
21 4
21 11
27 8
3 8
43 11
5 13
20 7
27 9
12 0
44 4
25 8
21 4
14 3
33 7
10 2
26 12
43 2
26 4

42 21
339
9 8
27 12
30 11
31 8
28 8
11 8
6 7
10 19
13 16
23 9
29 19
10 18
24 1
22 11
0 1
6 10
32 6
29 6
20 17
32 6
15 7
33 18
7 3
39 13
36 11
31 12
15 17
11 8
40 2
31 19
5 11
29 0
0 5
21 17
21 0
8 6
12 10
26 19
28 0
26 11
3 4
21 14
30 9
37 4
8 9
13 4
36 10
17 5
34 9
15 11
11 10
8 17
16 9
37 1
14 11
19 18
25 10
24 20
25 13
11 20
10 13
6 14
0 2
26 13
1 0
41 7
14 0
8 15
39 7
22 10
25 19
39 4
19 20
17 14
39 15
11 18
10 3
36 20
7 1
10 9
22 2
27 13
26 18
36 6
41 10
29 5
32 3
24 8
5 2
16 9
31 8
34 0
22 16
16 20
13 5
26 1
23 4
1 12
10 0
25 13
30 13
15 3
3 1
2 11
1 3
12 13
28 13
15 13
25 6
21 9
12 19
26 0
24 9
39 3
5 6
38 10
31 20
41 14
33 9
7 3
30 1
7 14
41 15
38 8
8 0
6 17
38 0
22 6
22 16
24 1
5 17
18 3
17 11
18 6
19 4
0 6
36 8
38 12
19 0
27 11
10 2
37 15
23 10
25 13
17 6
27 20
15 4
1 0
7 3
21 5
12 2
17 12
27 0
8 17
8 15
34 0
3 12
23 4
12 11
18 9
11 0
20 10
26 8
11 9
4 14
28 5
25 8
1 7
13 17
27 9
32 11
31 11
30 9
6 4
28 14
9 4
36 13
10 15
15 9
5 19
5 4
13 12
19 16
18 10
35 1
9 11
23 10
17 20
4 12
9 1
40 5
32 15
12 11
22 18
16 13
37 13
35 10
5 18
13 1
2 9
29 4
24 17
35 11
24 6
23 4
9 13
5 6
15 15
9 6
18 4
0 9
21 8
10 19
27 19
10 15
29 4
11 6
6 4
0 7
19 5
30 9
10 13
21 4
8 0
22 13
39 0
5 7
28 3
26 9
32 20
8 11
3 5
19 4
14 11
26 9
9 12
17 6
41 8
38 16
15 13
9 15
30 18
30 19
3 17
28 1
7 8
36 12
17 1
30 3
10 2
7 1
10 8
27 16
5 2
21 0
27 12
34 18
26 13
7 11
9 18
16 16
31 20
39 17
17 16
26 8
2 15
11 20
37 20
17 4
32 13
19 0
39 13
10 6
33 20
4 19
30 14
17 2
39 15
27 19
14 11
33 17
31 7
2 7
30 16
34 12
13 14
37 4
15 17
41 9
28 7
10 16
28 7
18 4
1 3
21 10
15 3
25 0
12 15
18 16
36 15
2 4
18 17
30 0
7 9
8 6
6 6
23 0
19 4
11 1
19 2
32 9
1 12
2 5
11 17
35 11
15 16
7 12
20 0
21 11
38 6
2 1
19 3
36 18
17 2
14 8
19 2
10 5
25 5
6 16
35 3
13 18
2 7
9 16
17 10
39 15
3 12
23 5
13 1
9 15
28 4

24 14
142
1 6
8 2
11 2
1 6
4 5
17 7
15 4
22 13
21 5
15 5
10 11
19 7
7 2
1 8
21 4
15 1
5 13
18 7
12 6
4 6
5 4
15 1
0 5
20 8
17 3
5 12
7 7
18 6
15 9
2 9
6 8
20 10
23 3
19 13
9 7
5 9
20 11
6 4
18 10
17 2
8 10
15 2
9 4
16 13
4 3
22 12
18 11
16 9
18 2
18 4
15 5
23 8
10 10
19 7
15 10
11 7
16 2
10 8
6 1
6 8
20 7
18 5
15 13
21 10
0 7
5 2
4 11
10 8
4 7
12 3
13 11
0 9
8 10
5 6
16 2
9 6
2 0
16 3
12 12
15 8
22 10
12 3
18 0
20 4
16 8
23 8
3 8
21 8
8 6
4 3
5 5
23 5
21 1
23 8
14 4
2 11
14 6
11 9
6 10
11 1
20 11
0 6
3 3
16 2
1 2
13 1
17 10
2 7
9 13
3 1
0 11
2 10
11 1
1 10
11 13
10 2
8 11
23 10
20 9
15 7
1 5
3 10
5 12
1 9
3 2
2 3
19 8
1 5
16 8
18 3
23 12
19 12
23 1
13 4
18 9
11 13
16 4
12 12
6 6
6 7
11 6
17 13
25 4

37 24
216
9 7
2 18
3 15
34 2
25 18
7 0
26 11
8 13
13 1
17 17
33 18
22 3
4 2
6 14
13 7
1 6
18 5
12 17
17 9
36 8
31 1
4 11
28 14
17 8
21 15
31 15
11 4
0 14
32 7
32 3
14 20
28 4
19 9
16 3
35 5
1 2
24 17
34 8
5 2
6 11
27 21
17 5
26 6
0 8
11 11
9 20
34 14
28 18
25 10
30 13
10 11
8 19
24 11
26 10
17 16
26 12
8 18
29 6
30 1
19 7
26 4
34 23
1 7
18 15
35 15
2 12
9 12
34 8
15 4
23 18
22 7
29 19
26 22
29 15
0 9
9 21
21 7
2 3
36 9
12 2
29 7
1 7
20 1
11 6
9 6
23 4
15 16
10 10
33 11
23 21
8 16
16 10
3 16
26 16
34 2
32 6
36 15
3 5
26 5
23 6
11 3
34 5
21 19
26 1
6 17
16 3
28 17
33 12
19 19
4 1
30 2
7 17
3 15
33 16
20 22
23 23
9 4
11 14
18 10
10 10
13 12
9 9
2 1
10 19
32 13
26 22
21 18
10 14
23 2
36 19
17 22
19 16
32 14
20 10
27 8
28 4
33 14
9 8
25 4
31 3
5 21
34 0
28 0
22 6
17 4
32 4
13 4
20 11
12 11
15 14
18 2
1 16
18 4
11 23
19 0
33 3
26 10
12 13
27 17
10 21
11 6
35 8
0 3
30 13
26 10
19 4
5 12
4 8
17 13
23 9
25 9
1 5
18 19
2 6
20 14
26 0
7 14
5 0
9 1
3 4
10 9
17 7
5 19
34 1
4 21
16 20
29 21
9 11
36 16
23 9
36 13
11 23
31 15
4 21
27 0
31 13
10 9
30 7
36 12
11 8
16 22
34 17
3 9
32 21
34 1
30 3
3 18
13 17
2 12
28 15
9 3
34 1
2 2
19 4
19 11
8 10
21 4

5 8
10
0 6
1 0
3 6
1 4
3 1
1 0
0 3
3 0
2 2
1 5
14 1

40 25
365
30 11
15 8
9 6
34 7
33 21
12 7
16 3
5 10
33 17
33 7
23 6
8 2
1 23
16 5
15 13
16 8
26 9
7 19
32 6
20 14
9 3
6 4
0 2
37 16
0 23
27 22
20 16
26 19
16 16
15 5
17 8
7 7
25 20
37 12
7 24
23 15
22 4
31 20
29 0
11 24
6 4
18 20
39 24
24 2
18 14
1 19
5 2
23 0
34 7
30 15
19 21
20 8
16 11
39 10
14 13
38 3
35 18
30 20
6 11
30 23
8 5
9 19
7 23
25 1
39 4
30 23
33 12
25 2
7 23
32 20
0 11
36 24
23 10
26 17
21 17
10 17
19 12
25 19
17 17
5 15
7 1
9 1
28 0
27 20
11 5
28 11
11 19
22 3
20 18
18 12
37 23
11 2
13 18
6 3
4 7
18 10
10 11
21 13
37 15
19 4
29 9
5 22
15 6
16 0
3 15
10 8
2 1
19 16
16 18
15 20
34 5
36 0
31 23
23 2
10 14
6 9
23 12
2 11
19 8
27 21
23 22
23 18
6 8
17 10
28 10
18 4
26 12
30 13
8 21
8 22
25 11
3 15
31 23
21 3
5 0
15 3
27 17
0 3
15 1
21 21
29 1
21 3
31 0
39 15
36 5
14 23
39 21
28 7
27 11
18 5
19 0
36 4
4 5
34 3
15 24
15 3
30 22
36 14
10 24
35 6
2 1
0 9
29 3
22 9
35 9
25 19
39 6
12 20
15 4
8 0
21 10
29 4
32 9
27 6
16 4
27 12
38 22
7 7
15 2
27 20
3 22
7 15
8 7
32 17
34 22
3 14
33 10
31 15
25 13
5 17
17 21
15 2
9 17
21 5
35 9
38 16
12 3
17 19
34 22
18 17
37 22
7 3
19 13
23 17
6 16
9 13
14 17
19 22
33 18
22 3
26 2
0 19
4 12
23 24
17 13
28 2
39 6
27 8
36 6
38 5
5 22
17 14
39 23
26 0
20 6
16 21
38 17
7 0
10 14
10 13
14 22
13 12
27 16
15 20
22 21
8 0
10 3
14 18
28 23
1 17
20 22
20 2
25 2
33 0
9 1
34 3
29 13
8 1
7 14
35 8
31 13
29 22
33 20
32 22
8 23
7 15
34 0
9 9
22 4
39 21
12 8
11 3
28 16
25 3
27 19
1 17
36 17
32 19
23 14
30 10
16 10
29 16
20 2
15 19
15 4
16 4
13 3
5 2
25 19
12 9
39 0
17 21
16 22
39 21
10 18
12 24
24 18
0 1
30 24
0 13
9 10
31 19
34 12
21 22
35 3
31 18
19 13
2 23
26 13
19 7
2 22
34 19
24 5
16 19
38 14
14 17
31 22
32 13
6 13
13 9
23 10
6 24
19 5
23 24
29 11
15 0
1 17
24 9
39 7
36 6
3 1
27 0
21 7
32 22
30 7
6 24
5 6
31 9
37 24
4 6
23 9
33 4
25 14
5 1
20 13
5 7
39 5
15 10
0 4
22 14
7 17
20 16
1 12
34 7
18 12
22 16
32 15
7 14
1 17
11 13
38 2
32 10
28 18
19 3
4 21
2 24
35 12
8 4
18 6
14 12
9 23
3 14
29 24
25 6
9 23
18 1

34 25
200
5 11
15 19
15 21
12 23
1 3
0 23
20 1
7 14
24 24
6 14
3 9
16 9
17 7
2 1
17 11
11 13
11 17
18 24
14 21
13 8
30 13
24 21
0 2
11 22
22 15
31 0
16 21
33 6
32 7
33 16
15 9
4 0
15 22
1 12
5 18
32 21
21 23
18 2
31 19
19 17
17 18
31 1
29 23
19 6
12 2
28 22
23 3
16 13
32 0
15 12
13 6
19 4
24 14
27 3
2 16
6 10
2 9
2 14
23 23
12 0
9 22
18 22
9 20
18 12
13 18
28 0
13 20
4 9
13 7
8 13
14 19
28 23
25 20
24 24
11 21
15 24
5 21
20 12
26 1
29 19
15 3
31 22
32 0
13 22
19 6
12 14
12 3
25 23
32 2
3 20
12 15
19 7
0 4
23 5
28 14
17 8
4 1
32 6
22 16
3 11
24 10
20 1
24 14
25 2
20 13
28 10
24 1
22 10
8 9
10 5
20 1
3 6
17 15
1 2
30 5
14 24
17 19
13 11
11 3
14 7
14 16
29 15
14 0
33 8
7 24
12 8
13 1
5 23
10 13
3 16
2 22
18 9
8 8
16 19
26 19
8 24
11 2
25 18
18 14
15 3
12 5
3 6
30 21
17 16
18 22
32 23
10 1
18 8
8 3
18 19
31 5
2 22
29 5
29 7
22 17
27 18
15 15
14 7
23 4
13 16
29 5
30 23
23 8
16 10
2 3
23 5
23 19
33 7
30 2
15 19
23 6
5 1
28 13
26 1
28 18
20 15
21 15
18 4
17 8
3 12
30 15
12 16
4 14
16 19
14 7
3 11
1 2
23 8
23 4
30 12
32 11
10 9
29 24
22 1
30 7
22 2
15 20
7 2
13 14
31 20
24 2

49 24
478
20 1
6 22
23 14
19 12
25 22
35 11
25 9
3 23
35 1
11 3
14 11
30 21
43 8
12 8
40 0
10 2
32 13
30 9
22 15
8 9
1 17
35 16
19 13
48 15
27 6
42 4
26 15
20 11
11 1
11 6
37 3
9 13
33 12
33 18
2 9
18 9
48 17
48 19
43 20
3 6
41 12
38 23
12 5
45 5
36 13
11 9
43 10
33 14
32 11
28 16
21 18
40 21
32 18
41 10
21 18
21 13
14 13
6 4
31 21
6 7
11 20
19 0
38 19
5 4
18 9
11 21
38 20
42 23
5 21
41 16
18 10
4 4
25 15
29 8
17 11
26 12
7 0
37 6
47 17
10 16
3 2
26 13
21 11
41 9
22 14
44 20
22 1
28 9
36 8
45 11
44 3
20 13
15 19
22 20
48 20
44 16
44 4
41 3
39 15
22 11
9 7
19 1
3 8
6 21
32 9
8 13
28 21
1 18
26 1
46 14
5 0
42 9
20 18
45 4
36 17
18 7
18 22
25 2
8 4
33 10
7 10
9 4
31 9
5 16
16 19
29 3
22 14
23 22
19 17
6 1
24 5
20 14
47 8
24 23
19 10
37 17
47 0
2 12
19 11
47 7
23 18
38 4
43 17
37 8
18 21
15 16
28 17
26 17
43 21
20 8
12 7
20 11
47 13
30 17
26 22
48 20
41 8
5 23
22 22
39 20
26 5
23 20
48 20
40 1
28 0
0 17
31 1
48 3
32 11
39 2
39 11
32 12
34 3
38 20
32 3
22 20
24 21
36 8
29 19
24 9
7 9
13 3
40 23
15 3
41 15
11 7
36 8
33 22
27 3
45 2
43 9
33 6
4 16
47 22
46 17
28 8
14 10
28 13
14 4
25 20
13 11
3 11
40 1
14 20
23 23
10 6
3 2
17 0
37 2
34 6
6 9
11 13
34 23
13 0
16 10
40 2
42 1
1 14
31 7
34 10
20 4
7 21
31 15
13 2
48 18
43 6
10 22
36 12
48 6
29 8
25 18
24 6
6 12
16 1
15 11
8 6
25 15
3 21
21 7
21 8
17 11
24 1
42 4
36 3
22 11
38 16
46 2
21 1
18 1
20 5
48 12
41 2
41 18
39 5
36 14
32 17
22 3
10 15
11 0
43 6
34 3
35 22
7 9
16 1
38 21
31 17
9 6
5 16
28 3
12 17
35 9
42 10
2 23
24 22
25 11
14 8
33 14
35 14
16 23
43 1
22 1
48 17
18 19
18 5
43 2
10 16
2 8
12 6
20 15
0 6
44 8
40 15
34 23
21 16
43 23
25 21
30 6
42 9
43 18
22 0
39 14
18 12
38 7
18 4
20 9
12 18
0 7
24 22
25 3
26 19
43 22
0 19
32 22
29 8
10 16
23 5
3 6
19 6
23 6
24 6
27 17
36 15
4 8
39 2
20 7
8 19
11 6
25 3
12 15
28 7
23 15
44 1
5 21
47 20
38 1
32 13
20 0
24 20
0 9
44 18
4 18
40 4
40 12
42 15
44 17
3 3
35 15
48 13
30 19
29 22
5 2
34 1
20 14
13 5
11 3
41 9
13 7
36 17
3 5
10 19
34 10
19 13
34 22
22 6
39 10
0 6
14 12
42 0
18 22
25 9
12 0
35 14
43 13
14 2
40 9
27 23
13 0
33 7
38 11
4 12
12 14
26 16
14 23
7 0
38 5
25 23
2 4
11 21
44 16
23 7
37 11
34 10
26 18
40 6
0 18
3 17
26 14
37 11
13 18
3 12
8 16
0 12
38 22
7 9
43 0
34 3
1 23
24 6
18 10
14 3
12 7
44 9
22 21
21 20
21 0
20 20
29 23
10 20
19 16
8 8
34 0
17 7
34 21
25 9
24 16
40 15
24 3
25 19
8 9
22 17
13 18
10 15
13 21
32 11
18 23
27 9
35 3
43 8
23 23
28 22
22 5
47 16
9 23
3 15
17 18
8 13
27 19
24 23
42 10
43 12
27 13
17 4
41 22
34 5
3 3
3 10
41 9
4 22
9 14
42 5
6 4
20 13
25 14
10 9
4 10
41 11
27 22
38 12
20 14
6 0
43 9
2 4
46 4
24 12
37 11
36 21
13 15
31 10
5 1

33 36
191
16 15
17 5
6 26
17 13
22 35
20 2
12 12
14 17
19 3
31 14
11 33
6 29
9 21
0 30
19 21
27 13
7 33
24 22
27 17
29 18
27 7
17 19
26 24
7 9
2 31
13 25
25 2
13 31
11 20
1 7
5 9
22 21
8 34
13 26
2 10
27 0
1 15
7 22
29 26
1 20
5 16
16 24
10 25
32 12
5 12
20 23
10 21
4 33
15 29
18 28
25 18
27 17
27 27
3 31
12 33
14 32
32 19
11 26
13 29
6 13
23 24
2 19
13 1
9 12
30 32
7 30
14 6
10 20
5 10
23 2
26 4
16 28
21 21
19 1
16 16
15 31
16 26
24 33
6 5
25 5
12 18
24 11
11 8
23 5
23 20
2 34
31 5
15 30
14 12
5 0
20 27
7 14
12 1
7 19
3 14
5 19
19 28
24 9
1 9
5 9
15 17
28 31
4 26
19 5
7 33
31 32
21 10
25 6
12 0
26 17
32 13
27 2
26 35
7 12
31 7
0 31
19 13
4 25
5 31
6 25
9 27
29 20
2 21
12 1
24 23
3 17
8 33
30 26
21 29
20 16
16 12
0 15
5 24
2 5
14 7
19 27
10 5
31 21
24 0
1 0
5 21
22 31
16 13
25 23
31 30
3 18
16 22
22 15
20 5
24 3
26 6
1 11
15 29
5 15
6 0
3 9
0 10
4 6
32 17
2 35
13 25
9 29
16 28
26 11
24 10
8 24
4 22
3 1
21 20
20 14
15 24
14 0
27 29
7 28
25 28
15 6
27 10
20 7
26 0
4 34
14 0
10 31
25 9
3 14
15 5
15 20
32 18
20 5
5 1
7 23
5 17
7 1

22 11
58
4 8
0 7
16 7
17 4
12 6
12 9
18 7
5 4
14 7
16 0
13 1
13 10
7 5
4 8
1 0
9 5
19 0
5 9
10 2
8 2
0 10
1 5
13 7
7 8
14 8
16 1
2 8
1 8
5 2
20 6
19 8
9 7
7 2
9 2
6 5
17 8
19 6
8 10
3 6
4 7
5 3
12 6
17 8
7 9
6 7
2 9
1 2
16 10
11 4
19 2
12 6
6 8
1 3
9 7
2 6
8 0
8 8
5 2
28 1

12 19
79
6 11
6 0
9 0
6 2
1 16
0 4
4 1
7 8
7 16
0 4
6 6
6 18
7 17
5 6
9 4
2 11
2 17
8 10
10 4
1 5
0 0
7 10
2 12
11 18
5 4
3 0
10 4
2 18
6 3
9 14
6 10
9 8
0 9
10 16
3 2
5 12
8 5
2 7
11 16
6 16
8 8
0 8
9 14
9 14
5 15
3 17
0 18
11 12
2 3
8 13
0 0
1 2
5 2
3 14
9 13
7 7
3 3
3 11
4 1
10 3
8 7
10 0
2 9
7 13
7 2
10 2
10 18
2 8
11 11
5 10
11 12
9 15
4 4
5 12
2 16
7 15
8 8
5 5
9 13
19 2

16 7
46
9 2
11 5
15 2
1 4
3 2
4 0
8 5
2 0
10 2
12 4
14 6
2 1
3 4
4 1
5 6
8 0
5 6
2 6
0 3
9 3
5 3
10 3
0 3
15 4
7 2
15 2
12 3
9 2
9 5
3 5
15 6
4 5
0 2
5 6
2 5
7 0
0 2
10 1
2 0
6 6
13 4
11 1
14 0
13 1
5 1
12 6
28 5

27 27
235
15 12
21 9
13 24
20 23
18 2
7 10
1 0
22 18
16 3
16 24
7 18
13 8
14 21
8 24
1 13
1 16
19 1
17 2
18 6
4 8
25 2
19 5
21 12
6 10
6 14
5 24
25 8
20 12
22 14
1 14
12 19
1 8
25 4
15 14
16 7
23 16
11 6
7 6
17 4
13 17
9 12
5 12
20 14
21 26
7 9
14 1
17 14
11 3
3 13
3 5
24 13
23 21
26 23
3 0
19 22
19 3
1 1
2 6
20 11
19 19
17 1
25 12
7 24
23 6
9 4
7 17
25 9
11 17
0 23
14 18
26 3
18 11
12 21
4 12
15 2
8 19
0 4
26 21
3 7
9 12
20 7
18 21
22 22
13 13
21 16
21 12
7 13
24 12
0 18
0 21
22 14
16 1
22 23
0 12
19 15
25 18
10 19
12 15
22 8
17 3
2 14
26 20
18 15
13 2
25 18
17 11
0 20
14 17
1 17
22 2
4 21
7 26
9 4
15 14
22 6
12 26
15 12
11 23
21 12
13 16
10 17
15 3
21 3
16 4
6 12
21 11
4 1
9 25
10 19
22 9
15 18
22 8
23 12
19 2
3 5
9 22
16 26
13 9
13 5
12 6
20 24
15 3
11 7
2 7
16 0
5 22
2 20
4 15
24 17
2 24
16 26
11 16
26 14
18 2
0 20
18 6
15 22
16 4
17 1
17 1
3 17
23 6
0 17
6 2
1 21
23 8
3 18
3 2
22 12
12 25
0 19
18 11
4 24
2 0
14 23
18 15
0 24
11 0
17 7
8 20
6 3
2 12
17 10
17 24
16 5
10 13
6 8
8 11
14 3
17 8
7 16
1 16
18 11
8 19
2 4
18 2
24 21
11 6
6 4
21 26
15 22
20 23
10 2
22 10
10 7
20 24
12 23
15 11
5 2
7 25
22 13
4 24
1 25
25 20
19 15
13 15
7 18
17 0
6 5
23 22
10 1
11 19
15 13
21 24
3 22
12 11
9 8
0 12
17 9
15 5
9 26
10 10
25 15
4 4
14 26
7 1

24 10
105
4 6
9 9
20 7
5 1
6 6
23 0
18 5
1 8
16 3
20 4
12 1
13 4
5 0
4 8
18 8
5 7
6 7
6 4
6 9
21 5
12 7
7 3
1 3
21 7
17 9
20 2
0 7
9 6
18 2
5 4
11 4
14 3
0 7
18 8
8 4
5 9
10 4
14 5
0 3
23 2
6 3
3 8
0 6
5 1
7 5
19 8
13 9
5 8
3 3
5 5
0 7
16 0
9 5
15 5
18 0
2 1
12 8
16 1
6 0
8 7
14 2
6 6
15 7
1 4
12 2
20 6
1 8
12 4
19 7
4 6
9 7
10 7
17 4
14 7
17 0
7 0
6 7
11 4
17 6
19 1
22 7
8 2
15 7
6 8
3 4
0 6
21 8
16 7
3 6
17 6
20 3
17 4
3 7
19 6
10 2
9 7
21 8
16 8
10 2
19 4
5 8
21 7
21 6
21 2
10 4
5 2

9 8
6
4 2
3 6
0 2
0 4
8 2
1 6
27 2

13 18
45
2 14
1 2
4 6
4 6
10 5
3 6
4 2
8 13
2 2
0 2
12 3
1 4
3 5
7 5
6 14
4 3
11 1
10 6
5 11
5 15
0 5
3 13
9 17
11 7
8 8
4 7
0 15
6 9
12 9
11 8
1 14
1 3
8 10
6 10
6 10
2 13
12 8
12 3
7 6
10 17
9 12
3 8
11 7
1 14
2 0
27 2

23 49
414
0 42
21 5
19 42
12 1
1 5
6 45
8 8
0 48
6 22
3 37
16 13
22 27
16 0
14 7
11 38
1 0
18 38
1 30
5 20
16 25
2 23
6 3
8 33
14 14
9 8
15 3
2 40
15 11
4 48
16 46
21 41
4 2
3 33
12 24
13 48
18 44
17 13
2 5
3 19
19 33
18 22
1 39
2 37
8 29
16 25
3 9
19 5
15 9
18 32
12 22
11 44
13 4
5 46
18 6
13 26
0 23
14 0
19 30
18 33
20 25
4 39
6 41
19 16
10 31
22 22
13 27
20 4
12 0
18 48
20 25
20 30
17 41
16 40
11 33
11 48
12 45
5 36
17 25
22 43
18 44
3 0
12 4
19 41
5 45
22 0
7 48
22 44
15 19
12 1
7 46
1 10
13 26
11 40
19 21
3 41
14 23
6 39
7 5
8 28
4 8
17 34
20 29
12 1
9 36
13 22
22 23
12 15
20 22
1 40
12 30
7 13
19 25
19 7
2 46
5 23
1 40
12 11
1 33
16 9
5 10
1 12
11 25
14 48
3 34
18 28
0 12
13 15
2 20
1 41
9 29
3 45
7 10
0 43
15 4
1 16
7 46
4 31
14 13
11 22
0 15
11 44
20 34
15 37
20 5
0 6
22 15
22 18
22 2
20 5
21 24
14 8
2 9
22 17
4 18
12 30
13 3
16 14
18 14
8 36
17 44
11 45
22 32
18 43
10 22
12 37
14 13
22 25
20 17
11 32
12 4
12 11
18 45
16 30
9 4
9 20
10 30
12 48
13 11
21 19
16 41
9 14
21 36
10 13
0 26
9 39
1 18
14 9
12 45
3 27
13 6
15 15
2 30
21 12
14 42
4 2
6 25
17 17
22 9
2 13
4 40
6 41
1 8
19 4
13 25
2 48
5 7
9 0
15 19
12 13
15 25
16 17
14 13
5 44
15 29
8 42
17 13
2 6
18 48
18 31
17 11
9 43
8 29
10 9
5 14
9 17
13 24
17 5
10 23
11 3
12 42
20 17
12 39
18 10
17 15
20 3
1 2
9 18
8 42
10 22
18 25
19 32
22 9
19 41
20 30
11 38
13 7
7 32
17 30
11 39
19 35
11 44
2 31
19 6
7 39
6 42
11 15
13 44
13 47
1 29
7 25
14 29
22 42
14 45
7 39
12 16
13 24
16 15
4 9
19 34
19 26
10 20
2 11
6 38
18 2
20 13
14 19
21 23
6 16
2 2
6 15
5 31
5 47
21 20
18 0
20 41
10 43
15 41
18 41
12 30
12 48
13 43
14 42
9 2
2 14
16 14
13 41
21 24
22 45
9 32
7 39
1 9
11 33
15 13
16 16
9 40
16 46
22 27
20 20
2 25
1 34
4 36
14 7
17 28
17 26
10 19
21 20
17 29
8 12
21 20
7 4
9 0
14 32
15 37
1 4
14 1
10 43
1 1
16 35
2 35
19 11
19 24
10 41
12 1
16 24
17 17
15 0
6 11
21 1
21 4
3 23
10 33
1 32
9 2
9 39
16 15
21 13
2 44
21 33
1 14
7 10
1 26
16 44
0 44
11 25
15 26
16 4
19 35
6 0
12 0
14 2
2 5
10 27
2 33
3 0
20 13
17 28
17 9
22 8
5 23
22 6
5 0
15 28
4 42
5 4
17 34
7 19
19 46
22 5
19 15
9 41
3 19
22 34
5 5
10 37
8 47
16 29
5 43
14 21
22 6
11 27
20 11
16 2
8 11
11 5
11 47
13 48
10 8
4 32
6 40
10 8
17 28
7 4
22 31
13 26
16 22
12 42
8 13
8 24
18 28
17 0
14 22
15 47
18 28
1 28
13 5

11 29
134
8 27
4 19
6 26
5 27
6 18
2 6
9 23
0 20
5 0
7 4
3 15
2 19
1 5
7 4
5 4
0 13
2 21
10 19
6 9
7 26
2 27
7 26
1 27
0 16
3 14
8 4
0 26
10 22
8 5
10 18
5 15
5 0
8 12
3 4
8 10
6 21
6 16
1 12
1 10
7 20
9 22
1 4
9 1
5 6
0 26
5 17
2 28
9 13
9 16
2 21
6 25
2 28
8 27
7 7
10 10
8 0
6 12
6 26
2 10
7 23
2 21
4 15
1 17
0 10
1 9
6 25
1 21
9 11
4 22
5 6
9 26
8 10
7 17
8 12
8 17
6 11
9 17
1 15
0 16
6 10
2 2
4 19
0 5
3 24
5 1
6 22
1 27
7 6
2 18
8 23
8 6
7 6
1 20
3 21
9 13
0 24
10 0
4 12
2 18
10 0
10 20
9 12
10 21
10 12
3 27
4 1
0 13
4 22
6 22
0 9
7 28
0 11
4 0
3 3
5 27
5 28
0 21
6 17
6 1
5 13
7 26
10 20
4 5
0 15
9 3
3 19
7 26
2 4
7 6
8 8
1 15
10 0
10 10
4 5
16 2

23 20
175
9 9
2 12
3 18
14 5
2 7
10 13
9 17
1 17
0 18
2 18
16 15
15 15
18 14
5 13
14 9
4 17
5 15
22 8
13 18
3 16
12 2
9 4
10 11
2 2
17 5
2 16
6 16
8 5
3 11
5 4
16 4
15 0
22 17
17 6
22 19
1 0
11 10
20 13
7 17
10 14
9 15
18 17
14 14
10 1
8 12
12 13
8 15
18 12
12 17
9 9
20 15
2 16
18 16
6 12
3 0
9 5
13 10
11 16
19 0
13 16
13 2
22 6
7 2
7 14
5 8
6 14
4 16
22 8
7 3
3 4
22 1
1 1
20 9
20 0
22 12
8 4
10 14
15 13
10 15
18 4
16 11
8 3
13 3
22 17
20 14
11 5
15 10
18 1
18 10
12 1
16 17
16 12
16 10
12 12
16 15
0 1
1 1
13 17
4 2
17 18
7 4
12 12
20 19
0 7
8 7
15 12
11 8
16 1
12 2
3 17
9 8
22 2
11 17
4 18
10 2
21 9
8 16
5 1
18 18
3 15
9 12
0 12
2 0
16 2
8 2
1 7
12 1
4 12
10 11
1 0
11 15
1 16
18 12
15 17
11 5
22 1
21 4
7 5
17 0
10 15
19 19
20 1
10 0
7 18
16 8
15 4
3 12
0 19
1 16
14 16
5 3
10 13
11 18
5 12
13 7
19 16
14 11
17 7
15 2
3 1
16 17
7 13
10 15
12 10
10 13
11 9
7 8
19 17
0 8
20 19
10 14
13 14
2 10
10 13
5 15
27 1

32 16
125
20 9
10 5
3 9
25 1
18 13
25 6
29 3
5 15
13 3
1 5
25 1
22 0
30 12
15 13
16 11
8 3
15 12
11 13
28 14
29 9
26 1
5 4
5 12
20 0
20 10
25 2
5 4
20 5
19 14
16 11
16 14
1 8
23 8
26 10
13 7
11 8
30 15
0 9
6 4
3 9
3 6
14 9
18 9
7 1
11 2
30 7
6 13
15 15
12 5
7 2
3 12
10 15
16 2
24 5
9 3
0 7
27 1
16 0
4 2
14 1
11 4
10 8
30 13
22 11
10 6
4 11
11 1
29 14
16 8
14 9
5 2
24 10
21 9
24 14
11 12
19 11
12 14
5 1
15 3
10 2
18 4
8 7
1 12
29 12
25 5
3 8
4 7
8 14
12 1
9 3
17 9
29 14
30 12
16 8
0 13
4 3
4 14
19 5
8 7
11 10
19 7
29 10
10 5
29 7
1 11
23 12
3 10
20 2
13 9
22 13
8 10
13 14
8 10
1 15
0 9
7 10
19 15
27 11
26 0
5 15
21 15
6 8
21 15
12 13
5 3
30 4

17 48
46
0 34
15 38
6 20
13 22
4 0
7 3
10 11
9 16
11 29
14 38
9 44
6 9
2 27
10 16
4 13
0 37
0 45
13 39
13 0
0 15
14 47
5 4
2 31
12 13
1 8
10 39
11 27
9 1
9 35
16 39
14 25
6 18
6 22
5 28
8 46
10 47
16 47
4 21
8 26
11 34
6 35
4 36
1 0
1 28
9 26
4 38
20 5

44 13
204
20 3
7 11
19 7
18 11
40 8
14 12
27 8
27 6
29 9
15 8
34 4
12 9
19 9
19 8
35 1
32 8
29 8
32 11
26 4
19 9
13 0
34 0
33 11
40 3
43 6
6 11
42 2
37 12
39 10
30 12
1 12
39 0
17 7
13 11
24 5
43 1
3 5
30 3
10 8
38 3
30 1
40 7
4 12
7 6
36 2
41 11
9 6
19 6
32 7
14 0
25 11
18 4
30 11
12 11
35 11
13 11
1 9
33 6
22 5
13 1
39 0
34 11
31 9
16 10
39 12
36 10
17 12
23 2
29 8
35 8
25 7
2 10
37 9
12 12
38 12
2 5
17 9
20 11
43 1
2 4
25 2
19 11
31 2
12 2
24 0
12 0
15 5
37 6
11 3
23 7
28 7
40 2
1 9
28 6
15 3
27 2
23 4
11 8
11 9
13 12
11 3
32 4
41 4
43 12
12 3
43 9
30 4
23 9
19 8
15 11
32 8
32 12
17 7
30 5
39 1
23 0
28 0
12 9
2 11
24 4
24 5
21 1
0 7
25 2
11 11
20 9
10 2
42 1
5 2
9 6
41 2
11 12
24 1
23 6
14 6
31 1
41 12
39 0
27 5
24 3
40 11
34 3
0 6
24 1
6 3
40 7
39 10
18 0
37 10
39 9
41 8
13 9
3 1
7 12
30 1
24 5
23 7
38 8
13 8
35 4
22 2
38 0
10 1
12 1
16 5
5 1
17 7
34 11
6 9
27 2
39 7
13 8
9 3
35 11
13 11
25 10
3 12
21 6
40 2
19 10
40 9
31 7
9 7
11 7
8 2
27 4
14 0
20 7
36 10
31 8
13 3
38 3
31 4
16 9
19 4
35 5
42 11
7 5
17 1
32 3
7 8
9 1
42 10
38 2
27 2

