150

46 22
19
38 16
10 12
38 7
39 5
37 17
31 3
28 9
8 7
22 8
15 6
8 19
40 6
23 13
14 9
38 21
40 15
33 7
4 15
29 16
9 5

8 38
13
5 28
3 18
6 1
5 15
3 13
1 18
4 33
6 18
0 10
0 12
0 0
6 17
2 3
12 2

30 10
19
8 9
23 4
4 6
20 6
26 1
28 4
9 6
13 7
28 8
12 9
11 3
5 9
18 4
0 7
26 3
6 1
5 4
22 0
9 7
8 4

8 17
5
1 4
3 15
7 2
7 16
6 11
4 1

26 39
19
5 28
1 13
15 24
9 8
17 34
8 2
24 26
12 11
4 33
22 3
13 3
17 16
15 12
23 20
9 22
11 14
14 34
0 14
22 33
14 3

41 38
20
40 22
12 23
14 8
12 26
5 11
38 35
7 25
13 27
1 5
17 14
0 16
34 9
18 5
37 16
2 17
33 26
22 5
24 22
38 3
18 17
15 5

18 17
7
0 11
12 10
14 8
17 5
8 10
13 4
6 8
3 4

12 13
8
2 3
3 8
4 6
2 8
8 9
0 0
10 11
11 2
6 3

39 32
9
18 18
9 5
5 5
6 20
14 19
26 8
14 11
37 5
24 25
15 2

29 5
12
25 0
2 1
23 2
1 2
22 4
27 4
24 4
19 2
23 0
12 4
17 2
14 0
13 1

33 23
16
25 12
22 9
13 17
13 9
29 8
22 19
1 16
13 12
27 13
19 13
13 13
20 12
1 20
22 15
17 15
23 12
11 5

41 21
11
30 7
31 20
36 19
0 17
21 8
31 8
11 0
33 11
37 5
30 6
25 18
15 3

24 37
13
17 13
23 27
1 22
22 27
0 30
2 26
23 30
14 13
1 7
14 24
4 24
17 31
8 20
7 3

27 37
8
4 0
7 2
20 10
7 15
9 28
18 7
14 31
23 21
6 1

19 30
8
4 20
5 25
15 1
15 26
12 25
10 20
14 25
2 29
4 4

15 31
19
1 22
13 25
1 2
13 6
14 26
10 14
10 4
10 10
6 2
13 4
9 25
7 5
0 15
12 28
0 21
4 29
13 0
2 20
3 13
15 3

7 36
8
0 10
3 26
5 31
6 3
4 21
2 18
0 20
0 8
15 5

21 37
10
16 3
7 20
11 16
18 1
14 32
16 30
9 2
8 13
19 21
12 6
15 4

38 29
18
14 17
18 11
14 2
7 24
36 2
9 0
19 18
15 2
25 20
26 8
4 15
0 14
25 5
37 14
5 5
2 24
25 18
18 13
4 2

12 42
6
3 5
11 1
11 0
7 2
3 8
6 1
6 4

21 20
8
20 6
14 5
10 10
10 19
0 13
8 17
11 16
19 16
5 2

15 37
9
13 28
10 28
2 29
11 19
9 7
12 17
6 19
5 26
5 18
11 1

43 30
14
36 29
9 0
0 5
41 27
9 10
9 3
7 21
37 24
35 5
30 2
37 4
12 3
2 15
11 12
11 3

17 49
9
7 43
0 27
1 19
14 1
2 10
2 31
1 15
0 30
1 17
6 3

42 39
16
22 8
33 0
41 5
25 12
11 1
37 33
12 35
6 14
39 25
26 33
34 9
5 22
27 30
40 38
33 12
40 7
4 4

49 13
8
4 10
5 0
42 10
16 6
23 2
19 2
45 11
46 9
7 3

32 42
5
3 39
15 17
7 8
25 29
29 28
13 1

38 17
13
27 11
33 6
30 3
0 15
17 7
10 12
10 10
7 8
36 1
26 3
14 9
23 11
23 0
8 3

48 29
13
47 9
46 14
27 2
38 7
1 26
41 16
40 24
11 13
14 13
9 18
44 24
16 10
14 15
8 4

44 9
6
15 6
21 7
40 8
14 0
28 1
0 4
11 3

12 10
12
9 5
7 7
10 0
6 2
10 3
9 6
0 8
2 3
6 3
0 7
1 9
4 0
3 1

25 38
15
11 26
3 28
18 5
2 27
14 20
7 11
24 16
2 7
6 27
3 5
8 9
21 21
20 15
4 4
10 5
3 1

43 14
7
3 3
42 6
28 11
0 3
28 3
16 2
37 13
13 3

34 47
12
4 31
20 7
32 27
3 30
4 5
16 17
9 8
27 34
8 1
21 36
7 37
2 19
14 1

18 23
18
15 5
2 7
0 11
13 9
9 17
7 2
3 14
17 16
5 15
6 20
13 17
2 19
9 10
16 22
16 4
17 17
12 18
6 8
11 4

22 11
17
15 2
3 3
5 10
16 8
8 5
9 5
21 9
10 3
12 3
7 8
7 0
16 10
2 2
14 5
14 8
10 2
20 1
4 2

43 28
8
14 3
3 26
34 23
20 13
40 10
21 2
30 19
33 10
13 2

6 42
14
0 38
5 19
3 16
2 21
0 26
0 9
4 36
1 39
2 33
4 1
2 31
4 33
2 38
3 41
6 3

33 9
13
0 7
5 2
0 5
8 0
13 2
18 2
9 0
29 1
13 0
2 4
30 5
26 0
21 4
10 1

19 44
18
2 33
11 42
15 12
2 2
5 24
10 4
13 17
2 41
18 16
16 27
12 26
15 32
15 1
13 25
0 10
15 22
17 32
9 31
8 4

48 36
10
45 25
1 16
10 31
17 12
46 9
42 9
12 3
21 1
9 32
16 34
12 5

26 38
7
16 1
22 30
22 7
25 26
16 34
4 21
14 18
4 3

47 6
15
13 3
21 0
7 5
2 3
25 2
33 0
37 0
45 0
44 0
21 5
20 2
17 5
18 5
16 0
41 3
5 3

12 12
9
3 5
7 2
3 0
11 8
3 6
10 4
4 7
10 0
2 9
9 5

9 11
18
1 2
6 4
4 10
7 9
5 1
4 5
8 3
2 1
1 4
3 10
0 10
1 6
3 4
5 0
6 5
5 7
6 9
2 0
8 4

7 7
19
4 3
3 2
0 2
0 3
4 1
0 5
2 3
2 6
2 2
4 6
2 4
3 4
5 0
6 2
3 3
5 3
6 1
4 5
3 0
9 3

44 18
15
20 17
38 13
31 11
43 8
22 3
0 10
0 0
12 13
36 16
19 10
27 11
24 14
24 12
17 14
14 2
12 4

32 42
13
0 11
11 13
31 3
29 14
4 30
19 27
26 31
3 26
14 36
1 5
20 24
3 36
12 5
9 4

49 30
8
19 22
21 0
7 10
39 25
38 21
15 10
25 8
29 11
3 3

12 33
6
2 25
2 15
6 5
6 23
3 17
0 30
11 3

35 13
20
23 4
22 0
34 7
11 0
26 6
10 2
23 1
17 11
11 1
23 2
1 3
0 10
9 12
25 7
12 9
34 12
17 2
17 3
23 12
30 7
6 3

45 11
17
34 0
37 1
12 2
6 3
23 3
33 10
39 0
33 1
7 1
4 1
43 6
31 0
12 5
26 8
29 1
32 7
4 7
3 4

29 46
18
11 29
13 39
3 32
10 6
25 11
22 10
19 45
13 4
2 29
8 29
10 20
24 42
17 11
18 7
25 29
4 2
1 21
3 42
9 2

7 12
13
4 10
2 1
0 3
6 11
0 10
5 7
2 10
2 7
5 2
2 2
4 0
0 5
2 11
7 3

21 26
15
14 16
8 6
10 21
11 9
13 14
0 14
10 11
8 10
13 6
9 5
13 15
2 15
15 10
16 2
17 1
4 3

29 25
16
9 20
6 24
13 3
21 12
2 10
25 15
9 4
5 12
20 6
11 15
25 5
8 7
16 20
23 6
1 18
9 3
12 4

33 6
8
32 0
0 1
4 1
32 5
4 5
22 0
21 0
20 2
8 2

42 43
11
38 21
30 27
1 32
31 22
24 11
29 0
29 28
2 16
34 25
18 29
12 42
5 1

13 18
18
2 5
3 10
6 9
8 2
0 14
3 11
3 3
9 7
10 9
1 15
10 17
0 7
4 0
11 7
9 4
6 12
7 2
2 3
15 2

40 20
9
8 11
16 19
8 0
11 13
19 3
19 13
16 15
5 14
0 15
3 4

35 26
12
28 13
21 12
17 1
10 17
2 5
17 20
16 7
17 4
0 10
1 10
28 18
6 12
8 2

28 22
5
20 3
23 8
25 4
21 8
7 14
3 3

30 24
17
12 11
22 21
12 8
8 2
8 5
24 10
0 23
9 1
25 23
20 19
19 17
11 13
11 4
23 9
19 3
13 20
4 6
4 1

9 18
18
8 14
2 5
1 13
8 0
2 6
2 14
3 17
7 12
5 9
6 10
2 2
5 11
6 16
2 15
0 12
3 7
8 15
5 2
11 5

6 22
11
4 16
0 2
1 18
2 3
5 4
2 9
5 21
4 15
5 19
1 21
1 19
12 3

5 30
20
2 21
0 15
3 8
4 22
3 24
2 7
0 18
4 0
4 24
4 3
0 8
4 1
0 3
3 14
0 6
2 15
0 29
3 3
0 27
4 18
13 3

12 44
5
3 2
9 36
6 0
7 2
7 9
10 4

17 29
16
12 9
2 19
4 19
6 16
10 26
3 1
12 6
4 10
11 27
0 20
2 2
15 23
8 26
2 6
4 6
3 24
10 4

44 42
7
17 11
33 31
33 26
43 15
23 2
6 41
11 31
5 4

41 28
7
23 9
4 18
1 15
6 26
16 13
37 27
2 25
8 4

27 26
8
6 14
19 6
25 6
24 13
15 0
0 3
23 11
13 7
5 4

26 30
11
9 17
3 17
7 12
11 7
4 7
25 3
14 3
18 21
10 26
20 17
6 15
14 2

16 42
8
11 37
12 15
3 28
3 16
15 14
15 25
5 11
2 7
9 2

35 49
19
28 11
25 9
25 34
12 16
11 27
28 32
18 35
7 5
24 18
28 27
27 35
12 39
10 25
6 33
4 32
18 39
17 46
1 34
14 28
13 3

20 13
9
5 1
4 11
3 9
9 6
9 1
14 0
10 8
4 10
18 2
12 2

43 27
10
39 5
21 7
6 2
4 2
17 2
31 11
15 22
3 12
16 14
32 8
13 2

10 47
5
0 45
8 8
9 4
7 16
2 8
5 4

7 30
15
4 26
6 17
0 2
3 5
1 2
6 1
1 0
1 1
1 22
3 2
5 17
3 18
1 10
3 17
5 6
6 4

29 38
13
26 20
3 35
14 17
3 6
0 1
1 29
8 36
13 28
22 18
11 25
10 5
28 9
24 31
11 3

15 24
14
13 21
10 5
12 7
12 15
9 19
8 20
5 13
13 13
10 12
9 6
13 16
8 23
11 14
7 13
12 1

26 41
7
24 33
1 30
17 32
6 23
15 29
23 29
9 0
11 1

29 48
9
11 21
6 15
7 35
6 44
2 10
3 32
22 31
13 19
2 11
15 3

43 29
17
24 20
8 9
5 18
16 28
41 0
24 10
36 6
22 23
6 14
4 10
23 7
8 4
7 9
21 2
14 13
41 15
11 27
6 4

29 22
13
24 4
4 17
22 12
25 8
2 7
18 0
19 11
9 19
2 4
17 8
28 7
27 4
4 18
12 5

14 15
5
8 1
1 13
5 10
13 0
5 3
3 1

21 45
13
18 26
16 16
17 31
7 40
10 30
7 36
13 0
15 2
19 43
7 32
17 3
14 7
16 7
8 4

14 17
7
7 6
0 4
13 11
7 10
6 12
8 10
11 15
9 2

38 37
11
21 20
32 32
34 30
29 16
4 31
10 36
0 7
5 4
36 7
36 6
20 18
10 4

48 35
17
3 28
20 4
19 16
2 3
4 2
23 2
1 1
16 13
3 22
25 1
11 10
8 12
15 0
12 18
1 34
16 12
38 19
8 3

24 39
10
2 37
13 14
5 19
11 19
0 14
9 17
4 9
7 2
21 17
8 9
8 4

29 6
18
18 4
18 0
2 3
3 1
3 2
2 0
22 1
26 0
25 2
14 1
21 4
20 1
4 2
18 5
22 3
2 2
17 4
12 0
5 5

36 49
15
25 19
33 16
22 6
33 48
14 12
21 15
23 23
35 15
31 34
30 31
8 18
28 40
7 32
18 42
24 19
13 5

47 39
12
1 36
4 9
3 35
4 34
12 13
11 10
41 26
15 26
2 25
45 9
26 8
46 7
3 5

26 48
13
24 31
4 1
22 31
14 1
7 38
18 47
17 14
21 42
15 13
21 46
25 44
8 30
25 26
5 5

22 43
5
9 12
20 39
9 42
3 29
14 15
6 1

32 9
7
7 8
18 0
16 2
26 3
29 4
21 6
26 6
6 1

32 33
9
22 6
3 26
2 27
29 14
12 14
8 21
18 23
5 7
31 31
10 4

22 45
20
9 12
5 1
11 37
16 24
15 3
6 31
18 13
13 35
19 29
4 26
21 1
18 16
12 41
4 33
15 26
1 15
8 44
21 30
11 42
7 24
12 5

25 6
5
3 3
23 5
3 1
16 5
17 3
4 4

12 15
10
6 6
3 1
9 0
4 13
11 7
3 2
11 2
1 8
7 0
0 0
6 3

45 25
19
26 4
34 6
44 13
15 18
9 9
32 9
39 4
36 0
21 3
28 5
23 6
14 4
17 10
9 4
8 21
44 21
33 9
11 21
8 16
3 4

23 5
19
21 3
12 2
7 3
19 2
2 3
14 0
8 2
17 4
22 3
18 3
21 1
16 4
11 4
5 2
6 0
13 2
17 2
19 0
5 3
8 2

9 36
5
3 0
6 28
4 30
8 23
0 29
6 3

48 41
6
43 8
2 31
18 20
40 38
32 2
34 12
14 5

7 13
5
4 1
2 2
1 8
6 0
4 2
6 3

10 31
20
2 13
9 17
1 5
0 8
3 24
5 23
3 0
5 26
0 12
5 30
0 6
0 19
4 19
9 28
6 20
2 4
1 24
4 7
8 13
0 25
4 4

7 16
18
4 11
5 12
3 2
3 10
5 7
4 9
6 15
1 11
5 4
1 0
0 5
3 9
1 15
4 13
0 11
3 11
2 8
6 1
13 3

23 10
18
0 3
6 1
5 0
11 6
13 5
14 9
8 3
19 4
15 5
13 3
11 0
20 4
4 5
3 1
0 6
10 2
12 1
1 5
13 4

45 31
12
3 23
35 0
43 19
11 5
29 4
23 3
31 15
43 9
11 14
32 14
24 16
13 24
3 4

44 19
19
5 12
38 2
36 16
14 6
30 0
29 9
14 11
15 0
23 11
28 15
28 11
32 6
19 14
5 3
39 6
22 8
4 17
10 3
18 10
4 3

40 15
11
30 3
7 8
14 6
32 0
1 6
6 5
13 9
9 10
3 9
33 12
27 5
5 1

19 11
18
10 1
17 5
4 2
3 9
10 7
18 4
2 4
9 1
0 1
15 6
6 10
9 10
16 4
1 4
17 1
5 2
8 6
3 5
5 1

7 21
10
1 0
5 20
0 4
3 15
6 4
4 13
0 6
3 13
2 7
2 1
5 2

24 14
11
16 5
1 4
11 3
19 0
21 11
22 12
12 2
21 12
17 3
16 12
11 8
4 4

48 37
12
45 15
0 3
15 25
27 35
44 27
22 14
10 20
34 32
46 27
13 19
34 3
33 31
8 4

26 27
20
0 14
17 6
18 20
18 22
22 26
1 14
12 11
17 15
12 10
2 24
1 11
20 14
17 10
9 14
12 1
13 14
24 11
19 13
18 8
21 25
11 5

35 7
5
12 4
30 1
6 1
8 5
26 1
8 2

8 40
12
1 16
6 32
2 9
0 36
5 33
0 30
5 12
7 37
7 1
3 13
4 8
7 5
8 3

8 31
16
2 6
6 5
5 18
4 17
4 0
3 25
0 8
0 19
2 7
5 13
7 21
7 28
4 6
1 15
4 8
1 11
3 2

46 40
6
19 9
29 6
20 35
33 17
10 7
13 2
8 1

13 20
15
8 8
6 0
5 17
9 14
7 19
8 13
8 2
9 11
9 17
2 0
1 3
1 8
7 8
1 1
3 17
6 4

34 14
18
16 8
24 5
18 6
6 9
31 3
23 1
20 12
13 3
12 4
22 4
21 5
10 6
24 2
10 10
9 13
20 1
24 10
12 13
11 4

7 37
11
2 10
0 14
4 34
5 22
1 23
6 11
4 3
1 33
6 20
3 35
3 32
7 3

27 21
20
20 17
18 1
9 2
8 19
17 15
2 10
13 3
12 15
11 15
25 8
12 16
15 18
16 19
22 16
11 0
12 8
16 13
5 17
17 13
7 13
12 4

15 30
10
1 9
8 21
0 26
10 26
5 24
7 18
6 24
5 23
9 1
5 10
13 4

34 43
11
33 14
10 36
15 10
9 17
21 32
11 36
14 33
20 31
9 39
23 30
6 38
11 1

37 12
20
11 10
27 2
25 4
33 3
0 8
15 8
31 2
7 0
6 1
23 8
7 4
5 7
19 8
3 4
17 2
33 7
10 7
7 3
2 1
14 10
10 1

9 41
18
3 38
5 15
1 9
1 20
2 8
2 16
6 8
0 3
8 8
2 9
2 11
3 26
0 19
7 23
6 36
8 19
6 27
7 33
15 5

24 44
6
13 0
17 40
13 3
18 22
15 7
11 32
7 3

47 19
6
10 7
45 18
3 5
0 7
0 11
11 6
8 5

15 29
9
9 6
11 24
5 15
11 15
7 16
8 28
6 9
6 25
4 7
4 2

17 41
12
4 9
1 40
10 25
3 23
11 13
2 32
9 3
15 28
14 10
1 33
5 24
5 39
15 5

33 33
17
9 22
16 30
11 1
25 25
32 4
24 31
18 17
26 11
32 9
22 9
32 2
10 25
16 19
20 0
0 15
17 10
12 11
12 2

19 8
20
11 4
13 3
1 0
15 6
3 5
17 7
4 1
8 7
12 0
6 1
6 7
8 3
4 3
9 4
9 3
7 0
6 3
17 2
18 1
16 0
3 4

42 10
7
19 6
16 7
20 4
10 4
22 5
28 6
18 2
11 1

41 18
16
3 7
40 12
32 11
26 5
7 7
16 9
1 17
2 10
4 5
11 9
20 6
15 10
33 7
9 9
36 11
5 14
12 1

9 24
6
8 3
2 17
0 18
0 7
8 4
4 18
7 4

45 11
7
18 1
18 8
25 3
37 5
36 0
33 10
4 1
15 4

30 33
7
14 17
8 21
14 2
16 4
25 2
1 23
25 32
10 3

44 33
6
29 3
6 0
10 23
37 27
5 2
29 26
4 4

38 22
11
8 9
1 4
18 18
18 15
0 5
1 18
29 8
31 9
9 20
10 9
22 18
8 2

17 6
11
9 0
11 4
12 0
13 0
11 1
7 1
14 0
6 5
12 4
2 1
12 5
9 3

38 34
12
32 29
13 6
13 2
10 6
1 3
13 5
0 23
1 33
1 26
26 0
37 21
5 12
5 3

18 27
7
0 12
9 20
17 20
7 22
8 4
2 6
10 8
12 1

40 27
17
36 8
25 0
38 14
26 5
16 14
1 9
5 6
4 3
12 16
10 23
14 0
0 8
31 11
30 26
27 1
35 13
19 9
8 5

10 26
13
6 11
5 12
5 4
6 16
7 10
6 8
5 23
8 8
0 6
4 20
2 10
6 19
0 25
8 4

9 24
14
6 9
6 1
5 20
5 2
6 17
1 11
8 4
1 10
5 23
8 21
5 7
1 18
4 20
8 16
7 3

19 30
15
14 26
15 23
18 1
14 3
15 13
16 22
13 7
18 3
1 15
13 23
12 10
14 25
0 23
17 22
0 9
5 2

11 13
6
0 12
1 11
5 9
5 8
7 2
2 2
5 2

10 34
18
5 16
9 21
3 21
8 21
6 33
8 30
5 5
4 22
4 13
5 10
1 27
5 14
8 7
8 23
2 17
1 25
2 24
0 26
8 5

