150

43 29
11
15 13
35 10
39 24
21 11
23 5
11 13
12 10
17 9
28 21
20 13
33 26
9 1

40 10
11
0 7
27 7
11 7
16 7
13 8
23 7
37 4
12 1
18 6
29 4
39 5
5 1

48 44
14
16 26
24 0
46 4
4 5
16 10
4 17
13 19
47 36
6 19
15 7
4 41
32 27
32 19
10 32
3 2

7 13
20
4 4
6 12
1 6
3 12
3 3
1 2
2 0
5 11
0 11
2 10
0 1
3 1
3 2
3 9
3 6
5 1
4 9
1 8
4 1
6 7
9 4

32 6
11
6 5
8 1
0 3
31 1
7 1
13 4
11 0
22 1
6 1
22 2
28 2
5 1

31 26
8
2 13
6 16
19 9
30 11
9 5
16 10
9 25
20 7
4 5

43 9
15
36 7
14 4
34 8
21 8
2 2
13 6
4 7
5 2
39 3
23 1
4 1
6 6
18 5
33 6
4 3
6 5

16 20
12
5 7
2 2
5 4
0 5
15 19
14 13
2 14
1 18
1 3
8 14
8 5
12 17
6 4

24 17
13
20 12
13 15
5 11
9 4
22 7
20 3
14 4
1 3
1 13
20 15
8 6
3 9
2 9
11 1

13 36
12
4 35
2 2
6 30
11 26
4 27
9 32
8 30
2 24
8 6
6 1
1 35
1 33
14 4

12 48
9
6 13
1 30
0 25
7 39
6 4
8 1
5 22
3 14
10 5
4 4

17 37
18
10 32
9 26
15 15
6 3
15 18
3 6
9 24
14 19
1 12
3 2
16 12
2 10
12 16
1 6
0 0
0 20
2 24
1 20
15 1

41 14
20
39 1
33 13
35 3
3 5
35 0
3 9
24 7
15 4
4 11
2 12
32 12
10 13
20 1
22 13
24 9
8 4
2 1
11 12
35 12
29 0
13 3

32 44
10
1 34
26 1
23 42
24 28
26 19
23 28
4 15
1 7
12 35
30 7
15 5

8 40
13
1 39
1 22
4 22
5 11
7 22
1 24
2 33
2 0
2 10
5 9
3 11
7 26
6 7
6 4

34 19
5
7 11
2 15
4 12
11 13
13 12
13 1

34 7
11
24 1
7 5
23 6
3 1
13 3
13 0
15 0
15 6
23 1
22 2
23 4
8 1

19 13
11
3 11
4 9
9 12
16 3
3 1
5 2
2 0
2 6
15 6
13 8
17 0
12 1

19 24
14
2 4
8 12
6 23
2 12
7 10
9 3
2 13
8 4
2 18
16 13
18 8
0 12
11 18
17 21
9 5

8 22
5
3 7
1 15
6 12
3 1
4 12
7 2

14 16
10
7 5
4 5
5 6
6 12
5 14
1 1
7 11
13 11
9 6
11 11
15 3

30 35
7
11 15
13 21
19 34
3 21
13 16
22 9
16 29
5 1

38 27
10
21 6
36 25
4 26
7 5
19 10
1 4
36 8
29 7
16 7
13 14
6 2

16 9
18
4 8
2 8
3 6
6 0
9 5
10 2
1 6
4 7
10 6
13 1
5 6
5 8
5 3
7 6
4 6
9 8
14 1
0 4
9 2

39 11
18
26 0
30 5
17 2
21 10
26 6
4 2
31 4
18 6
28 8
9 4
18 4
1 4
31 5
33 7
24 1
6 4
16 3
0 5
7 4

37 9
17
11 7
23 8
10 3
3 7
25 1
4 3
36 8
33 0
8 0
19 7
0 1
1 2
9 5
8 7
9 1
13 0
29 5
7 1

23 23
20
21 18
5 18
17 14
6 8
18 0
5 1
16 7
2 11
21 9
11 9
16 19
12 9
18 1
7 11
15 3
10 11
17 0
13 19
10 14
15 7
6 2

22 47
6
0 30
17 31
3 7
17 28
9 31
0 10
15 5

48 34
18
35 7
45 28
16 19
1 31
14 26
0 24
47 2
42 18
28 6
19 7
41 8
17 2
27 0
5 33
23 26
14 33
28 0
26 6
13 2

23 11
20
17 1
8 8
20 4
22 2
10 5
11 8
6 5
0 0
1 10
14 0
5 0
1 4
19 5
10 6
5 10
16 0
1 6
14 9
3 8
5 9
5 5

13 23
10
3 8
11 21
8 6
3 15
9 1
1 14
4 14
10 2
5 9
1 7
8 1

22 36
8
10 32
10 29
0 10
11 17
1 19
16 33
16 19
21 29
14 4

23 13
5
0 3
9 5
13 2
9 6
6 4
15 1

26 18
7
22 4
24 11
13 15
10 8
8 9
18 6
4 17
15 3

9 15
11
7 5
3 4
5 5
5 8
4 4
5 0
2 14
4 8
8 8
2 11
5 12
14 5

7 5
11
0 3
6 0
5 4
3 3
1 2
4 0
1 4
1 0
0 1
6 3
3 1
8 5

18 7
18
2 0
4 3
15 4
15 2
14 6
13 0
10 4
0 0
5 3
3 6
15 3
17 3
6 6
8 3
6 1
0 4
5 6
12 5
3 5

19 18
19
2 11
5 0
16 1
18 14
16 5
16 2
18 7
1 6
12 16
5 14
17 0
1 10
4 7
4 12
7 14
6 17
6 12
4 2
18 12
4 4

20 42
9
12 12
17 37
6 26
17 25
16 13
2 15
13 41
0 40
1 21
10 4

24 41
6
1 3
13 40
5 40
4 28
13 11
5 20
7 2

24 39
18
23 0
9 19
9 17
18 12
11 10
16 2
14 33
10 17
16 32
9 13
12 6
17 29
19 20
10 11
3 8
0 0
15 38
8 20
7 3

6 21
10
0 5
3 12
5 7
5 9
1 10
5 11
2 14
5 15
3 6
0 8
6 5

7 47
10
4 1
4 12
6 7
2 9
6 12
5 44
1 0
2 43
6 26
4 18
3 5

11 42
13
4 25
4 12
10 23
8 8
4 22
7 23
9 1
7 2
7 16
5 38
3 0
8 36
9 37
8 2

26 15
13
24 13
5 11
4 7
6 8
1 2
15 12
14 0
19 3
10 2
15 13
12 0
4 13
8 7
7 4

12 31
20
8 12
5 8
11 17
0 1
8 2
3 9
0 4
1 24
1 27
2 30
0 18
10 5
11 2
11 20
11 19
7 30
6 21
6 1
11 21
8 9
12 3

15 36
18
8 29
13 15
0 19
5 19
5 25
7 20
5 6
6 18
10 29
5 21
5 2
3 19
8 0
3 35
7 1
4 19
1 26
4 3
8 4

49 5
19
28 3
35 3
32 4
40 1
47 2
4 4
32 3
43 1
14 0
31 1
38 3
27 4
13 4
41 1
3 4
30 3
25 3
7 1
3 0
7 3

15 20
15
4 5
2 13
3 16
10 9
1 14
10 19
6 11
5 1
12 0
12 18
4 11
11 2
9 3
6 7
1 19
11 3

21 44
14
11 24
18 21
4 29
13 26
18 19
0 8
15 26
18 17
9 34
12 5
6 37
17 15
18 37
5 33
12 4

49 19
9
20 13
36 0
22 9
17 8
46 12
24 4
20 0
24 16
23 2
13 3

39 9
8
4 6
31 8
32 4
22 0
4 4
0 4
6 0
18 4
7 2

42 14
15
38 2
24 2
34 12
18 0
12 1
17 0
20 11
36 1
19 10
37 1
16 4
34 4
23 7
13 7
40 4
3 1

31 9
19
23 6
15 5
5 0
28 5
23 4
18 7
17 3
18 4
10 5
26 4
12 2
0 6
2 1
7 8
2 7
28 2
11 5
29 2
8 8
13 5

16 17
15
1 7
3 1
12 8
6 0
13 8
12 5
7 2
15 4
14 14
3 8
1 9
15 12
7 0
13 4
8 14
4 4

27 11
5
26 10
0 3
3 5
10 7
12 4
12 4

42 5
19
25 0
24 4
34 4
36 1
25 2
23 4
23 1
26 0
24 2
5 3
36 0
31 2
33 2
13 0
3 3
35 4
5 4
1 3
39 1
10 5

49 31
19
4 26
47 29
39 14
17 0
37 7
16 29
25 17
47 6
14 27
48 5
17 24
41 29
30 6
40 25
34 23
0 23
14 29
42 11
1 17
5 1

25 13
19
22 3
16 0
14 2
10 9
9 1
7 2
15 5
20 8
7 9
8 10
23 11
4 8
2 1
23 4
1 8
13 1
2 10
1 12
0 4
6 1

13 33
19
4 28
1 19
6 15
11 30
10 27
10 10
9 11
7 28
2 10
5 27
5 10
8 14
8 22
3 12
9 31
12 24
0 0
9 22
5 12
14 4

37 10
12
15 7
15 9
23 0
2 5
33 6
17 7
28 2
20 2
12 6
18 4
33 4
11 6
11 1

46 36
13
19 34
43 24
17 2
7 9
19 16
19 19
17 31
31 27
35 19
3 35
0 5
31 10
30 32
15 5

47 49
8
16 19
6 37
26 3
1 12
28 18
39 7
39 46
43 7
14 2

45 30
19
0 29
8 0
35 2
16 23
14 21
37 19
2 16
0 8
28 11
40 23
40 9
16 27
9 21
22 19
36 9
26 22
43 18
44 23
9 7
8 4

34 46
17
3 24
31 17
28 20
28 44
4 42
0 5
4 2
19 24
16 44
33 26
20 15
20 11
25 41
9 8
7 27
30 28
12 24
3 4

23 23
5
12 4
1 6
15 2
1 22
11 21
13 2

43 12
18
11 5
37 6
13 7
2 0
12 8
18 3
29 11
6 11
34 9
38 4
2 11
9 10
31 10
29 6
27 7
7 5
2 4
19 9
5 1

20 15
6
17 7
3 12
9 0
16 5
11 8
6 11
10 2

23 12
7
20 10
21 8
10 6
0 2
1 9
17 10
22 6
6 5

34 7
8
15 1
0 5
26 2
0 3
20 4
3 2
11 6
17 1
10 2

36 34
11
35 11
6 27
7 3
19 5
27 2
28 13
28 27
17 14
30 11
33 31
9 0
9 5

28 24
8
6 3
2 0
20 5
10 1
1 12
10 9
12 20
25 8
3 4

29 36
8
25 22
24 14
22 7
15 33
23 26
26 24
11 5
9 30
14 1

22 18
8
10 4
21 6
9 9
13 9
5 6
1 12
20 11
17 2
9 5

5 11
15
0 4
2 1
2 8
1 10
2 0
4 8
3 10
1 9
1 8
3 6
0 0
4 6
3 1
2 5
0 9
12 5

42 27
12
2 3
22 7
23 2
25 22
38 10
1 19
33 14
35 7
8 13
23 13
20 18
41 0
3 3

8 9
12
3 4
6 7
2 0
5 3
7 7
6 4
1 1
5 5
4 8
4 2
3 7
1 8
5 2

8 30
17
6 6
3 3
2 22
2 5
4 16
4 10
1 16
5 24
6 0
3 6
5 9
7 0
0 1
2 15
3 0
6 1
1 6
11 2

46 12
10
29 7
28 4
1 8
9 4
9 8
15 1
3 11
22 10
40 4
13 6
14 5

8 24
7
0 19
0 10
5 19
1 11
2 14
2 19
5 23
15 2

46 48
20
26 19
41 21
25 39
45 8
30 3
2 44
21 8
19 11
13 3
15 43
38 33
33 37
11 21
26 41
7 40
2 47
13 0
44 33
28 20
20 39
12 4

47 36
7
38 0
22 7
39 13
27 5
28 22
12 13
26 33
7 4

48 43
5
15 15
6 37
45 24
30 10
24 42
13 1

48 34
15
18 16
31 16
15 6
25 23
42 23
4 7
6 23
32 11
16 5
39 7
36 17
19 4
32 18
3 21
25 0
12 4

37 5
18
17 1
26 3
10 4
24 1
19 2
13 3
10 3
35 4
13 2
17 3
31 4
30 2
28 2
8 4
16 3
9 1
24 4
4 4
10 5

9 37
16
0 31
8 27
4 28
4 34
5 33
1 28
0 13
4 13
1 2
5 31
3 31
2 21
7 25
0 27
6 12
1 32
12 1

16 37
18
9 29
10 7
5 24
5 13
3 1
13 11
9 18
10 4
10 16
13 14
15 7
1 29
7 4
13 27
6 32
12 30
9 13
8 29
3 1

26 37
11
25 9
16 13
24 14
1 0
14 19
23 18
19 15
1 24
1 36
17 16
8 3
15 5

45 34
17
0 4
29 1
24 31
7 7
39 2
14 31
20 4
15 11
1 24
19 19
12 25
3 17
8 12
7 13
5 23
12 1
41 12
9 5

34 33
8
29 2
12 15
13 4
33 12
29 1
27 13
6 0
4 23
8 2

5 45
14
2 10
3 15
2 24
3 6
3 30
4 19
4 32
1 21
4 42
0 25
2 44
3 13
2 29
0 40
14 1

44 40
20
33 8
30 15
10 9
16 19
5 29
13 37
3 21
37 22
31 10
42 5
16 22
6 22
19 30
8 28
41 3
42 4
33 34
41 5
42 16
4 13
4 3

23 36
17
20 35
22 24
11 34
12 23
8 25
9 20
15 4
6 22
11 33
4 20
14 11
22 22
19 1
13 27
19 34
0 13
6 16
4 3

44 23
17
17 1
14 8
6 22
16 22
35 17
19 0
17 18
30 9
3 13
22 9
16 1
26 0
16 3
32 13
21 4
38 13
21 17
7 1

44 17
9
23 11
28 3
13 13
43 5
0 4
33 11
38 9
12 9
34 6
5 1

9 39
14
0 36
6 8
4 29
7 27
4 36
6 6
5 16
3 2
3 29
8 9
0 0
3 6
8 6
5 12
9 4

10 24
16
1 10
4 11
7 23
7 14
0 4
5 21
2 11
9 14
3 4
0 10
8 11
0 19
8 17
8 14
2 2
7 3
9 5

31 29
5
9 25
23 25
11 1
21 23
29 25
9 3

14 7
15
2 1
7 1
6 0
1 5
5 3
12 3
0 4
3 0
7 2
8 4
3 2
3 4
8 6
12 1
5 5
14 4

28 27
16
12 4
17 25
26 8
15 6
7 20
9 23
13 4
5 20
13 23
8 24
23 23
8 19
21 8
15 17
25 26
0 14
9 5

12 8
5
4 0
1 4
8 6
1 5
3 1
13 4

24 47
11
16 20
1 6
17 11
10 38
18 30
16 15
8 43
18 45
19 22
10 27
20 5
4 1

8 16
13
0 1
1 10
2 3
6 11
1 3
3 12
4 8
0 4
2 12
0 14
1 1
4 1
7 15
4 4

9 11
13
8 5
3 2
7 5
3 9
2 10
7 6
0 2
3 0
5 6
5 7
3 8
8 6
6 9
10 4

18 44
15
8 11
9 42
2 15
15 22
12 11
10 32
3 5
15 31
5 12
17 32
6 1
16 9
13 4
11 27
6 8
8 5

12 16
20
3 10
5 8
1 5
11 6
4 14
11 9
11 0
10 7
11 15
1 8
0 6
4 5
6 15
0 0
4 3
11 5
9 2
9 15
10 5
1 13
4 1

47 22
6
13 18
26 18
13 21
35 11
16 3
30 20
10 2

18 41
18
6 2
4 18
5 8
6 37
12 14
2 22
16 4
12 0
8 39
17 9
8 27
12 30
4 33
15 25
3 21
9 25
13 35
8 37
8 2

35 25
16
19 7
33 8
5 23
2 16
0 12
12 11
19 2
34 18
13 13
9 19
4 3
13 20
2 8
34 1
21 14
0 7
5 5

19 28
18
9 27
5 2
13 2
2 20
2 6
1 4
8 8
5 17
18 25
17 20
4 23
17 14
7 4
10 4
5 26
15 1
16 4
8 21
12 3

27 10
7
14 5
10 2
8 0
0 6
7 3
15 3
23 9
10 5

27 26
18
1 8
11 0
1 6
6 11
12 13
24 5
26 1
19 7
7 15
6 0
7 20
1 18
19 15
6 17
11 20
8 22
19 5
15 11
11 3

24 28
7
10 23
23 22
23 25
14 6
12 15
18 20
4 5
4 4

24 40
14
23 15
19 25
4 34
23 19
13 2
2 10
3 14
7 35
18 31
1 6
16 22
4 5
20 33
12 0
15 4

49 31
18
48 29
8 24
16 25
4 8
17 5
34 30
16 18
35 24
2 9
4 25
41 18
1 28
10 29
6 2
0 20
33 30
24 15
40 10
3 5

10 26
7
3 22
6 18
2 4
5 4
7 21
9 18
1 15
5 2

37 19
8
6 4
20 15
32 8
6 11
36 12
19 4
22 2
11 11
11 2

10 49
7
9 18
2 43
6 22
8 12
5 38
0 5
4 18
8 5

31 49
7
12 40
5 0
10 15
13 24
10 12
19 28
9 14
7 4

27 27
11
17 4
5 9
24 21
5 15
15 19
7 12
11 5
21 8
22 7
9 10
7 8
4 1

18 15
14
6 7
15 14
3 5
2 7
14 5
5 3
6 3
0 6
8 1
0 5
16 4
15 11
11 10
12 6
11 1

41 34
8
24 13
18 9
40 29
3 5
20 12
28 13
16 7
39 6
13 2

49 47
18
44 0
22 8
11 22
48 40
5 9
16 5
18 36
41 8
48 39
22 14
5 14
12 15
30 12
48 21
4 39
47 8
11 1
34 6
13 5

38 40
18
27 33
27 11
28 25
3 3
14 25
28 16
26 15
18 10
36 10
16 38
21 11
9 34
0 26
1 20
14 36
3 30
30 35
13 4
6 4

13 43
8
5 40
12 42
7 36
5 8
7 13
9 18
0 11
4 9
15 1

43 48
7
11 25
41 11
16 29
30 10
13 32
22 22
35 31
7 1

22 35
14
17 5
18 26
10 32
20 13
14 21
8 5
13 27
16 9
17 1
9 5
14 7
1 33
7 20
4 11
6 3

10 17
17
5 5
5 13
9 14
8 14
4 12
5 10
9 13
6 5
0 2
8 2
0 3
8 10
3 11
0 0
1 15
6 10
4 4
6 2

47 27
19
36 19
3 18
38 22
41 18
23 6
41 1
40 25
19 3
44 13
2 11
43 13
46 15
6 4
39 6
9 5
45 21
21 10
44 2
46 20
4 3

29 37
19
2 23
11 32
21 4
13 19
3 20
9 20
21 2
7 28
8 27
8 4
4 13
24 4
19 17
26 0
18 6
1 36
17 29
15 3
12 23
8 2

31 17
7
0 12
15 6
30 6
29 14
22 3
25 14
28 8
12 2

21 49
13
17 0
2 8
14 34
17 11
16 24
10 15
0 1
3 26
12 28
0 29
1 35
19 46
12 27
14 3

37 5
15
7 1
20 3
31 4
35 0
13 1
4 2
13 3
3 3
16 2
4 0
1 4
16 4
19 0
12 1
18 1
8 1

12 37
17
1 31
2 28
10 33
10 15
1 14
2 7
8 15
4 17
10 0
10 36
9 10
7 14
3 4
2 18
1 27
0 15
3 16
12 3

20 17
16
1 8
18 3
5 13
14 11
16 2
14 1
11 9
15 5
10 9
6 5
19 15
8 10
13 6
14 15
15 9
17 0
12 1

39 38
5
36 37
25 26
14 20
34 37
36 29
11 2

5 8
7
0 0
4 5
0 2
1 1
3 5
2 6
0 1
10 2

30 32
19
21 3
4 0
19 1
3 27
27 19
8 23
24 4
16 1
14 25
11 27
18 31
11 10
11 7
16 15
18 15
20 20
23 4
13 9
18 4
5 2

30 16
19
8 6
20 9
28 9
27 10
9 10
2 11
15 7
22 8
13 10
14 1
15 14
9 5
28 6
20 5
12 14
18 4
8 1
18 3
29 13
5 2

17 34
6
10 29
6 5
5 6
0 18
5 29
13 16
11 3

34 33
11
19 4
16 30
28 27
7 6
17 18
17 1
22 27
5 25
18 20
2 21
22 4
4 4

10 39
14
1 14
1 34
8 3
4 9
6 8
9 15
7 35
4 37
2 4
3 29
6 32
2 33
0 26
8 14
9 3

15 14
18
13 7
2 9
6 1
11 10
10 8
8 6
11 5
13 4
1 8
11 1
3 0
3 5
4 4
7 9
8 1
0 10
5 2
0 2
15 4

8 48
10
6 20
2 40
2 21
1 9
6 39
7 10
5 0
0 4
6 45
2 4
14 3

30 6
10
0 3
23 2
21 4
1 5
10 2
2 3
6 0
19 0
8 5
14 2
11 5

31 46
9
8 15
15 3
16 21
5 41
20 9
5 8
16 44
30 22
4 5
9 5

19 39
16
15 24
1 21
15 18
10 17
13 14
18 17
7 22
6 21
14 11
2 2
5 20
6 35
14 7
14 27
6 28
11 38
9 1

8 26
19
3 3
0 25
3 20
5 17
4 12
6 12
1 6
1 19
3 14
0 6
7 8
0 8
4 15
7 5
3 23
7 0
0 3
0 19
0 18
7 1

11 16
16
6 4
1 6
3 7
8 6
10 11
10 9
8 0
1 1
2 2
4 10
7 14
5 6
1 4
1 14
9 5
3 0
3 1

49 9
11
47 6
41 7
10 1
29 5
35 3
48 7
28 0
22 5
9 1
15 3
11 3
14 3

