150

43 29
27
15 13
35 10
39 24
21 11
23 5
11 13
12 10
17 9
28 21
20 13
33 26
4 10
28 10
31 28
11 0
38 5
18 15
7 11
41 6
42 16
30 3
22 9
38 2
35 12
3 28
39 4
38 11
9 1

9 24
23
7 4
1 16
0 4
3 13
3 23
5 6
2 15
8 4
5 8
2 8
5 10
5 17
8 15
4 9
0 6
0 17
3 9
2 14
2 20
1 20
4 23
1 11
0 22
8 3

21 7
8
15 3
6 3
4 3
7 3
16 3
19 0
15 5
12 4
13 5

17 36
6
0 28
3 17
3 28
2 7
10 18
3 32
4 5

42 33
30
17 28
28 2
27 25
7 6
36 16
34 10
32 29
28 20
26 12
35 1
5 19
3 15
24 10
29 4
39 2
35 0
12 24
23 8
19 27
24 19
39 19
30 2
32 23
12 29
11 18
13 25
29 32
7 30
29 1
33 16
3 5

37 47
13
30 17
1 25
1 29
1 28
3 32
9 22
15 20
25 44
3 44
12 33
32 22
15 38
34 40
7 4

48 44
27
17 6
45 36
33 34
44 8
37 42
5 21
9 15
46 39
20 32
14 13
25 39
25 4
20 21
32 19
3 26
2 18
2 12
23 14
11 35
47 23
14 17
6 35
14 22
27 38
44 22
18 39
24 34
13 2

47 38
10
42 29
19 27
24 9
0 22
42 25
17 36
19 3
31 4
41 10
13 27
4 1

45 44
23
12 36
18 6
15 4
20 40
30 18
8 36
20 13
0 29
17 39
26 33
33 20
0 5
4 8
8 10
41 2
31 41
41 27
15 13
14 18
42 14
36 4
9 3
21 23
10 4

14 44
22
3 33
5 38
0 35
9 31
7 40
4 42
11 38
12 20
13 41
1 19
13 4
9 7
4 41
1 42
12 13
12 43
0 26
2 5
13 24
5 34
10 1
5 42
11 2

20 36
7
0 0
19 9
15 8
7 14
19 12
5 16
1 34
9 1

31 34
8
3 9
22 27
2 11
14 22
19 14
23 26
27 25
1 9
9 1

21 13
25
14 6
6 10
3 1
6 5
19 8
0 8
18 2
14 3
14 2
8 7
13 3
12 7
0 10
4 3
16 7
15 3
20 4
15 6
8 0
0 6
0 5
17 3
13 9
2 1
6 3
3 3

12 19
17
9 4
5 7
4 8
6 8
0 14
1 6
2 16
2 9
9 8
7 2
0 6
11 2
0 7
10 9
3 2
1 8
4 2
10 1

44 11
12
21 8
19 4
0 3
28 3
0 9
26 2
7 8
15 7
12 4
1 4
12 8
25 3
10 5

17 17
20
12 8
2 10
11 2
0 10
15 9
5 14
8 3
7 5
6 6
7 9
3 12
11 15
13 2
4 4
8 11
10 3
11 12
12 7
4 15
0 11
3 3

11 28
25
0 15
7 13
7 10
4 17
0 9
5 24
5 27
9 18
5 9
10 16
0 20
0 14
9 7
4 22
5 21
6 26
2 21
9 20
3 26
1 21
6 21
1 17
0 1
10 17
1 23
8 3

11 13
5
9 8
7 7
9 9
9 4
5 0
4 5

7 14
27
6 13
4 0
6 8
1 12
2 11
0 7
2 8
4 5
6 10
4 9
3 7
2 0
4 1
0 13
3 10
5 1
4 6
2 9
2 6
5 6
0 12
4 11
0 6
1 10
1 4
5 9
1 0
7 1

46 23
18
3 21
18 5
18 17
14 6
8 18
23 5
1 16
7 2
11 21
9 11
9 16
19 12
32 18
24 7
34 15
26 10
34 17
23 13
13 5

43 14
13
31 0
14 10
29 2
36 5
0 11
2 9
7 5
1 4
7 10
13 9
10 2
41 11
37 8
7 2

30 34
20
10 24
14 29
26 30
6 10
12 13
23 15
20 31
18 11
18 31
11 23
28 10
1 22
22 24
18 2
6 3
28 31
9 1
8 21
26 1
11 21
8 3

21 19
18
5 2
14 10
19 2
14 3
16 5
0 3
16 2
18 13
0 5
6 9
3 14
11 0
17 14
17 0
15 9
17 12
4 3
1 8
13 3

36 45
21
1 29
20 18
29 22
26 32
19 32
32 17
22 4
32 14
22 38
24 1
7 17
3 28
2 33
32 1
27 2
27 8
0 12
28 10
33 28
15 42
2 34
8 1

49 19
9
8 18
13 11
43 14
20 4
28 0
4 17
17 16
8 11
13 8
14 4

15 45
29
5 39
4 41
5 41
8 22
4 14
0 38
14 22
8 17
8 29
11 32
12 2
0 35
12 34
9 33
1 30
1 4
9 3
5 7
13 5
7 14
4 30
8 41
11 30
14 25
6 2
13 38
13 2
11 41
9 20
5 5

18 9
6
15 7
4 1
14 6
13 4
10 0
0 4
4 4

46 40
6
32 31
31 10
6 6
23 22
5 18
3 13
10 3

27 17
20
18 3
11 4
11 12
18 6
1 1
14 12
23 16
11 13
25 12
6 3
5 10
9 14
19 15
16 4
12 5
23 9
26 0
12 16
2 10
12 10
10 4

42 12
12
12 1
37 2
26 9
25 4
13 10
15 9
41 4
40 9
21 4
9 9
10 4
19 6
12 3

21 14
22
17 1
1 5
3 2
19 7
9 0
5 8
9 8
18 3
15 1
20 3
10 7
20 10
13 0
16 8
3 5
12 4
8 5
16 0
13 12
12 0
6 6
6 2
8 2

10 43
30
5 42
8 22
1 8
3 1
1 6
3 35
3 3
8 35
9 8
1 18
2 22
2 21
9 40
4 12
8 4
9 7
9 41
4 37
4 42
2 40
5 39
6 18
2 17
7 31
8 39
0 31
8 37
9 24
8 30
0 39
12 5

36 46
13
26 38
28 35
26 9
12 23
12 17
25 31
28 24
21 1
22 1
13 28
24 35
0 28
21 2
4 4

44 32
19
38 0
23 7
17 0
7 16
30 16
21 3
40 31
24 25
4 18
33 17
27 16
28 13
32 27
23 30
20 0
25 2
29 17
18 10
20 16
15 4

15 18
22
3 11
14 13
6 6
3 0
3 17
13 2
1 10
1 3
0 12
8 11
13 15
0 1
5 1
5 7
7 2
5 6
6 0
10 11
5 3
5 2
3 1
8 0
12 2

8 49
6
3 46
2 11
7 12
4 43
7 31
5 7
9 5

18 28
10
16 26
0 11
0 4
5 22
0 0
9 10
13 3
3 6
1 27
10 13
13 1

31 6
19
20 0
16 4
8 1
2 0
19 2
15 1
14 2
10 0
20 1
13 4
8 4
8 3
26 2
21 0
4 0
21 1
3 5
11 3
7 1
11 4

49 21
6
24 11
3 18
26 4
2 13
29 18
7 0
4 2

30 35
21
21 1
21 11
6 25
2 1
21 21
11 12
14 14
26 15
22 13
5 1
24 8
8 3
19 25
6 24
27 6
15 3
24 2
10 19
13 16
13 4
19 17
11 4

43 18
27
1 3
0 9
32 12
15 10
34 14
29 15
9 6
4 0
18 16
7 0
25 11
39 10
16 17
21 17
15 12
33 1
40 6
0 4
3 17
36 15
32 16
14 4
41 9
42 13
12 9
3 8
21 6
13 1

28 20
9
0 14
4 19
19 14
27 5
19 19
26 6
6 18
12 1
16 4
13 4

5 7
20
1 5
3 3
1 1
2 1
0 3
2 0
1 3
4 3
3 6
3 1
3 4
2 3
2 4
1 2
4 6
1 6
4 0
3 5
4 4
3 2
13 2

23 34
13
4 31
18 1
5 31
0 26
12 6
11 19
17 32
4 11
9 3
1 15
14 13
4 29
7 29
6 5

29 6
27
23 2
5 2
24 2
27 5
20 4
16 1
18 3
16 0
0 2
13 3
13 1
1 5
1 2
20 3
6 2
7 0
26 2
21 3
7 2
13 2
24 4
26 4
4 2
2 3
12 0
0 0
12 2
11 2

12 15
10
4 9
10 2
3 3
0 6
7 8
3 12
10 11
6 10
6 8
7 3
13 4

36 8
9
7 2
6 6
27 4
18 5
1 5
2 0
19 1
28 4
33 1
15 3

24 45
23
22 15
10 7
10 24
5 42
4 19
14 6
5 5
15 15
3 27
23 17
1 32
10 36
21 24
4 5
3 13
6 31
16 20
0 26
18 41
0 25
22 42
2 41
1 33
11 5

15 9
30
0 1
8 2
6 0
4 4
7 7
1 8
12 8
13 6
8 6
4 2
14 5
6 2
3 3
10 7
9 5
8 0
6 1
1 0
4 0
7 2
3 0
14 8
0 8
2 7
8 5
8 1
11 4
8 4
9 0
8 7
6 1

32 14
22
26 11
11 4
25 6
5 3
9 7
5 13
12 9
25 9
24 5
3 12
10 12
18 2
28 4
17 10
26 5
30 4
18 11
30 0
15 3
23 7
30 11
11 12
13 5

5 5
13
2 1
1 4
1 0
1 1
4 0
0 3
3 3
2 0
3 1
4 4
3 0
1 2
2 4
11 4

28 17
7
27 6
14 15
18 5
2 10
27 13
1 2
12 16
6 3

32 20
27
21 17
5 3
12 9
29 16
27 11
14 6
1 3
20 6
13 19
17 10
1 4
23 14
22 6
8 13
1 18
28 10
20 12
3 9
8 3
11 10
25 0
4 2
18 12
2 7
11 13
3 1
16 11
15 3

34 10
11
11 6
27 9
3 3
5 1
2 0
13 6
27 5
14 8
11 7
31 7
0 8
9 4

24 30
5
3 12
0 22
5 8
1 19
12 18
9 3

32 34
11
31 10
3 28
16 19
10 13
30 15
23 29
21 32
6 29
4 14
9 2
22 24
13 5

18 21
11
4 20
6 8
9 3
9 1
6 6
12 6
11 0
2 18
15 10
14 12
1 13
3 1

32 17
21
10 15
24 16
0 14
24 7
20 7
11 14
19 13
15 3
8 1
1 2
13 9
13 11
1 4
10 13
26 11
4 8
29 3
25 15
12 2
9 16
31 14
14 2

28 39
15
26 14
26 23
6 36
18 19
12 2
15 25
14 19
2 33
13 30
3 10
6 4
5 25
5 14
4 5
12 32
11 3

16 12
6
7 9
9 8
14 9
6 0
11 9
10 4
10 5

42 40
7
9 20
40 1
40 5
24 14
24 11
18 29
33 23
10 5

5 44
14
1 28
0 25
2 0
1 19
3 32
4 35
2 20
4 29
4 9
4 17
3 35
1 11
2 42
0 38
9 1

36 5
11
30 4
13 4
7 3
10 1
31 0
11 1
14 1
19 1
35 1
17 3
24 1
3 5

12 44
22
8 26
3 12
8 9
8 17
11 43
3 9
7 22
9 7
1 39
9 6
5 33
4 24
11 7
0 8
9 30
8 40
3 30
7 34
7 24
0 24
11 19
1 37
3 5

18 10
19
13 1
15 8
11 4
3 0
9 9
12 0
15 9
6 7
12 6
16 9
6 9
11 2
4 3
8 9
8 1
3 6
5 6
9 0
9 3
8 3

7 11
14
2 3
0 2
4 0
5 6
6 1
1 7
2 1
0 1
0 0
2 9
5 4
1 4
5 10
2 4
6 2

18 18
23
8 1
8 16
11 13
7 2
4 4
6 10
13 2
6 4
4 5
5 9
3 9
17 17
3 4
10 13
1 14
3 1
9 0
0 4
12 10
17 5
11 3
10 11
1 7
14 4

17 14
23
11 6
4 1
9 4
13 5
4 12
2 5
4 11
10 13
16 11
2 1
7 3
6 12
16 12
1 7
3 11
6 9
7 11
16 13
5 2
10 10
0 9
6 2
14 1
3 4

37 31
30
9 10
13 3
14 6
0 20
19 5
18 16
15 21
24 18
36 15
16 3
3 6
17 23
12 1
26 20
6 30
32 25
13 22
32 26
11 14
32 10
34 18
34 25
18 9
18 29
24 5
31 10
28 29
6 29
0 15
9 4
9 5

49 16
22
44 3
25 7
21 1
29 2
10 2
15 6
23 13
47 4
48 8
25 9
38 14
2 13
12 15
47 10
23 8
20 1
21 4
39 9
0 3
27 9
45 11
41 8
8 3

18 42
20
12 17
9 18
17 1
16 16
3 40
3 12
7 41
5 11
5 5
7 33
12 11
0 12
17 30
6 20
8 33
4 18
12 39
15 40
4 17
2 3
12 1

20 12
7
8 1
12 9
7 3
3 4
12 3
18 4
3 8
3 4

30 5
17
15 0
19 4
6 4
2 0
0 3
18 0
15 1
7 4
7 2
13 3
5 1
24 3
20 4
5 0
18 3
26 3
7 3
5 5

8 34
9
1 2
6 21
3 0
2 19
0 26
6 18
0 32
6 32
0 30
11 4

17 48
5
4 33
2 20
7 35
13 32
1 7
14 3

42 5
12
40 0
37 3
4 4
31 0
30 4
13 2
40 3
15 4
27 0
7 4
1 2
24 1
13 5

10 42
23
9 35
9 6
9 39
3 26
6 35
4 35
4 25
1 16
7 17
7 38
0 34
5 39
2 35
9 2
3 10
0 4
8 41
0 7
8 11
8 32
2 32
7 27
6 0
5 1

12 15
19
10 10
11 9
9 3
7 9
6 2
10 12
5 13
4 0
9 0
1 3
7 13
6 9
3 6
4 5
2 5
0 8
4 12
11 6
10 11
9 2

20 31
25
3 21
19 27
19 8
19 19
2 6
2 16
3 15
15 1
9 8
19 1
2 20
8 15
11 19
14 10
13 26
1 20
4 7
8 13
10 3
13 14
14 19
16 27
9 19
0 18
9 12
11 3

29 19
18
21 2
23 2
11 15
18 9
26 14
27 0
12 12
8 9
13 6
12 4
11 8
12 0
18 2
15 2
24 2
28 1
5 14
9 17
5 3

47 18
20
34 7
44 14
4 16
45 10
14 10
36 6
16 3
7 5
13 3
29 6
19 17
34 17
21 12
41 16
34 12
6 11
1 7
9 0
3 12
10 3
4 2

49 10
19
42 0
26 9
45 6
2 9
11 7
27 0
42 5
42 6
10 1
13 0
13 4
16 9
35 5
43 3
34 9
40 4
3 2
28 9
1 1
8 3

9 20
11
8 19
0 19
8 5
3 1
3 3
7 0
3 7
3 11
8 18
4 19
5 17
11 2

49 23
15
9 10
46 13
6 0
46 2
40 9
44 17
34 5
14 1
47 8
27 4
45 6
37 0
0 9
23 9
27 8
13 3

23 18
22
9 6
17 4
17 5
15 12
11 2
21 16
6 12
12 8
18 17
19 8
18 12
4 4
3 15
18 3
6 9
8 13
10 8
18 7
22 6
9 8
9 9
2 4
13 3

22 21
22
9 5
14 6
12 6
9 2
20 4
6 6
11 16
12 13
17 14
16 0
10 8
19 12
9 3
4 6
17 9
20 9
0 20
15 13
5 4
9 1
6 17
11 18
5 3

30 27
15
22 22
22 23
8 25
0 15
18 1
9 12
18 21
29 13
5 14
17 8
11 12
7 4
23 19
15 1
16 22
12 4

47 28
14
10 17
40 2
42 6
19 16
23 16
45 25
43 25
24 25
0 7
40 13
31 3
41 24
17 22
18 24
11 3

42 11
13
30 2
20 3
29 0
5 4
38 1
11 1
10 8
17 4
17 5
8 5
36 8
24 7
28 8
7 2

24 40
10
23 15
19 25
4 34
23 19
13 2
2 10
3 14
7 35
18 31
1 6
15 4

27 32
9
19 20
18 2
8 13
22 30
1 11
23 30
6 27
7 29
26 10
5 3

31 30
14
24 7
9 6
25 12
18 1
24 8
28 22
29 22
2 14
20 20
30 21
15 25
10 20
24 12
1 1
14 5

33 45
25
22 0
15 7
22 29
29 16
5 32
11 13
9 1
18 29
30 31
2 34
1 0
23 11
6 26
21 3
21 39
11 44
2 2
20 39
16 32
31 1
12 43
19 35
15 10
9 39
5 26
8 3

49 26
9
40 19
0 2
15 8
24 7
12 3
28 21
14 23
1 14
26 6
7 1

40 45
14
18 41
1 42
0 34
7 20
29 39
35 22
21 18
5 7
6 13
25 31
34 30
10 37
31 44
39 5
13 4

7 12
19
4 0
3 0
2 2
0 6
0 10
5 3
1 5
5 0
4 11
2 8
3 9
4 5
5 5
5 1
6 11
1 11
2 6
3 6
3 10
9 3

29 43
27
20 16
13 14
7 17
15 4
6 39
3 11
20 10
15 37
25 39
1 35
28 9
12 30
8 1
7 0
23 11
13 4
12 42
10 16
0 13
26 9
15 27
28 29
14 28
6 37
21 3
7 37
26 16
5 1

35 12
9
0 6
23 6
31 0
7 8
3 10
30 11
7 0
3 11
0 5
8 2

35 35
21
12 31
22 32
8 20
30 27
6 1
13 8
28 18
26 26
25 15
12 28
22 5
23 14
0 12
9 1
10 1
8 22
25 8
6 27
16 5
5 26
34 32
15 3

43 28
15
24 27
38 4
18 7
29 25
37 12
19 23
2 27
29 16
18 25
13 8
11 17
15 9
24 16
36 17
33 4
13 3

49 11
18
5 5
22 2
33 5
32 1
31 4
31 0
15 8
33 0
28 3
0 10
4 9
2 9
6 2
46 10
48 2
37 9
20 5
10 9
6 5

35 39
10
26 34
15 1
29 11
8 20
6 28
29 10
31 17
22 10
2 35
34 34
10 2

25 29
30
21 2
2 11
17 21
17 13
15 3
15 9
6 21
24 7
19 8
16 8
15 4
19 24
22 19
17 26
5 18
13 1
19 17
19 15
8 12
23 12
7 9
16 24
20 5
0 10
2 22
0 23
24 15
19 19
0 1
6 24
13 2

24 16
10
11 13
14 9
14 12
7 4
10 2
6 4
21 6
9 0
0 8
4 4
6 3

21 10
7
3 6
7 0
14 3
8 9
19 5
1 1
9 7
11 3

31 18
13
9 16
1 6
21 6
14 12
16 3
4 10
14 3
16 16
15 12
16 4
7 7
6 6
14 17
13 1

33 32
18
5 0
2 24
8 26
3 10
14 29
24 11
19 19
18 6
1 29
25 19
31 11
0 8
15 19
7 18
6 27
9 4
3 25
23 14
5 5

15 26
15
14 0
1 1
4 19
11 10
12 8
14 25
6 10
11 24
5 13
4 1
9 13
3 6
2 0
6 7
7 0
15 2

22 34
13
1 19
0 22
17 3
14 6
4 33
12 30
12 25
5 5
16 6
19 23
0 27
16 24
8 1
11 5

45 24
23
18 3
12 11
38 23
9 20
16 1
29 9
11 11
33 7
26 2
26 23
31 15
3 15
5 20
38 12
28 1
33 4
25 23
13 8
11 14
41 2
9 10
29 3
0 3
10 5

42 7
6
22 5
2 0
1 0
2 3
27 6
21 6
10 4

33 21
29
29 9
1 2
32 0
10 2
31 0
2 9
11 6
11 15
27 7
7 2
3 5
27 8
23 4
23 1
2 10
2 17
4 13
30 11
27 11
6 20
18 18
1 12
27 15
25 20
20 2
21 2
4 14
13 8
29 18
8 3

11 16
14
10 12
3 2
8 1
5 15
0 2
8 0
3 5
0 4
2 14
4 12
2 10
5 5
2 13
9 3
11 4

33 15
8
31 11
2 10
24 8
29 11
16 13
16 1
22 11
3 3
13 2

42 38
16
40 4
16 11
31 25
14 9
21 10
41 26
30 10
3 34
19 30
36 36
26 24
3 13
39 8
9 31
16 37
6 26
8 5

39 22
22
34 9
25 15
22 10
33 1
38 13
22 19
5 8
20 14
6 0
9 21
24 10
17 4
38 20
14 10
32 11
23 3
35 13
22 21
37 9
28 13
20 4
18 6
10 3

35 43
11
24 24
6 31
19 25
13 8
26 38
17 15
33 5
14 3
3 32
29 42
25 32
7 5

39 7
27
35 5
7 3
27 5
28 4
38 2
24 4
4 0
5 4
11 2
9 1
20 4
8 4
12 1
23 3
12 5
4 4
38 4
7 4
5 3
20 2
14 0
31 1
35 4
12 6
25 4
36 3
33 3
10 1

25 16
11
18 6
15 7
5 6
11 11
15 9
21 0
12 1
0 2
1 10
7 14
14 6
15 4

15 19
12
8 7
4 8
13 16
4 1
12 1
12 10
1 14
12 14
14 13
5 6
11 11
4 13
8 3

29 10
22
10 8
19 8
25 3
2 4
16 9
20 2
18 9
24 4
14 5
25 2
13 8
3 6
27 0
25 4
25 1
22 1
6 0
9 1
20 8
11 7
16 4
2 9
6 3

35 10
12
23 1
6 4
5 3
34 3
32 6
22 4
34 4
17 6
30 4
22 2
34 8
24 2
8 4

31 8
6
29 5
22 2
16 3
17 1
15 2
4 5
6 3

26 41
16
19 40
19 1
12 36
11 15
5 33
19 28
23 7
7 35
15 25
6 0
22 40
0 24
24 12
4 37
11 22
10 10
9 2

29 23
5
2 17
0 22
27 10
19 13
16 17
6 2

40 36
11
29 30
0 29
28 11
34 31
39 6
37 11
16 12
0 7
11 4
10 18
36 25
7 3

17 29
8
7 19
9 23
2 15
9 22
14 0
12 12
6 1
11 21
6 1

9 23
26
0 9
6 10
7 3
7 20
7 22
3 4
0 19
6 16
5 18
8 19
4 17
6 13
4 18
1 17
6 11
0 17
8 3
4 7
0 10
6 1
8 14
4 1
7 11
7 6
3 20
1 7
7 1

5 40
16
1 21
4 10
3 39
2 35
4 18
4 32
3 29
2 30
3 20
3 28
4 15
3 19
4 35
4 37
0 27
0 19
7 4

20 9
20
1 0
0 7
11 0
18 8
12 4
17 1
12 7
4 8
0 1
16 3
11 7
7 4
1 1
10 1
6 2
6 7
2 5
2 6
7 6
7 3
5 3

38 36
25
21 26
19 29
17 6
28 3
25 17
0 29
3 30
14 6
16 30
17 27
3 16
6 14
10 13
33 13
4 32
28 23
34 35
12 32
11 10
16 27
15 0
25 29
0 12
26 29
19 26
14 3

5 46
19
3 17
4 44
2 12
1 23
0 7
1 37
4 33
0 25
1 45
0 33
0 18
2 20
1 30
1 38
3 45
4 14
3 18
2 21
3 40
12 4

14 14
6
1 13
0 10
6 10
12 13
10 3
10 2
5 1

26 47
27
21 42
6 38
22 0
4 9
8 20
17 8
0 10
5 0
8 5
20 44
13 34
13 44
5 2
5 1
22 24
2 29
20 46
15 19
0 32
7 1
6 28
5 18
24 1
23 44
21 4
3 11
20 2
10 2

41 49
28
22 33
15 0
11 4
16 40
22 25
19 8
7 15
36 40
31 35
9 45
31 1
3 48
0 45
25 4
19 38
3 29
30 38
33 16
0 23
28 27
5 47
18 35
24 7
32 29
6 10
35 44
7 39
24 4
7 5

21 41
22
16 7
15 6
20 2
13 10
7 13
17 17
18 5
6 21
11 23
0 38
10 12
1 27
1 34
19 33
8 19
3 9
2 17
13 39
12 10
20 11
15 0
16 21
9 4

29 49
22
27 14
17 1
13 46
23 47
18 45
23 17
12 19
6 0
26 36
7 44
3 21
0 0
2 40
3 24
8 17
4 23
4 16
16 28
15 33
12 10
22 32
19 10
4 2

39 48
17
0 36
38 21
36 19
27 36
6 27
17 24
6 41
33 32
10 19
28 33
30 42
8 37
1 21
38 43
33 1
3 1
7 40
3 3

8 39
6
2 36
2 38
6 2
4 35
0 16
3 21
6 3

16 27
14
3 10
9 2
13 10
8 2
13 23
14 18
6 5
6 19
4 7
12 22
5 18
9 14
9 23
10 12
9 2

12 35
30
0 6
7 12
1 11
3 10
11 6
5 27
7 5
2 22
1 0
11 19
3 13
5 19
3 15
0 12
11 23
6 9
7 17
2 28
3 26
2 31
4 8
10 29
0 8
8 14
10 8
10 23
0 2
11 0
11 9
7 14
3 3

13 43
30
11 13
0 3
2 36
12 15
10 0
8 9
4 5
7 11
11 33
12 18
3 3
4 37
7 22
12 41
8 13
8 3
4 3
6 26
7 18
11 0
2 27
12 39
9 11
2 6
6 22
11 34
1 3
4 15
7 10
2 26
7 3

35 26
24
2 23
17 19
13 24
11 13
13 19
3 12
17 6
13 5
11 9
22 23
31 9
29 4
33 3
23 8
32 9
7 23
15 23
31 20
9 10
23 25
11 25
33 14
19 6
23 13
6 4

19 20
17
6 13
17 6
0 0
5 19
4 15
18 13
5 6
2 17
3 10
10 10
13 2
5 11
2 5
3 18
9 9
1 11
0 16
12 1

34 34
19
18 14
15 18
11 1
20 7
4 9
17 3
22 20
28 31
3 33
5 25
13 22
19 13
22 15
27 1
32 3
2 17
22 18
12 29
10 28
9 4

16 13
29
13 11
8 4
14 12
10 7
7 6
14 1
14 3
6 8
12 9
12 12
6 5
0 6
3 7
15 10
9 0
5 3
9 12
8 0
14 4
14 8
2 5
14 7
6 3
4 6
9 6
1 7
1 1
7 10
7 5
8 1

10 8
15
9 7
4 4
8 7
3 1
5 2
5 5
0 1
6 0
9 4
1 1
2 5
5 4
6 2
0 4
6 6
3 4

7 16
17
6 15
5 14
3 7
2 9
0 2
2 10
3 4
1 6
3 9
6 10
6 8
2 5
3 13
3 3
1 2
1 15
4 14
12 2

21 7
10
11 4
2 1
16 1
20 1
12 1
3 4
16 3
13 2
15 2
5 0
4 1

30 20
7
22 15
19 3
6 10
24 10
8 18
5 6
29 15
13 2

