30

68 175
111
61 2
32 108
61 133
16 38
31 35
52 115
54 129
11 83
39 25
23 173
67 59
61 57
47 6
11 137
40 63
4 151
63 112
21 117
60 6
52 120
11 29
20 174
64 158
20 164
12 65
61 5
22 22
48 74
60 79
61 74
27 1
57 59
45 148
8 85
52 105
39 121
29 101
46 119
12 67
54 94
56 50
15 124
51 19
41 85
39 161
54 171
24 41
41 61
14 30
15 2
16 77
10 107
47 55
51 72
45 23
12 159
53 105
55 71
55 169
55 8
21 125
61 76
53 135
40 129
36 82
61 99
65 134
21 92
54 8
60 44
47 67
36 152
12 123
65 4
33 166
11 172
27 93
42 29
14 171
41 156
30 66
55 147
42 172
7 104
7 174
58 93
39 102
0 61
65 25
11 15
54 128
49 143
35 130
34 12
18 71
21 150
11 148
3 104
32 138
26 140
0 12
45 156
9 44
65 120
20 148
35 32
10 106
41 77
54 28
48 40
34 15
1009 63

178 32
28
100 29
70 5
133 31
10 5
95 21
25 20
118 28
24 7
15 3
59 19
29 19
26 30
172 29
109 31
32 26
133 10
156 10
95 6
46 4
29 4
158 11
40 31
91 27
110 16
51 15
118 18
64 16
154 23
547 58

96 127
26
49 40
33 18
0 46
60 37
46 83
9 5
22 90
37 27
42 28
63 91
52 68
11 73
87 92
23 14
19 54
53 63
70 59
23 94
80 117
89 50
16 30
88 72
42 29
1 69
42 108
36 81
706 145

71 31
111
63 15
6 9
21 9
67 17
9 29
1 8
47 11
52 20
68 30
18 18
54 28
2 20
69 6
1 13
62 27
19 15
9 7
62 30
57 14
24 17
33 4
18 8
59 25
36 19
4 1
56 19
18 13
56 7
11 18
23 5
38 15
58 20
40 22
1 4
59 23
8 26
9 30
41 19
17 4
63 18
20 30
61 26
39 4
22 12
47 22
32 6
66 8
24 1
48 8
60 3
18 26
67 15
52 29
46 24
23 1
44 17
56 6
40 29
11 4
18 23
60 27
54 7
13 22
12 11
24 8
29 30
10 12
12 10
56 17
9 14
17 21
40 21
65 3
47 16
9 13
40 2
23 6
24 29
1 9
47 11
47 6
56 19
28 18
63 27
59 2
59 5
61 4
66 9
44 29
27 14
6 17
41 12
17 11
31 13
9 7
53 10
3 3
55 27
62 30
55 4
8 5
66 2
21 2
50 6
15 18
22 13
0 26
50 5
52 28
7 2
47 18
1454 129

6 143
132
1 106
5 92
0 52
2 19
2 100
2 107
3 137
5 32
0 89
4 137
0 28
2 79
0 4
0 25
3 138
5 18
5 57
2 61
1 107
2 140
3 64
1 63
3 63
4 63
4 106
3 6
1 137
0 69
2 30
5 138
2 36
5 125
1 81
5 83
3 57
4 59
2 7
1 43
5 75
3 51
5 104
5 124
5 134
4 5
5 92
2 48
4 59
5 99
4 109
0 29
5 137
0 107
2 126
2 78
0 60
3 5
5 93
4 111
1 69
5 92
5 130
2 73
1 43
5 108
1 15
1 42
5 6
3 29
0 110
1 63
4 130
2 128
5 53
5 3
2 138
0 76
1 37
1 36
4 42
3 93
1 19
0 30
3 35
0 87
3 93
4 96
5 62
3 129
5 75
3 96
4 41
3 110
3 61
1 31
1 33
5 74
5 46
1 71
4 100
2 65
0 121
4 12
3 94
0 50
0 81
2 133
2 92
0 128
2 104
5 34
5 34
2 111
0 133
5 30
4 72
1 121
4 33
4 11
0 110
1 6
2 127
4 66
4 17
2 74
0 112
4 19
2 94
2 104
5 97
5 41
2 65
5 27
1287 89

37 40
109
10 11
10 29
10 5
16 28
2 26
19 20
11 16
34 34
13 35
4 15
36 10
18 35
0 29
34 27
17 18
32 27
20 7
20 30
35 26
5 18
36 5
10 33
2 37
1 25
26 9
22 37
19 31
4 37
7 34
5 1
13 16
24 35
2 8
1 9
35 24
12 18
31 29
24 32
18 28
31 35
9 21
36 7
2 23
9 36
26 6
3 3
26 33
27 0
20 24
19 34
16 3
20 8
21 6
19 22
16 17
29 4
34 27
3 8
10 30
6 26
10 37
10 37
20 10
27 38
33 37
25 28
8 15
9 8
4 5
8 22
35 23
12 17
33 0
13 4
29 0
22 29
18 4
34 36
5 7
13 1
27 26
33 28
25 32
25 14
33 21
14 13
11 20
9 28
34 38
21 24
36 32
29 7
12 38
14 36
22 36
25 21
4 36
30 38
12 33
33 30
9 18
16 6
22 10
2 26
2 28
36 8
19 35
1 30
35 24
1303 94

17 78
64
0 47
1 52
15 0
12 37
5 48
1 22
13 43
3 32
3 23
10 63
11 27
16 3
6 54
16 21
8 25
7 10
0 66
13 28
2 36
4 21
15 10
15 49
6 52
14 73
5 7
2 34
4 42
3 52
12 10
3 36
3 67
9 55
10 9
7 53
6 17
14 1
5 55
3 62
3 67
10 48
6 68
2 38
8 66
14 57
8 29
16 26
6 1
9 77
13 30
0 17
15 43
0 31
11 32
2 16
3 18
15 27
7 4
12 74
3 19
15 1
2 64
11 44
9 68
9 36
343 96

161 136
152
44 23
147 64
72 111
124 119
4 7
97 90
72 135
84 95
26 81
95 7
78 39
60 132
112 60
47 132
27 39
32 22
107 121
106 25
149 40
112 115
93 44
109 135
146 118
100 24
84 129
44 90
82 8
117 32
3 55
73 119
105 126
55 10
61 104
87 95
121 66
146 6
32 38
120 2
19 127
139 32
94 119
141 117
87 5
136 4
83 74
83 36
118 26
81 63
123 16
59 135
84 33
31 108
9 123
53 129
2 103
140 28
84 9
80 83
157 72
18 108
105 49
8 53
127 94
150 26
103 92
61 117
53 130
31 64
69 5
91 102
91 0
150 127
63 121
56 2
149 127
93 5
109 55
68 64
86 118
75 63
132 9
154 102
137 96
5 119
136 41
120 54
75 0
126 134
31 28
110 117
7 37
21 58
93 42
105 111
132 79
28 33
16 83
66 92
3 15
64 92
73 19
159 54
70 59
153 45
76 46
16 40
57 103
105 88
97 124
128 72
90 28
93 101
120 62
125 133
104 84
17 68
10 94
40 25
101 11
23 103
35 123
62 39
43 111
42 67
0 130
69 69
155 57
120 134
31 29
68 27
95 90
55 58
136 127
87 42
72 54
111 56
36 126
34 6
53 11
151 54
0 0
145 124
121 34
151 9
111 29
100 28
156 61
96 35
89 59
68 31
104 119
40 77
720 94

133 194
120
32 97
91 52
47 131
68 160
4 117
101 119
46 51
31 169
87 45
56 175
86 155
113 38
64 15
98 54
105 62
113 62
5 33
23 17
36 177
96 135
77 156
34 2
125 161
4 127
16 193
18 11
82 150
93 80
103 183
67 151
22 168
77 22
19 82
75 170
97 146
72 45
25 129
63 112
109 96
63 36
119 43
105 0
66 177
54 117
19 26
86 176
109 15
127 91
118 88
69 31
118 64
39 69
69 105
12 137
15 163
80 174
30 123
49 124
8 92
131 80
60 64
69 180
95 16
99 56
51 73
109 42
31 148
34 148
64 9
48 16
80 18
129 70
2 190
0 161
116 182
6 89
14 50
1 100
111 160
16 150
71 113
120 97
122 16
42 156
109 113
50 87
50 63
41 131
118 111
111 181
111 55
29 105
2 189
124 186
64 22
100 73
47 99
84 146
19 168
106 1
59 186
78 156
29 70
124 44
40 85
81 138
120 119
21 35
124 187
123 8
87 77
77 190
87 131
82 23
70 78
108 80
41 97
78 53
116 106
111 160
717 134

189 180
20
107 29
181 34
46 105
146 41
72 34
187 115
61 97
14 133
174 98
166 160
39 175
131 55
41 71
114 147
61 92
148 66
178 81
42 115
138 137
12 116
802 83

129 105
61
68 42
29 17
117 71
38 49
49 38
22 89
95 101
108 59
33 14
86 68
43 68
5 68
17 44
2 59
75 70
36 30
101 16
4 75
9 65
14 91
99 82
73 5
117 80
117 39
8 69
28 69
15 18
109 92
58 33
17 21
120 34
29 46
70 42
28 33
28 101
72 91
79 40
47 90
35 9
34 19
107 82
98 35
49 4
31 12
123 28
41 81
40 14
119 15
90 87
124 32
94 85
67 88
32 27
65 57
4 92
72 86
104 46
14 79
32 5
37 56
57 91
230 82

108 114
45
74 18
11 54
62 79
81 2
14 108
69 25
1 34
56 39
62 15
64 40
17 8
99 35
1 14
74 64
5 54
60 55
107 39
69 62
71 71
47 16
88 44
4 9
86 23
26 44
80 28
29 0
40 94
75 27
26 14
106 62
26 14
38 65
75 28
101 83
25 20
13 18
5 75
94 70
72 92
33 89
106 47
49 76
66 41
9 102
24 18
1163 114

191 158
168
88 69
94 109
186 10
67 64
67 58
37 12
17 139
140 6
128 15
173 125
170 63
153 37
131 60
169 10
177 47
172 80
180 146
156 79
106 40
56 81
72 134
77 46
9 5
86 34
183 8
35 46
177 148
184 128
0 55
170 30
12 23
105 113
57 130
58 18
42 34
62 118
8 45
82 140
144 138
70 140
188 108
28 146
132 12
180 155
175 50
110 131
158 68
144 36
155 76
35 126
13 76
169 68
16 154
57 63
114 64
32 153
24 10
49 84
113 110
179 16
31 114
100 145
119 131
189 62
48 33
63 135
133 77
70 90
118 154
4 93
76 92
21 121
32 88
50 124
41 104
142 130
134 17
82 9
120 118
105 66
164 97
53 59
78 23
31 36
0 147
129 10
71 8
56 9
176 38
62 48
133 114
45 134
140 33
134 108
77 25
168 126
0 99
132 40
155 108
78 57
187 84
32 80
186 94
15 96
138 83
112 141
70 70
115 71
169 75
131 155
177 101
25 32
76 6
137 51
149 31
94 67
186 112
100 37
88 65
144 79
84 119
7 131
133 14
48 140
118 10
156 149
49 66
46 6
42 102
76 139
94 82
75 99
41 9
100 103
124 127
75 73
117 148
14 77
185 99
124 143
189 55
185 36
73 48
52 45
132 36
117 28
126 37
118 143
168 100
162 67
72 105
134 6
150 14
155 2
124 112
98 35
163 41
140 127
159 99
65 76
183 33
141 63
12 90
67 23
40 10
83 91
56 3
74 133
1383 78

149 128
8
122 83
117 37
145 80
116 43
28 102
29 22
29 70
85 44
84 43

3 78
142
1 15
0 31
0 19
2 73
1 17
2 27
2 8
1 52
2 29
1 36
2 0
0 37
2 62
2 3
0 42
2 36
0 71
2 13
1 43
0 28
1 6
1 75
1 63
2 6
0 48
0 4
2 35
2 3
2 39
0 11
1 9
2 0
1 47
1 47
0 16
2 19
0 47
0 12
2 41
0 16
2 5
1 40
2 27
2 37
1 43
2 25
0 76
1 11
1 26
0 26
1 60
2 3
1 2
2 31
1 17
0 36
1 9
0 14
1 73
0 35
1 54
0 17
1 38
2 6
0 8
2 3
0 60
2 17
0 69
1 71
2 39
1 6
2 50
0 26
0 53
2 72
2 0
2 67
1 23
1 54
2 45
2 34
2 35
2 5
0 54
1 37
0 64
0 63
2 18
0 41
1 63
0 17
0 58
1 47
2 29
0 52
1 67
0 37
2 18
1 56
0 47
2 9
0 7
0 40
2 63
2 68
2 42
0 4
2 35
0 18
1 19
1 70
1 32
2 16
1 6
1 17
1 21
2 21
0 20
0 70
1 58
1 18
1 12
1 38
0 67
1 39
2 5
2 29
2 19
2 21
1 7
2 68
2 14
0 59
0 60
0 75
0 21
1 15
2 59
0 42
2 77
1 15
1586 85

22 151
185
16 110
9 72
2 80
6 148
20 95
14 139
21 34
14 19
9 20
9 33
19 16
12 136
19 45
8 112
12 66
15 37
15 93
20 25
5 38
10 143
15 46
6 15
17 92
6 6
15 10
2 64
1 98
1 50
20 48
10 130
10 1
21 79
16 93
13 50
4 127
16 60
1 92
5 23
11 112
1 47
0 124
16 142
11 57
4 75
8 47
17 147
4 123
19 95
15 47
6 90
11 51
21 61
1 115
2 28
4 100
20 147
5 8
12 46
6 83
15 97
6 13
0 99
20 129
19 28
5 141
15 106
2 72
20 0
5 35
21 122
12 125
16 79
20 107
13 53
7 117
9 131
13 113
6 43
21 68
4 84
3 52
10 19
6 119
3 71
19 37
8 3
2 46
7 27
14 85
7 68
21 129
9 97
21 10
10 89
12 54
5 102
13 84
5 21
7 79
9 47
21 11
17 115
3 6
6 36
13 144
12 93
9 142
1 50
2 2
16 78
19 54
4 134
4 124
18 38
0 29
15 105
5 46
3 28
14 6
10 148
19 101
8 87
7 136
4 136
1 138
12 18
7 52
10 55
9 80
13 25
0 2
4 77
18 143
15 82
16 89
12 87
12 135
7 127
20 143
21 90
20 123
6 119
7 144
16 112
4 85
1 24
3 3
0 8
12 62
4 135
12 85
10 124
17 52
8 100
17 77
21 110
10 45
10 86
20 98
7 150
10 61
17 137
10 150
20 21
6 52
10 67
4 84
6 77
8 78
19 137
15 71
11 88
12 103
1 119
17 57
11 131
16 118
15 110
17 9
3 138
13 74
5 80
11 32
4 131
21 14
11 6

160 127
166
8 67
94 60
131 3
17 24
128 41
98 35
152 90
24 94
25 30
59 108
143 6
46 9
30 97
156 43
138 16
42 61
122 56
12 19
49 30
116 51
28 96
102 41
42 35
71 65
21 123
83 102
63 67
45 105
119 105
49 103
123 20
70 106
24 100
111 98
140 72
0 40
141 103
46 11
34 37
159 23
15 74
97 125
142 113
86 38
56 99
77 7
36 67
108 25
70 76
41 53
57 89
56 49
151 45
159 51
36 38
69 98
139 123
137 126
96 68
46 46
69 80
84 66
136 110
98 30
73 126
127 46
58 59
65 0
63 3
60 92
148 111
156 73
14 100
46 64
58 15
152 77
1 126
105 103
45 103
11 17
5 69
149 45
148 67
61 95
72 79
139 61
87 62
72 71
91 46
53 88
158 24
56 81
49 114
50 65
118 69
12 89
61 41
79 98
43 55
146 87
23 113
110 7
15 26
142 43
55 28
98 43
17 16
19 42
152 112
113 109
6 21
7 49
54 106
80 31
100 95
99 104
112 34
74 40
1 13
17 45
70 58
121 98
88 121
76 0
155 79
75 120
67 118
66 85
51 32
125 114
65 90
117 95
150 119
131 125
49 100
149 102
43 31
126 120
53 1
71 95
29 3
35 29
144 37
33 108
57 122
58 88
40 66
139 67
141 74
60 50
4 88
30 26
107 32
84 8
45 42
72 59
131 31
159 63
49 3
70 38
44 65
139 97
91 101
105 98
91 76
123 32
1581 121

122 199
130
44 131
64 106
113 186
56 131
56 57
1 41
14 169
45 28
121 196
26 131
98 133
41 39
96 23
88 196
80 162
54 143
65 140
30 63
81 103
66 58
118 189
12 16
37 81
65 122
11 106
61 24
81 5
17 68
38 122
4 134
77 48
111 9
115 83
107 143
81 147
65 147
76 30
62 140
116 192
26 56
38 120
115 86
71 27
102 107
47 101
21 101
19 169
80 22
9 88
109 63
109 36
15 171
46 149
83 93
86 98
41 14
78 29
82 77
17 98
50 0
2 127
39 42
43 67
68 0
37 47
89 61
34 149
99 133
21 28
81 164
114 61
72 56
93 6
11 29
36 126
92 116
1 181
114 161
75 193
33 94
103 79
100 67
34 38
36 191
115 0
90 66
101 145
28 86
39 170
64 197
114 169
37 36
7 137
117 189
30 44
87 39
69 24
103 40
49 116
62 134
68 38
39 42
67 7
26 80
46 7
56 117
67 8
111 17
98 37
80 109
47 183
80 69
22 36
118 110
35 46
27 139
40 126
114 154
27 82
60 173
61 100
81 12
78 6
7 156
95 76
89 184
98 119
12 8
38 150
15 168
933 113

23 28
36
5 5
19 27
12 27
22 2
11 17
18 7
13 4
0 24
3 11
11 21
13 23
20 2
0 16
19 27
11 5
20 22
22 25
20 21
15 6
9 15
13 19
20 26
10 5
13 12
3 26
21 27
9 19
11 17
9 0
13 20
6 2
7 27
1 16
13 7
12 27
12 22
1750 115

166 39
134
145 21
56 29
20 14
100 13
122 24
154 2
1 26
134 11
105 1
4 20
12 38
87 14
41 9
77 14
71 35
141 17
14 10
162 2
31 34
93 11
102 29
36 30
13 27
22 20
132 9
73 18
52 35
114 19
81 23
22 9
33 6
68 38
58 33
74 8
112 10
91 28
84 7
157 12
51 15
107 32
29 33
156 38
0 37
124 2
87 22
40 38
58 19
39 38
60 24
133 2
37 23
118 17
94 7
46 19
155 12
78 7
118 3
14 29
102 11
50 17
26 32
49 35
164 8
69 31
27 34
141 8
68 17
149 29
42 21
79 35
39 25
11 16
99 2
157 0
147 15
81 18
37 9
25 11
119 24
109 31
34 2
156 28
0 16
165 17
155 26
64 15
43 5
45 28
41 28
161 19
127 31
133 13
75 23
127 23
84 13
67 1
140 20
20 32
147 18
1 26
52 38
65 16
106 8
63 0
18 1
122 4
82 22
137 16
104 9
152 11
21 22
62 30
87 10
133 15
120 23
130 26
101 18
79 17
79 2
140 31
142 7
86 5
24 30
115 4
34 14
126 10
134 24
74 34
20 11
13 0
165 22
101 9
9 22
76 15
80 23

118 124
23
30 101
12 2
26 115
35 51
40 90
83 46
15 117
14 70
4 115
98 11
73 107
83 41
3 110
18 68
55 82
62 105
36 66
90 76
17 15
85 104
0 28
7 25
10 69
197 88

193 140
133
130 68
81 130
23 14
137 23
181 126
4 88
39 105
144 62
44 115
113 83
123 94
167 129
60 104
148 48
112 66
163 20
162 25
157 21
51 116
153 30
21 24
126 6
66 4
27 58
131 0
100 92
3 128
76 121
129 79
98 117
176 131
37 76
128 28
88 25
147 136
149 4
48 125
131 122
4 139
136 20
74 134
128 97
30 135
4 64
115 103
105 26
141 53
149 53
184 25
179 43
117 95
185 66
14 33
67 132
91 77
164 121
175 115
154 76
65 71
166 47
10 96
167 15
52 112
130 43
76 112
87 117
101 112
125 95
25 29
9 109
187 139
111 89
173 33
68 55
92 135
101 2
29 115
142 72
17 21
47 54
66 38
61 69
1 32
164 106
137 63
69 96
39 44
59 67
42 139
109 61
38 100
53 77
97 18
77 118
3 51
70 1
75 69
104 7
82 107
57 134
11 28
80 137
86 60
91 124
147 76
121 107
3 5
40 16
6 2
37 119
87 67
109 109
39 90
172 61
32 96
133 68
141 113
26 113
111 97
88 73
36 54
23 127
90 91
58 98
5 28
178 138
54 5
113 138
72 57
11 93
90 139
170 52
111 84
1312 69

22 173
174
17 142
0 147
19 102
17 46
21 16
20 160
10 64
18 123
18 133
8 116
0 29
19 139
21 112
8 112
19 99
14 62
1 139
12 128
17 150
8 36
1 92
10 79
3 127
7 29
7 86
12 18
9 66
4 46
7 57
6 79
21 71
1 79
6 140
15 16
19 163
7 27
12 164
0 91
0 150
9 112
10 141
1 9
11 53
15 57
4 47
4 46
8 42
9 103
1 23
3 171
7 115
9 146
12 95
3 157
7 119
6 6
12 106
2 61
10 130
13 95
3 123
0 25
19 107
11 157
3 76
13 74
4 149
0 50
21 1
12 24
17 131
5 86
13 166
12 6
20 48
17 42
4 128
12 120
0 139
2 48
16 75
5 122
15 33
5 23
16 164
14 140
7 111
6 131
7 43
21 7
1 129
14 138
20 124
0 78
17 101
21 88
5 61
7 12
8 83
2 154
9 148
4 125
13 156
12 56
13 152
21 148
2 91
13 117
18 42
21 113
1 122
6 159
18 15
9 139
15 141
8 87
10 81
8 161
11 35
6 36
9 137
2 152
8 107
21 89
0 103
10 119
19 1
12 170
9 16
3 87
0 168
15 157
8 154
14 53
0 9
13 162
3 152
2 1
0 60
1 73
2 25
17 157
18 157
1 165
1 148
19 96
17 132
20 147
17 51
6 56
13 92
16 99
19 134
11 142
3 75
8 107
6 5
18 9
0 22
11 127
3 77
1 40
12 70
9 162
15 56
9 84
8 54
21 46
3 76
13 62
4 141
3 24
15 68
15 62
1206 83

184 130
100
112 125
141 24
80 85
0 72
158 128
101 52
70 105
117 83
49 80
2 12
171 59
86 40
79 105
31 48
42 63
49 39
33 117
25 76
136 48
90 10
112 69
109 120
60 70
49 58
137 122
165 100
95 73
142 31
32 14
106 12
131 119
39 118
77 13
144 38
110 93
165 3
75 125
167 48
85 123
85 36
94 70
29 44
91 22
66 112
130 86
174 10
105 66
157 60
152 80
23 90
101 1
39 113
179 118
92 74
165 99
83 53
140 44
31 95
67 2
87 15
171 16
18 114
96 129
145 13
7 2
152 19
42 31
91 9
18 32
26 43
136 117
49 119
16 15
142 28
162 112
7 47
14 64
31 42
27 65
69 4
116 120
154 64
49 4
53 78
45 11
132 128
25 53
89 55
52 49
174 65
29 54
39 27
135 23
59 101
159 9
126 86
149 48
102 102
85 55
104 29
1330 62

104 106
118
66 78
6 20
39 32
86 99
56 23
13 6
15 96
5 92
44 72
27 1
69 57
85 45
53 80
47 75
101 30
60 43
1 72
66 29
97 98
102 86
55 13
71 73
0 100
103 83
67 39
43 24
39 94
91 82
42 41
61 15
75 93
44 46
97 87
46 89
85 10
44 63
73 63
10 53
92 43
14 49
70 47
101 72
93 97
73 34
67 44
7 85
14 15
92 30
31 105
0 88
94 84
43 79
34 104
75 7
87 33
72 6
64 18
23 58
84 59
42 52
52 25
56 19
98 102
25 60
70 89
10 59
50 70
7 14
45 30
86 26
61 3
16 23
85 36
43 28
102 19
90 55
10 24
46 103
28 26
69 87
26 37
73 74
12 63
84 53
7 9
103 30
90 1
10 19
98 72
77 36
33 92
13 85
65 65
43 90
70 65
46 99
9 90
57 91
0 99
79 90
51 29
66 73
42 62
83 95
91 100
27 38
79 31
8 35
44 74
92 61
77 33
88 4
13 83
93 27
2 17
59 6
102 30
26 47
1883 124

142 136
108
78 40
14 14
33 62
131 23
3 109
22 133
37 21
53 82
8 27
128 118
22 68
66 107
29 12
95 60
91 15
4 134
22 103
24 128
86 84
128 71
72 113
113 42
79 27
104 61
17 69
88 72
133 86
105 87
30 44
112 125
15 82
43 97
132 53
86 83
5 52
17 104
68 13
76 8
110 5
111 1
97 24
87 29
123 86
102 30
33 22
75 25
0 52
78 96
105 61
23 2
129 116
89 85
101 78
111 108
67 7
118 43
28 79
2 135
70 79
119 99
64 21
94 20
60 32
16 70
119 69
110 80
41 7
15 83
33 117
13 120
19 38
27 46
70 0
28 3
69 13
112 18
93 7
139 75
86 42
69 104
24 39
134 91
120 130
135 61
13 49
56 49
29 77
16 71
133 37
104 29
7 13
70 72
124 22
4 32
47 110
58 9
110 56
112 102
56 7
116 56
80 117
92 60
141 88
109 26
109 35
116 25
33 98
108 81
414 88

2 1
8
0 0
0 0
1 0
1 0
0 0
0 0
1 0
0 0
732 98

155 17
119
104 9
54 9
101 7
2 15
143 15
103 8
127 13
126 14
37 6
89 15
84 8
44 3
92 0
46 4
53 8
5 5
61 14
40 9
11 11
2 10
83 9
19 15
34 9
37 1
89 15
150 0
125 1
27 13
101 0
46 11
97 16
134 15
97 7
129 11
24 11
102 13
138 8
111 11
71 4
26 11
150 7
51 12
101 13
51 9
122 14
44 0
3 11
92 11
49 3
48 5
24 11
80 10
141 0
54 8
5 11
17 0
84 6
120 3
17 3
33 10
71 16
82 13
36 10
99 13
90 1
18 9
143 0
13 14
38 3
62 5
26 16
146 15
107 13
61 1
96 15
84 0
87 0
127 14
143 6
32 0
83 10
103 10
76 11
117 16
132 0
136 3
149 4
9 14
25 14
146 7
10 16
141 1
124 7
90 13
35 2
127 11
98 12
58 9
114 6
147 1
36 7
6 1
128 1
72 14
106 15
118 15
21 14
1 10
152 9
128 14
99 6
91 4
153 10
54 2
8 8
5 6
70 8
113 1
13 11
1868 102

14 117
160
9 115
6 63
3 22
11 27
9 84
8 34
8 26
1 24
7 98
3 110
8 38
12 5
13 54
4 99
12 113
5 40
13 69
3 46
7 115
4 44
13 11
7 96
10 20
7 16
11 12
5 95
1 20
3 11
11 51
12 23
2 76
4 93
5 61
9 96
6 37
4 106
5 63
11 91
10 31
12 88
2 114
7 115
9 63
5 47
7 75
10 52
3 83
11 60
4 40
6 50
7 66
0 99
8 58
6 46
8 89
9 44
12 68
12 62
5 85
7 87
13 80
5 76
0 43
8 21
7 96
10 51
9 44
0 83
5 6
12 83
2 38
9 15
0 105
10 70
13 89
1 31
2 47
12 59
6 29
13 2
2 96
10 48
12 69
9 103
2 30
4 55
11 21
10 63
5 97
10 95
1 21
6 55
8 74
8 75
3 64
12 55
11 84
9 65
0 74
3 47
13 20
5 110
0 105
9 37
13 65
4 43
6 73
0 99
13 108
2 27
10 31
12 49
5 116
0 79
4 93
10 70
7 72
3 65
1 32
13 92
2 48
3 39
6 74
1 65
9 1
5 89
11 93
5 100
3 114
2 15
11 82
6 21
13 47
13 41
2 99
4 17
3 44
13 40
7 10
1 47
8 78
6 96
4 73
12 76
4 104
0 61
5 26
2 2
3 43
13 53
12 70
3 74
5 1
7 11
8 10
10 76
0 84
4 17
10 39
11 101
621 81

178 71
149
72 43
131 56
140 45
60 70
40 27
28 46
162 58
118 31
21 19
116 24
175 27
89 62
107 15
129 46
147 32
8 40
75 44
7 67
54 62
142 68
127 4
136 32
21 0
162 8
64 30
62 34
130 0
64 20
132 31
77 62
167 23
169 27
146 28
52 61
111 52
86 29
107 59
171 5
147 6
7 20
79 17
81 4
147 6
36 3
11 3
4 19
87 58
47 60
159 69
126 8
83 5
6 37
90 49
147 32
132 50
0 53
75 29
156 35
69 36
69 70
124 45
51 54
21 8
171 46
89 30
113 37
173 63
157 2
143 30
109 65
51 15
44 10
142 16
51 67
78 58
124 61
33 20
125 64
132 56
93 2
82 41
9 16
9 0
140 4
161 8
175 41
115 61
59 20
128 12
11 61
122 24
147 52
157 50
151 36
129 35
71 13
120 1
20 7
71 36
125 64
140 47
167 2
58 69
39 51
127 18
31 62
14 48
158 45
62 10
159 67
83 56
120 18
136 70
145 67
109 69
68 49
4 13
93 5
129 47
133 11
160 5
162 62
151 61
21 40
62 19
68 10
144 32
166 64
126 47
74 11
121 55
70 43
117 34
45 39
158 60
141 11
28 34
159 44
165 19
8 21
47 31
54 56
13 49
120 34
160 26
162 42
145 9
108 26
63 19
695 60
