25

162 111
99
85 107
154 94
82 1
44 45
37 72
138 68
144 29
63 65
43 3
66 105
101 44
66 73
125 89
148 31
105 10
9 70
113 43
120 5
0 4
152 36
120 47
19 11
117 20
123 66
37 31
49 39
74 92
0 40
40 77
40 103
122 77
6 13
23 36
37 49
12 40
48 68
127 101
127 38
47 16
25 59
55 44
72 73
71 107
135 27
97 29
104 28
30 16
82 61
58 15
86 105
156 91
56 97
27 27
61 96
22 107
155 3
3 92
52 48
73 79
12 42
58 82
96 15
159 64
125 94
89 69
63 77
83 35
80 80
126 56
108 14
92 42
146 78
133 77
67 19
24 14
44 110
22 27
6 77
146 99
119 107
151 65
58 10
129 53
71 98
56 20
27 29
85 3
116 110
148 10
106 27
25 45
120 4
126 67
152 87
9 37
94 93
136 70
128 97
90 60
1520 53

69 5
90
28 2
62 1
66 0
21 0
56 1
52 4
44 1
18 0
20 4
38 3
15 0
30 1
29 1
6 3
58 0
63 1
20 2
9 1
52 1
14 2
68 2
46 4
3 4
7 2
66 0
39 2
34 0
48 2
47 3
41 3
38 4
50 4
45 4
1 3
53 4
62 3
1 0
14 3
1 3
65 0
60 2
40 3
9 1
38 0
55 1
41 1
8 3
25 0
44 0
6 2
40 4
34 1
27 1
24 1
68 1
50 3
5 2
14 1
24 4
26 2
60 0
18 0
66 1
65 3
61 1
28 2
20 3
30 1
8 4
65 4
66 1
3 0
64 0
12 3
62 0
24 2
37 0
60 1
61 1
23 1
34 1
55 4
34 1
13 3
52 4
33 2
30 4
18 4
65 0
45 3
1598 120

84 30
156
43 12
41 21
21 4
60 24
43 18
76 22
28 22
37 19
69 18
52 8
1 5
51 18
43 4
79 15
83 5
47 27
40 10
41 10
58 28
63 18
17 18
44 16
74 16
44 10
46 2
82 7
0 2
38 28
79 19
16 16
42 3
8 10
73 10
7 2
81 27
6 25
43 11
10 18
67 29
53 2
72 22
37 18
20 27
23 17
81 19
62 0
18 7
9 9
5 21
39 28
43 26
6 5
47 4
44 6
15 23
7 22
0 16
79 22
32 8
11 7
83 11
52 6
19 12
6 1
18 22
25 26
47 3
3 20
16 11
1 11
15 8
67 26
58 8
14 28
37 0
69 4
76 24
32 29
82 15
70 18
74 1
50 1
13 8
56 7
53 22
81 11
2 9
61 0
78 19
73 20
62 6
66 29
47 28
62 27
39 13
62 11
71 12
0 1
46 24
74 22
68 28
60 5
24 13
16 21
44 12
80 1
43 19
26 22
50 9
72 23
36 8
29 28
27 26
33 10
45 10
5 11
83 18
15 11
58 26
73 0
35 27
16 9
9 15
9 2
27 8
35 20
51 12
29 22
27 25
32 27
59 11
28 5
31 16
56 21
35 23
8 16
33 2
47 0
40 26
26 15
3 7
60 26
20 26
36 5
19 17
1 20
83 5
40 19
53 24
21 12
4 16
24 8
81 20
63 12
30 6
22 10
1187 94

183 97
55
112 78
147 53
144 75
165 31
180 64
108 18
9 77
46 52
153 40
131 85
142 83
178 5
110 54
40 60
53 74
127 21
130 20
44 67
55 72
61 96
129 25
110 66
36 9
25 89
0 61
132 3
54 91
47 59
93 20
64 77
100 45
69 5
5 36
96 33
19 24
74 59
182 21
166 28
117 77
21 50
157 94
124 72
161 16
23 31
76 79
53 93
125 65
166 31
38 6
50 13
37 51
41 5
101 79
118 58
166 70
522 79

171 74
109
84 22
39 22
42 51
52 0
41 62
72 0
8 55
152 35
15 34
67 26
119 32
87 55
165 24
82 72
57 57
35 10
61 9
112 65
70 58
13 61
31 9
128 50
165 39
33 37
116 69
85 13
150 65
35 28
103 13
114 10
87 22
60 23
83 31
54 33
115 63
40 69
114 16
162 60
115 7
28 63
104 71
135 20
86 59
121 27
153 51
88 19
136 57
134 18
167 30
70 44
160 72
33 33
137 61
100 50
132 21
29 50
96 34
145 39
51 70
128 39
155 53
74 25
170 19
135 71
92 60
109 2
169 30
40 72
101 0
56 38
89 32
163 62
74 12
28 13
7 43
163 71
110 26
117 26
49 60
99 31
12 65
62 61
84 7
98 41
61 46
126 10
118 27
32 29
66 52
35 38
40 29
158 48
148 28
48 42
34 57
60 52
40 73
165 24
106 28
58 55
66 59
157 12
111 11
57 42
95 7
123 68
98 60
28 22
67 33
1226 69

129 30
53
100 29
27 25
107 16
66 9
6 13
6 0
5 8
81 8
22 1
99 2
56 0
41 29
101 21
36 0
87 28
75 16
21 28
55 21
127 0
65 2
3 15
37 16
102 12
49 5
19 22
79 19
128 1
94 15
24 28
72 2
70 21
94 12
34 8
52 24
53 16
93 21
67 23
121 12
94 6
8 17
11 11
55 16
24 5
118 27
101 26
122 28
104 15
69 7
93 10
9 24
61 10
38 22
36 11
757 142

124 1
175
46 0
5 0
3 0
107 0
110 0
11 0
90 0
47 0
102 0
6 0
52 0
3 0
113 0
90 0
7 0
99 0
88 0
104 0
31 0
45 0
101 0
95 0
118 0
110 0
33 0
56 0
78 0
56 0
88 0
52 0
20 0
43 0
109 0
38 0
100 0
54 0
44 0
11 0
52 0
33 0
118 0
120 0
24 0
42 0
121 0
84 0
69 0
33 0
110 0
53 0
60 0
26 0
56 0
21 0
50 0
35 0
12 0
14 0
79 0
88 0
92 0
76 0
0 0
64 0
34 0
67 0
70 0
43 0
36 0
83 0
38 0
60 0
15 0
2 0
5 0
46 0
26 0
90 0
20 0
117 0
86 0
49 0
19 0
111 0
93 0
38 0
38 0
33 0
73 0
83 0
52 0
1 0
23 0
119 0
88 0
15 0
2 0
87 0
73 0
42 0
107 0
23 0
9 0
49 0
100 0
63 0
87 0
76 0
103 0
3 0
67 0
71 0
105 0
85 0
1 0
87 0
46 0
52 0
95 0
61 0
9 0
92 0
122 0
4 0
101 0
30 0
98 0
87 0
12 0
67 0
76 0
58 0
21 0
78 0
81 0
68 0
51 0
104 0
25 0
64 0
2 0
104 0
106 0
86 0
55 0
69 0
117 0
56 0
16 0
77 0
57 0
35 0
3 0
61 0
41 0
100 0
2 0
69 0
12 0
25 0
101 0
71 0
52 0
64 0
5 0
1 0
61 0
68 0
37 0
112 0
8 0
25 0
4 0
41 0
42 0
355 143

172 19
185
109 2
128 18
78 0
30 14
140 0
170 2
17 9
138 8
128 5
152 7
19 16
138 14
113 4
124 2
121 0
108 16
159 17
105 5
120 12
25 1
22 1
49 17
5 14
24 1
73 17
59 18
113 12
0 3
66 2
75 17
90 2
22 13
23 10
104 12
44 3
12 1
34 15
96 6
33 2
170 4
141 15
16 11
33 15
80 15
106 4
39 10
101 18
102 8
125 17
127 5
23 11
146 13
52 14
44 4
100 16
117 5
169 5
70 7
8 2
10 2
56 0
130 3
133 6
56 12
148 14
105 0
92 17
112 0
98 12
63 1
90 3
156 17
49 18
153 16
148 1
57 1
151 14
155 1
87 13
133 3
49 6
78 4
139 14
145 9
162 9
102 2
28 8
100 17
145 3
61 15
0 16
81 13
162 10
149 6
105 10
137 0
92 9
22 10
13 13
162 16
2 15
157 13
56 7
144 17
28 15
18 9
20 4
27 15
166 13
70 17
149 3
47 4
153 12
5 11
149 3
42 17
72 12
69 9
129 17
69 5
124 16
140 11
164 17
11 9
63 9
77 8
83 1
144 8
24 1
43 8
155 13
110 6
12 0
48 18
64 10
35 7
67 17
7 0
141 3
136 1
56 6
118 10
41 0
87 11
80 16
32 12
11 8
73 12
144 5
119 10
39 18
145 8
146 13
111 7
54 6
47 2
67 15
105 5
97 16
25 3
11 8
156 11
6 7
84 15
42 3
163 7
52 15
95 14
144 15
84 11
28 2
47 5
70 2
94 14
38 5
69 17
135 11
103 12
51 8
55 14
23 4
62 11
146 13
78 18
31 2
1899 109

94 19
90
41 10
67 9
17 14
22 16
89 6
6 7
50 1
69 1
69 14
27 12
74 11
93 15
57 1
50 18
67 12
88 9
17 16
93 3
2 11
42 3
49 12
21 0
52 13
93 12
17 15
47 3
4 10
84 10
23 16
4 1
73 7
74 2
71 16
81 3
73 7
5 2
37 5
45 10
29 5
65 7
75 7
50 0
29 7
34 9
23 13
16 5
56 15
14 2
17 15
22 7
39 0
90 12
86 12
58 12
25 9
20 7
51 3
56 15
23 1
31 4
70 15
14 1
74 1
34 3
75 13
85 15
8 10
42 15
6 5
28 3
88 6
86 0
78 4
87 10
87 14
44 16
62 18
72 16
41 5
14 11
12 10
7 5
41 10
29 18
80 11
58 13
6 5
16 17
79 2
61 4
61 15

159 20
9
124 7
4 5
154 14
25 6
53 13
20 18
13 0
24 6
16 9
1814 149

111 86
64
90 19
89 29
100 22
24 54
101 53
64 71
26 5
100 58
69 72
83 66
66 73
64 18
28 17
98 68
53 41
35 66
108 68
27 75
10 31
83 27
33 76
46 23
11 83
17 84
1 62
3 66
38 71
19 75
106 73
91 65
59 45
88 58
13 0
110 7
102 60
75 79
52 32
16 53
57 83
30 7
37 35
108 17
16 71
97 40
40 67
49 76
75 85
96 72
82 47
92 34
60 72
72 81
102 39
43 79
24 31
58 62
81 55
94 28
30 42
61 22
27 78
13 24
37 23
71 81
336 105

180 59
196
139 58
110 28
31 49
45 20
6 27
5 19
153 4
59 12
79 52
77 45
2 50
0 55
105 24
148 53
97 10
42 38
136 31
131 16
134 3
35 28
107 7
29 45
135 5
155 45
72 31
14 15
165 22
2 14
128 7
160 49
18 34
34 27
152 3
97 53
2 44
7 0
4 53
7 5
45 33
56 24
171 21
105 24
150 0
108 10
125 41
64 19
22 50
98 15
71 8
168 29
25 23
159 41
98 33
166 13
8 34
67 46
160 33
44 7
117 1
160 6
104 5
28 38
77 37
78 7
125 26
46 54
140 45
77 27
24 17
126 35
15 24
1 15
69 6
132 16
81 38
148 30
138 45
35 17
143 58
118 50
67 0
74 9
151 39
75 1
22 18
105 5
52 52
152 25
80 54
32 9
11 41
43 14
49 41
21 46
87 30
30 35
144 51
78 29
130 20
175 53
112 13
17 11
69 10
2 38
48 36
13 10
35 46
140 28
79 44
15 1
162 53
42 9
148 33
94 13
144 29
15 46
3 57
34 46
139 13
177 34
142 9
14 37
5 16
125 21
52 37
129 12
84 54
10 12
164 53
136 45
7 48
49 26
130 42
73 52
166 30
39 53
72 3
153 20
21 20
69 2
38 18
170 16
61 1
66 24
51 32
5 41
149 43
72 38
57 26
169 19
93 21
66 52
136 18
146 45
126 41
59 2
59 39
158 12
12 20
114 25
97 6
159 16
82 31
40 3
165 56
91 4
154 39
152 47
125 31
114 11
69 7
113 39
127 43
27 44
98 20
118 49
90 52
178 18
140 2
176 37
165 16
22 56
23 16
152 3
152 0
76 23
30 37
54 23
96 6
42 47
156 48
62 31
155 28
81 8
105 6
98 4
1886 61

84 150
46
29 63
81 108
49 123
63 43
58 90
35 60
3 134
42 143
49 94
40 97
24 17
69 140
79 119
9 135
60 88
41 24
69 35
33 5
42 93
25 22
53 38
56 54
24 84
12 128
17 110
28 46
23 131
62 91
1 63
69 70
65 86
64 137
27 57
14 139
55 135
63 140
30 116
32 144
65 27
30 21
69 117
39 37
71 8
46 84
78 2
14 53
1457 65

8 28
59
4 16
4 20
6 1
7 21
6 22
5 27
4 5
5 0
5 18
0 9
1 15
0 20
1 22
1 6
2 20
1 17
3 20
7 1
5 7
4 18
3 18
2 14
7 9
7 17
1 8
3 17
1 15
0 14
0 11
6 6
3 4
1 2
0 6
3 9
1 13
5 17
4 9
4 21
4 18
0 14
1 5
2 11
5 24
7 24
3 21
6 17
4 11
5 4
2 4
3 21
6 11
7 19
0 26
0 9
5 0
2 27
7 22
1 6
5 27
698 144

117 44
171
35 41
50 32
28 22
68 18
93 23
104 22
95 5
16 22
34 3
25 32
110 24
58 38
107 38
23 20
71 18
15 4
72 34
100 8
16 16
80 28
35 0
34 3
6 29
54 20
30 38
99 22
19 25
93 1
63 30
90 20
70 13
20 39
95 5
23 41
70 20
84 32
54 8
64 22
105 24
57 12
51 29
46 35
10 21
75 6
39 14
6 15
66 41
65 21
29 1
17 31
97 14
62 40
13 6
34 23
96 22
27 35
44 36
89 3
4 30
13 43
15 35
30 18
92 18
116 17
51 35
18 10
20 14
102 34
48 7
93 13
32 16
107 0
108 26
18 17
63 22
7 39
75 5
76 13
62 0
66 8
43 30
100 33
95 4
75 29
3 30
104 17
76 0
53 35
56 28
116 14
79 11
69 42
103 7
80 19
80 19
113 16
20 43
4 9
14 8
84 42
104 16
66 43
90 19
36 0
97 29
42 6
106 28
54 41
70 10
30 1
56 7
111 20
28 37
22 6
53 26
55 20
86 20
4 15
88 1
114 36
53 1
67 9
10 28
93 27
26 5
31 32
62 9
77 4
15 1
96 16
66 10
30 43
115 43
55 8
70 7
30 18
11 34
6 34
9 25
9 20
48 9
21 1
88 27
116 17
106 43
36 30
38 12
20 39
70 1
11 27
15 19
116 6
94 9
77 11
76 6
104 40
105 13
13 35
72 10
87 2
51 6
85 13
17 33
27 41
94 37
75 37
97 10
76 5
94 1
59 38
55 42
1346 90

160 67
186
132 30
63 56
35 44
130 52
109 28
35 57
15 0
15 45
11 24
1 54
106 60
91 4
108 25
19 29
159 26
11 48
14 30
88 45
17 22
36 36
98 40
111 50
16 53
80 8
44 61
154 23
1 57
26 32
128 12
92 41
89 27
13 62
103 3
27 22
66 26
24 34
152 36
62 43
53 17
76 46
94 22
78 60
30 62
156 65
120 59
89 14
155 45
27 5
115 50
74 22
28 3
1 53
18 0
18 17
68 58
38 27
38 5
98 23
102 40
37 14
22 2
110 40
136 17
26 65
120 61
138 38
99 33
68 37
117 38
16 54
128 28
35 49
104 25
56 4
60 13
154 52
31 10
30 42
100 19
77 60
56 36
96 2
121 57
132 33
5 16
125 30
77 37
70 48
40 63
54 60
68 60
30 65
119 58
47 12
147 28
57 23
88 19
79 6
132 52
134 38
134 49
27 59
16 24
20 21
138 53
126 31
34 37
118 51
34 19
132 30
58 36
130 34
60 56
154 10
71 16
77 11
59 53
112 66
75 46
80 63
17 39
150 28
91 51
70 48
67 9
1 52
28 41
43 65
72 65
71 52
7 3
158 62
137 11
126 15
133 15
95 28
130 1
65 3
82 57
145 2
159 52
74 6
157 5
56 22
127 59
24 25
134 39
124 27
84 26
43 44
159 6
4 36
1 23
2 62
76 55
59 59
90 0
67 53
98 13
46 44
103 53
115 21
138 63
44 21
96 34
25 23
127 8
36 26
17 0
95 39
43 15
137 53
24 16
80 6
110 10
49 64
66 58
91 31
55 16
81 16
145 35
14 39
72 38
34 25
88 60
27 42
678 139

72 59
181
46 0
39 54
34 49
8 36
1 32
66 26
25 5
69 6
10 17
67 22
0 20
70 30
22 50
20 57
17 17
65 14
30 7
18 39
9 6
9 50
35 30
42 52
22 30
49 41
49 15
45 17
3 0
69 44
37 10
54 47
17 24
38 36
17 17
56 27
45 19
36 13
5 52
66 51
71 17
11 45
61 49
29 32
14 36
65 6
7 54
58 29
30 40
51 3
19 49
45 2
44 30
13 18
27 17
39 28
61 37
25 49
66 19
53 51
45 29
12 34
31 21
44 43
60 42
54 35
41 48
38 41
31 52
16 42
41 38
19 1
31 3
5 33
69 6
19 0
43 48
59 46
33 29
56 48
22 53
33 24
13 24
23 14
61 16
56 17
52 51
21 17
23 37
44 46
56 50
19 1
53 54
50 40
25 4
19 31
57 54
1 6
45 56
34 11
16 45
11 1
70 44
38 18
2 40
34 5
49 6
8 5
30 43
5 12
67 52
49 16
9 4
2 55
52 45
21 44
45 44
67 33
13 38
20 5
67 1
27 57
67 37
46 49
36 18
0 39
27 45
36 5
49 34
32 13
6 30
44 6
64 39
46 4
12 25
51 23
47 36
3 48
34 12
34 24
24 46
55 12
62 30
3 55
30 35
7 1
23 18
18 15
44 44
30 2
55 26
54 49
42 58
22 4
58 37
7 35
33 21
45 10
6 1
15 26
11 32
11 30
67 55
19 31
46 53
56 26
26 13
33 24
16 6
48 18
0 9
49 28
17 44
40 29
65 3
14 9
6 43
64 36
31 43
52 4
65 55
56 36
34 8
1818 146

165 58
54
35 12
105 43
144 23
7 53
160 34
51 38
96 17
33 25
51 57
132 0
89 19
132 6
149 1
121 43
31 42
19 28
102 54
152 33
126 3
127 17
26 35
39 33
39 8
90 40
62 7
100 34
19 50
98 28
122 47
121 43
147 18
74 31
136 21
93 47
111 6
14 55
24 27
43 32
120 2
126 23
60 52
63 42
141 6
109 18
129 21
36 12
14 52
42 50
126 21
55 17
54 9
100 53
68 54
91 6
989 115

108 61
142
32 59
13 17
16 19
15 23
105 27
80 43
15 22
104 14
48 17
87 56
25 28
64 3
100 59
93 6
43 58
21 26
107 57
7 12
76 43
57 30
33 16
49 1
40 60
27 25
17 4
66 55
67 40
66 39
76 59
91 51
61 35
19 22
62 26
32 39
82 5
16 16
85 35
44 14
92 29
50 12
62 1
90 43
21 42
104 21
29 29
19 45
28 13
6 42
43 29
24 24
25 56
22 38
106 26
54 34
19 33
55 31
17 57
4 7
19 59
61 46
70 43
73 58
71 10
66 30
72 30
68 11
93 21
93 33
103 1
17 12
44 10
74 52
69 10
31 36
0 28
27 53
8 40
89 0
91 42
51 6
48 20
96 1
56 51
98 57
67 38
88 9
24 56
65 8
77 48
28 38
100 12
81 56
44 53
33 40
88 55
57 32
103 16
62 42
100 58
93 47
72 44
80 17
95 31
55 54
92 11
6 4
69 20
90 4
67 44
6 56
6 3
35 33
73 1
61 58
6 13
98 14
70 24
16 48
92 34
76 42
91 7
81 15
17 56
68 15
51 44
62 21
100 15
51 55
83 41
98 19
1 52
73 59
23 59
65 26
48 50
67 2
95 11
34 25
1 12
69 8
66 49
68 39
272 59

156 35
28
77 21
120 30
19 27
146 6
98 31
125 7
93 31
77 0
96 2
16 12
12 6
27 15
25 18
146 20
43 8
132 23
107 4
13 13
55 32
83 10
81 8
152 19
6 8
122 15
22 10
79 33
128 22
76 13
8 5

185 7
118
151 2
48 3
139 1
162 1
81 3
66 3
126 3
21 3
161 2
16 2
123 3
10 3
95 2
55 5
23 1
69 5
86 0
2 3
47 5
107 2
173 3
160 6
33 4
174 2
19 0
26 2
154 2
11 1
57 2
159 0
42 3
179 1
89 0
3 1
88 6
32 6
182 6
101 0
63 3
172 6
6 5
96 6
91 6
10 4
65 2
28 2
30 5
184 5
111 0
36 4
32 2
31 4
5 4
39 3
118 4
155 0
32 3
5 1
180 1
123 4
134 5
38 6
74 4
83 5
28 4
141 6
164 6
95 1
167 3
105 2
45 2
55 3
9 5
20 5
91 4
122 2
90 4
41 0
37 4
131 4
63 4
59 0
114 1
10 3
131 3
140 3
13 4
114 4
134 4
63 0
122 1
172 3
131 6
170 1
123 3
122 0
2 1
157 6
65 4
53 6
110 1
157 2
80 2
4 5
40 4
11 4
45 2
95 6
11 2
87 1
172 2
22 1
15 3
141 4
153 5
113 5
149 2
11 3
1958 105

147 171
179
53 42
26 147
89 37
119 108
121 141
83 154
36 161
45 166
60 156
98 153
119 7
122 134
29 109
20 170
106 16
136 104
15 74
44 86
143 4
0 69
29 117
30 27
60 44
21 107
2 79
31 76
103 129
96 127
31 4
109 38
16 119
29 13
52 6
90 84
130 131
56 71
58 82
128 133
69 20
123 93
36 59
78 44
104 49
67 76
104 104
20 39
106 150
50 68
39 123
125 120
89 84
23 31
17 78
76 153
62 139
87 147
67 121
122 2
116 5
93 78
114 160
13 15
124 18
120 124
54 19
122 88
129 143
17 101
50 3
63 84
94 6
107 20
35 78
123 83
86 153
87 97
57 145
78 127
36 44
121 163
107 112
80 83
11 14
5 10
92 70
77 131
32 75
141 29
123 94
18 69
50 148
82 128
42 40
140 142
109 140
40 152
5 111
36 4
62 122
56 170
72 68
121 103
102 92
110 160
143 34
101 88
131 7
116 54
84 159
54 6
64 163
43 96
8 72
74 170
141 103
107 118
52 47
19 143
139 142
34 98
114 83
81 28
66 21
112 83
57 73
19 160
22 68
39 10
14 69
43 124
103 29
131 25
143 46
127 149
116 68
104 18
107 121
13 122
50 93
26 150
95 21
81 51
112 102
48 129
19 112
10 144
6 99
118 119
54 165
3 86
23 66
11 1
24 36
119 137
120 71
58 168
16 57
136 106
30 7
107 166
72 43
134 40
13 166
18 7
87 50
143 63
140 22
104 28
107 156
89 152
106 154
102 152
74 49
109 112
54 134
127 58
6 145
105 144
90 22
950 67

181 197
76
173 146
122 75
106 56
173 27
124 186
78 38
73 21
26 1
16 56
54 165
31 12
74 23
50 43
11 92
87 178
170 9
162 56
71 51
34 48
175 144
179 36
73 58
105 115
49 156
28 84
3 52
145 39
150 92
172 167
31 79
144 32
130 19
1 146
48 186
139 179
141 42
149 148
91 94
53 168
108 187
71 190
79 141
119 105
118 41
109 74
153 139
75 11
67 0
146 97
137 21
48 95
148 186
25 164
88 110
90 133
24 146
28 27
122 97
141 30
84 19
82 120
117 186
164 127
75 150
41 161
139 139
12 149
132 144
72 130
83 70
109 105
29 163
178 65
139 47
121 54
1 72
446 148

110 153
62
56 134
79 32
87 80
103 17
12 116
6 143
88 132
48 30
72 80
97 113
15 38
79 131
69 79
59 80
26 119
52 11
43 79
30 59
36 45
92 152
55 47
49 131
92 18
8 52
99 50
98 41
100 24
36 47
2 36
53 65
106 47
66 121
94 117
33 128
98 21
16 46
14 99
104 129
108 91
49 1
47 92
7 40
14 12
10 126
14 29
73 55
45 69
90 18
35 77
51 51
75 42
73 84
78 82
84 125
95 24
102 53
44 70
4 20
101 151
14 131
85 151
76 138
1428 87

46 152
52
43 5
8 48
15 15
5 108
13 119
15 149
11 114
42 95
20 70
30 19
0 38
32 28
29 74
11 2
12 75
14 88
24 99
22 8
6 123
44 54
37 150
36 49
23 91
20 94
4 88
14 151
45 137
43 105
38 136
6 147
17 47
44 2
0 73
16 65
6 78
17 78
4 5
10 104
39 36
36 36
9 90
22 103
5 30
42 94
21 9
10 137
34 45
41 150
22 129
1 25
7 5
0 49
1688 122
