26

125 18
179
30 5
20 16
66 10
122 10
122 0
100 12
7 13
25 14
10 1
57 5
93 7
38 9
25 16
3 9
46 0
92 14
124 11
109 2
81 10
85 9
101 7
82 2
27 16
19 11
51 13
40 9
58 4
39 8
25 17
109 2
90 15
67 7
47 10
102 9
97 9
61 1
27 0
112 13
116 14
87 2
86 5
122 1
64 16
97 17
98 15
99 17
9 11
12 16
92 3
115 16
31 2
44 17
53 6
113 11
92 15
118 0
80 17
3 1
119 7
90 14
81 9
52 14
116 12
43 11
120 0
60 16
48 14
18 15
33 8
52 4
89 15
50 9
87 6
52 16
81 5
32 0
123 17
78 0
115 13
113 12
24 9
123 1
114 10
54 12
58 17
38 15
89 1
12 12
61 13
8 8
123 5
105 1
21 17
115 9
62 9
49 2
88 3
26 8
64 13
6 15
92 17
115 10
14 12
57 13
48 1
81 3
49 9
21 10
104 5
49 16
116 9
43 10
18 5
2 8
96 11
120 2
24 9
10 3
81 12
34 10
8 4
102 10
101 6
94 3
53 8
96 13
106 11
21 2
76 0
86 3
0 12
62 8
34 16
52 12
38 3
18 7
111 5
60 14
50 8
7 8
65 10
16 2
59 8
120 7
104 2
67 8
50 9
9 16
18 2
36 15
66 17
116 0
5 9
17 3
39 7
82 15
8 15
50 4
22 9
102 4
123 14
76 15
54 13
36 5
25 15
88 13
111 16
58 12
21 14
25 0
118 9
75 3
87 10
7 15
43 10
107 8
2 5
118 17
124 16
789 50

163 165
6
81 96
152 138
70 67
150 113
124 78
26 19
873 101

29 165
114
1 119
27 29
25 98
27 59
22 58
17 82
16 89
4 148
7 111
14 24
14 124
20 5
8 120
1 144
17 24
0 84
20 61
23 136
4 4
10 103
4 62
4 61
22 121
4 96
19 131
0 95
24 98
17 1
2 60
17 120
4 139
13 26
3 137
6 108
7 8
17 88
1 106
15 109
8 114
18 132
17 149
9 80
25 95
0 156
28 94
25 69
16 71
25 53
22 50
5 110
23 2
4 103
6 146
27 132
1 40
16 59
8 19
27 111
8 88
6 52
5 13
11 112
14 0
10 69
15 113
20 113
3 35
23 17
12 158
2 151
25 142
15 136
25 88
12 119
15 64
6 130
2 18
8 74
26 46
21 51
5 147
8 111
1 90
15 162
19 72
17 157
19 147
20 115
20 19
12 124
12 37
19 27
27 104
14 107
18 74
16 150
15 22
9 26
18 122
3 134
0 124
2 90
5 117
15 137
10 1
23 21
14 56
13 4
15 87
16 159
9 4
7 157
26 88
21 98
1947 86

106 71
1
78 17
125 72

164 196
115
57 174
32 115
102 171
93 125
119 21
16 193
49 62
161 150
66 137
77 43
60 178
35 115
131 123
64 143
76 0
91 143
27 163
112 81
115 111
16 107
27 68
27 184
17 92
134 191
130 8
160 175
137 133
81 3
76 150
74 154
117 192
60 79
23 109
118 128
121 142
47 5
44 180
129 53
20 62
60 128
57 150
27 43
37 161
21 40
82 185
56 50
162 110
127 2
155 73
123 25
60 49
111 67
95 95
117 32
113 5
49 42
28 3
18 70
76 48
8 120
16 148
112 26
76 35
35 4
64 129
153 135
64 144
91 133
144 64
61 122
24 177
34 193
85 20
41 164
146 28
4 57
153 56
141 170
82 95
29 97
138 27
122 179
26 170
113 191
123 47
87 6
150 42
150 108
44 179
148 178
120 77
81 56
82 107
38 119
4 117
36 57
44 101
133 184
105 120
45 60
99 72
93 168
54 175
121 189
91 118
111 76
37 109
42 77
7 151
73 28
123 46
149 24
156 101
101 91
121 190
129 39

194 184
103
173 140
172 152
73 4
138 143
136 42
168 64
28 139
139 93
182 14
3 36
45 176
2 120
69 139
105 5
81 77
122 106
173 69
43 23
91 16
57 118
132 57
50 110
129 80
155 153
158 97
149 24
20 149
176 141
142 70
154 101
49 171
72 33
188 91
136 105
49 55
30 105
170 0
89 128
176 168
47 107
52 84
192 9
31 47
66 127
116 10
5 100
56 174
88 134
176 44
131 19
155 172
29 108
35 51
107 180
113 40
133 38
1 4
116 140
116 153
184 132
111 3
107 181
55 108
136 23
169 124
176 48
128 133
103 147
113 68
8 172
115 83
82 14
38 132
28 165
173 24
120 87
130 70
183 44
82 167
134 143
36 109
97 141
193 4
87 139
143 57
8 124
98 167
92 47
12 40
105 111
177 24
126 76
49 182
69 158
37 84
8 10
85 53
190 102
74 30
62 70
90 45
140 97
62 134
278 99

189 166
119
115 56
106 128
150 121
68 50
141 92
96 70
77 105
16 128
182 144
1 14
47 12
87 153
112 129
78 32
105 15
86 154
43 84
139 90
107 3
97 139
100 147
97 153
80 131
109 75
47 17
67 65
168 102
101 137
83 57
176 87
136 44
29 11
152 29
181 18
84 88
32 139
21 35
28 121
91 64
150 25
7 38
138 10
57 165
154 37
139 111
14 20
138 55
155 4
144 44
106 23
0 163
154 79
186 60
23 34
132 15
20 53
133 61
102 133
23 124
75 95
79 5
186 126
11 15
186 106
30 165
126 96
161 5
132 101
85 101
110 51
93 142
106 126
172 127
119 148
177 10
66 80
138 39
31 139
46 3
11 95
115 143
119 147
38 142
33 83
25 33
182 80
101 132
115 14
45 67
8 96
109 62
175 145
147 163
47 135
36 51
188 75
137 9
80 156
28 33
89 10
123 139
59 160
54 118
68 96
188 45
149 58
48 13
47 93
146 61
101 135
107 74
30 19
15 159
74 82
23 21
13 27
19 74
125 21
171 153
183 123

192 18
163
147 8
59 4
121 5
110 16
145 12
43 9
177 6
13 10
46 2
184 5
93 7
186 12
135 5
124 17
168 0
100 17
164 7
11 3
135 16
86 10
119 11
115 8
185 10
114 16
92 17
61 2
5 15
182 7
152 4
43 2
1 17
56 8
28 11
58 6
135 0
171 3
1 11
95 13
191 7
154 5
75 8
76 14
25 16
106 5
40 0
169 9
81 16
153 1
176 15
93 14
172 7
67 8
100 2
4 17
119 17
89 6
176 6
55 17
141 1
42 9
170 6
74 8
79 1
155 0
147 8
135 0
43 10
112 6
83 3
53 9
87 15
3 12
126 1
85 17
148 14
9 17
19 6
96 7
109 9
82 6
57 6
76 13
55 0
71 7
65 10
70 7
17 5
108 5
169 0
183 7
35 15
93 15
149 3
65 3
96 7
82 5
150 2
129 3
5 10
157 13
36 17
76 12
153 6
168 17
165 5
115 1
173 4
57 3
102 2
129 5
91 15
175 11
158 14
57 4
137 5
68 1
47 16
26 2
165 14
74 14
38 5
29 5
167 6
112 14
184 11
115 14
148 15
188 13
69 1
9 16
182 15
144 1
151 10
133 11
167 6
40 11
97 2
7 3
5 7
87 9
65 8
43 16
124 14
79 9
128 17
132 6
129 8
151 12
142 16
160 1
147 2
20 11
72 7
136 10
122 17
131 16
52 15
190 15
138 8
186 1
129 7
62 11
158 11
365 106

11 45
72
4 30
5 2
3 26
4 7
1 21
4 6
9 19
10 10
0 44
6 4
8 2
10 14
6 7
3 18
8 15
6 18
1 34
4 43
6 35
0 4
4 13
10 25
7 27
9 36
3 5
6 19
6 28
7 40
5 29
10 43
6 7
0 5
8 43
4 15
7 44
3 11
5 18
8 1
3 20
5 31
3 8
5 9
3 31
8 11
6 7
5 1
1 23
10 3
1 36
7 37
0 20
8 4
2 5
3 0
2 20
5 29
7 34
0 5
1 9
1 21
6 34
10 26
1 33
6 9
2 32
9 4
0 4
3 12
4 35
7 38
8 34
9 8
473 125

157 126
115
36 13
138 62
106 9
129 83
150 88
13 34
155 32
139 48
77 16
69 91
119 54
16 5
72 28
25 103
90 73
98 75
69 101
43 11
148 69
155 27
108 95
105 112
126 120
117 68
92 38
31 57
128 33
134 43
153 121
97 64
98 20
112 97
47 63
85 11
114 35
36 39
21 103
131 125
122 32
144 10
76 89
147 76
93 103
49 122
125 76
106 123
110 20
122 17
8 29
95 9
126 97
44 86
94 112
79 125
29 64
104 23
120 91
73 106
86 92
105 49
96 85
13 54
143 108
127 66
97 101
153 75
83 13
77 122
31 67
69 29
26 7
112 15
112 59
70 62
89 49
42 82
52 5
149 40
5 69
70 110
33 66
66 31
143 40
18 87
98 6
92 14
124 83
145 30
55 84
138 115
112 18
83 72
104 88
127 60
115 38
151 36
48 38
79 51
102 75
93 76
117 0
90 94
137 75
138 51
57 10
29 118
25 30
117 48
20 52
103 101
129 50
100 8
91 76
31 47
40 11
195 76

154 108
169
117 37
21 94
88 92
150 98
73 57
97 53
8 100
23 20
123 88
94 85
96 98
4 27
19 106
95 51
29 3
115 92
143 87
2 96
69 4
68 86
68 94
132 55
132 21
7 64
90 83
39 25
77 12
93 25
72 78
144 11
133 60
138 5
138 11
54 44
103 97
74 0
138 6
95 73
48 52
49 3
37 22
92 10
149 61
133 43
26 88
47 104
11 66
88 51
18 62
53 78
145 63
141 82
0 22
106 99
41 26
147 72
73 38
38 32
51 105
141 44
56 31
78 15
101 40
113 41
32 4
12 76
117 75
77 78
95 102
24 68
3 85
137 107
48 39
144 27
66 53
114 92
23 92
31 80
3 103
25 59
34 0
15 33
1 63
137 24
105 37
49 6
140 87
151 77
150 56
74 94
26 67
90 16
47 71
55 107
32 21
0 82
77 103
50 65
94 100
135 79
98 100
13 67
32 99
66 90
17 50
5 7
73 25
45 59
129 7
38 104
143 16
66 93
122 9
130 83
56 11
7 35
61 22
127 5
125 53
18 9
25 60
145 28
85 22
125 14
123 33
75 31
40 74
19 32
5 90
38 41
138 59
113 93
77 8
148 54
13 22
83 14
152 20
123 87
113 34
122 92
1 56
82 100
19 77
141 40
55 5
118 73
117 0
67 72
110 82
140 71
96 32
91 90
87 47
21 50
69 73
50 97
3 65
54 99
76 40
39 65
118 70
140 96
105 26
59 33
116 104
107 81
19 105
146 36
15 64
1921 76

62 32
66
2 9
8 26
53 11
58 3
51 7
27 13
37 5
24 1
41 24
1 15
40 19
13 26
40 16
49 28
58 28
29 0
40 13
9 16
26 8
55 2
26 14
54 26
24 19
14 5
14 24
10 8
21 19
36 25
21 1
27 6
18 9
41 25
9 2
59 10
18 6
46 17
0 28
35 4
46 23
58 24
19 18
2 25
61 31
41 1
24 29
28 9
57 11
7 13
52 13
54 3
55 17
50 21
8 13
6 18
61 4
25 17
43 6
26 27
2 29
41 0
24 28
43 13
44 23
22 18
47 26
50 23
1454 141

127 165
177
92 120
70 27
49 152
40 139
54 84
87 48
63 76
104 158
109 30
12 57
77 99
34 86
78 87
93 64
79 34
45 124
116 66
57 38
60 26
9 29
66 124
98 121
32 13
58 82
58 38
29 102
42 74
27 150
60 0
105 89
58 153
2 21
81 4
74 120
66 124
48 84
35 77
16 137
23 124
63 45
13 108
35 14
118 107
113 96
63 92
65 66
15 50
67 77
126 106
3 90
17 20
54 128
93 23
67 41
11 139
6 13
49 16
24 28
4 47
74 109
76 71
23 18
65 14
64 162
40 150
112 8
48 26
115 116
40 68
71 31
2 60
121 62
22 13
52 33
30 50
74 57
51 2
75 21
100 112
89 26
45 90
101 143
51 54
41 143
80 26
121 109
124 53
61 126
109 151
33 34
71 121
33 77
77 48
83 101
27 113
14 14
92 7
62 147
75 114
22 106
48 156
126 33
22 72
57 96
101 144
38 57
113 61
66 48
82 123
97 147
44 72
25 3
94 24
38 127
115 156
121 129
45 109
111 78
69 44
18 152
34 59
53 56
95 96
109 107
2 112
82 19
20 110
78 69
110 111
120 106
94 110
68 135
113 80
11 44
37 82
99 86
80 3
93 51
33 42
70 112
78 148
121 99
124 29
89 51
96 49
7 148
82 144
43 36
71 103
80 82
6 75
12 9
38 18
56 137
58 68
112 161
27 146
101 28
2 132
36 146
11 80
112 47
66 87
94 129
22 50
78 33
40 131
14 116
17 50
96 83
14 156
88 62
83 117
78 162
120 5
16 37
107 13
685 94

180 152
168
41 64
73 10
170 22
12 72
135 9
50 138
150 30
161 31
29 133
178 51
108 67
84 81
176 132
66 3
1 29
137 6
129 78
25 43
98 102
9 95
42 122
133 116
97 54
129 120
108 100
109 19
73 9
118 79
72 100
163 72
65 59
148 66
15 94
112 26
5 148
116 53
156 108
66 124
70 52
124 25
62 85
110 19
0 88
124 13
12 137
59 78
123 34
176 145
50 27
11 116
56 108
146 133
83 125
95 65
11 5
138 150
127 38
152 128
109 18
30 33
100 135
98 41
37 85
149 110
163 105
1 132
36 50
154 149
18 72
52 92
74 108
59 60
80 123
0 13
24 12
100 70
61 129
48 14
5 58
108 76
21 60
52 87
7 97
16 48
170 73
3 84
25 119
128 117
168 14
22 87
12 130
151 56
135 147
64 9
56 51
115 129
97 145
50 97
106 62
144 66
41 37
138 18
29 104
28 126
104 85
45 97
103 7
141 131
152 33
11 101
38 77
136 88
50 123
163 69
65 45
154 87
118 47
85 53
10 52
87 131
27 99
174 136
19 136
144 147
90 95
48 126
75 140
138 69
16 70
108 16
156 74
86 115
14 131
10 103
72 150
109 97
94 100
53 144
161 9
167 20
57 34
84 98
11 84
5 100
144 126
117 45
19 136
97 42
164 13
19 36
71 60
34 58
36 85
21 124
58 94
26 146
32 45
143 74
86 0
141 49
49 96
14 1
13 148
73 64
93 106
48 1
171 32
134 100
810 75

112 65
133
107 35
89 8
109 8
12 22
69 22
88 42
23 34
15 42
90 15
97 43
93 53
25 17
55 61
65 17
60 22
17 29
107 36
69 10
4 5
60 44
55 30
60 64
88 20
3 55
110 28
41 57
106 41
33 0
101 10
110 17
51 34
99 34
83 13
18 60
40 63
85 60
82 41
59 57
69 59
43 14
92 56
36 50
102 16
101 2
14 28
88 16
104 9
73 21
7 46
4 52
92 14
44 61
89 52
72 36
4 22
73 43
103 17
38 26
68 20
72 21
69 50
98 24
97 3
103 30
27 53
95 2
101 56
53 5
34 57
8 44
40 38
17 26
36 63
52 57
8 26
79 50
111 0
47 38
34 10
82 32
35 53
8 60
86 58
2 31
15 19
93 56
70 32
72 17
71 36
48 43
54 17
109 23
48 30
69 34
29 5
94 31
34 25
65 8
67 44
74 17
101 18
28 29
65 8
81 9
68 53
95 9
83 3
102 1
92 33
54 21
104 50
46 13
29 59
79 55
48 14
79 46
103 31
57 17
61 12
97 2
46 18
101 27
98 26
0 52
39 15
40 51
70 36
23 28
104 5
102 43
66 23
5 21
91 31
1401 132

175 16
117
60 5
72 4
167 5
24 11
91 8
120 9
142 13
136 10
15 8
74 4
157 8
170 8
81 9
8 2
26 3
35 4
32 2
16 10
0 9
78 2
50 12
66 11
151 13
61 9
34 8
52 8
87 9
98 8
114 3
118 7
37 8
125 12
77 3
138 8
29 4
84 14
21 7
150 12
35 12
77 11
91 11
85 12
24 15
9 2
165 3
168 11
95 6
129 0
97 11
133 8
167 10
153 7
20 12
77 15
104 4
106 4
88 5
49 7
137 9
90 3
115 9
26 12
71 9
125 11
66 2
55 0
142 4
1 4
28 10
74 12
56 6
132 2
165 8
55 13
109 7
141 8
159 10
43 0
126 7
52 1
163 15
121 7
135 0
51 3
84 1
101 1
140 15
105 7
171 1
60 15
174 0
162 8
169 0
80 2
39 4
87 15
169 10
43 11
132 2
136 7
99 10
31 14
79 1
159 3
170 13
39 14
166 14
33 14
75 2
170 3
3 4
57 12
98 8
117 2
77 14
138 14
32 4
90 46

86 199
103
33 131
53 44
52 102
75 82
40 75
66 39
75 11
51 167
18 11
45 29
84 0
5 144
63 7
75 156
48 198
50 90
65 22
62 106
38 54
83 8
84 107
77 126
66 127
55 26
56 196
13 66
71 123
81 27
48 42
59 32
84 42
27 60
3 26
79 183
2 120
71 107
32 28
76 26
18 166
12 57
23 128
67 6
8 62
3 125
52 189
46 18
64 78
9 185
54 48
29 92
19 88
24 52
9 105
50 64
3 24
77 108
30 58
57 80
37 37
80 117
27 163
34 161
70 155
38 137
1 19
49 156
30 1
21 32
44 19
31 119
45 57
30 73
63 138
28 183
69 122
14 96
64 6
19 96
12 44
33 156
28 66
35 157
51 1
0 39
63 50
65 60
6 4
26 51
72 144
14 128
42 146
21 59
79 27
82 162
11 166
81 152
58 157
61 17
51 64
32 189
62 160
83 89
6 13
876 146

89 35
122
26 28
66 9
48 5
86 32
83 29
68 34
80 21
20 20
26 4
75 32
40 10
22 17
50 0
39 3
37 0
79 19
38 20
50 7
8 28
18 0
27 19
35 31
52 24
37 9
22 18
29 27
49 3
85 11
57 26
8 31
81 2
35 22
63 10
47 8
51 7
5 28
10 12
38 4
16 18
76 25
86 24
66 8
12 6
39 22
31 15
78 1
9 12
21 27
34 18
80 10
14 34
8 30
88 31
42 3
63 7
16 25
19 27
20 5
48 17
25 24
47 9
4 19
2 34
77 34
67 5
60 27
42 8
54 3
4 3
83 34
6 21
71 2
35 21
28 28
7 6
18 34
22 29
1 17
17 1
79 19
69 7
6 6
69 0
78 1
30 18
49 4
23 21
48 18
77 15
64 6
61 5
76 31
81 0
59 28
12 29
16 31
27 23
33 27
86 13
19 12
15 27
70 23
83 33
65 20
85 18
79 29
25 9
16 15
84 29
24 2
41 30
9 16
31 10
44 20
21 21
2 6
54 19
5 25
47 2
72 2
51 32
30 23
1235 73

137 69
116
98 68
86 59
62 31
85 43
6 33
83 15
31 16
12 11
51 56
43 29
128 31
96 41
95 61
65 11
99 1
74 8
112 45
133 33
55 6
32 61
117 46
38 39
86 15
38 19
135 52
127 6
53 57
93 17
51 64
31 30
19 18
128 19
73 15
40 3
31 15
44 1
6 28
127 8
125 4
11 8
114 13
95 10
13 46
54 19
35 13
108 10
94 1
98 10
71 0
0 64
1 21
73 15
70 56
87 17
58 7
79 28
67 6
57 47
109 27
63 38
67 60
38 1
31 57
18 67
34 52
8 24
53 19
10 24
95 48
71 57
50 59
132 46
130 22
132 49
19 49
7 54
71 14
13 22
86 66
107 14
51 20
96 36
33 15
22 46
50 16
69 45
38 51
38 31
49 15
10 63
125 8
113 61
22 46
24 23
76 6
10 20
131 47
49 36
102 0
27 26
123 66
129 57
136 4
10 22
4 68
120 40
122 20
119 57
120 15
49 18
63 26
15 25
92 14
106 33
38 42
36 61
760 77

153 28
66
144 16
97 12
95 21
10 7
68 4
93 13
9 9
2 19
107 25
86 8
24 5
102 18
114 10
89 11
151 2
56 24
100 17
108 11
80 21
50 4
0 24
135 16
92 23
30 25
133 17
16 22
87 18
81 23
85 26
104 15
52 6
34 2
149 13
92 14
10 0
76 14
124 24
6 12
122 18
141 8
89 21
110 14
58 12
60 15
101 7
73 21
80 24
100 12
149 15
104 0
30 15
92 16
62 20
71 14
33 9
81 13
124 22
116 8
96 4
135 5
34 10
120 6
67 25
70 1
126 20
45 27
325 71

187 100
185
160 3
120 84
164 23
23 14
92 46
0 51
91 1
184 93
90 94
110 27
168 18
122 24
47 98
13 60
172 71
120 4
63 25
73 73
124 91
165 97
183 49
179 82
22 94
105 15
35 66
183 1
168 52
117 75
25 69
21 71
149 45
111 6
164 79
25 26
104 41
63 74
131 14
176 30
16 71
88 34
119 27
15 74
49 55
5 12
93 4
177 94
184 66
145 78
56 37
74 32
34 74
37 87
54 3
148 48
73 84
72 84
80 15
4 94
9 71
84 65
44 29
49 12
74 68
76 4
149 28
14 18
78 85
147 70
30 18
100 39
184 28
28 10
86 85
49 99
35 44
51 68
99 74
175 37
116 64
168 91
57 6
5 88
162 52
83 93
36 41
157 68
76 52
52 33
36 93
107 3
16 65
26 31
49 94
116 58
0 45
25 33
169 97
8 67
136 69
154 26
149 18
146 66
20 16
91 71
183 36
60 46
47 34
49 67
46 65
5 46
106 64
73 49
53 32
115 78
123 24
174 70
85 88
18 94
120 92
120 93
142 60
79 59
18 89
70 68
49 59
146 98
173 21
95 46
40 11
144 78
151 94
130 97
4 0
76 6
90 51
40 75
150 59
0 26
91 92
75 66
54 44
103 69
151 35
75 41
149 54
145 30
168 23
186 43
24 12
32 81
114 21
164 45
93 76
160 84
83 20
113 85
77 65
36 4
140 63
170 35
131 37
66 46
64 3
170 0
79 49
143 80
106 84
184 86
23 70
159 92
42 84
173 41
66 96
176 93
109 61
75 34
71 57
55 47
85 5
103 68
47 76
72 97
160 90
35 16
61 96
1144 56

190 150
69
110 126
61 138
99 65
140 149
71 77
63 113
164 80
86 15
52 55
84 38
6 129
139 19
143 92
5 88
49 1
29 131
18 130
41 93
35 56
37 83
156 32
31 58
112 93
164 96
188 121
51 45
16 143
47 127
135 30
120 136
185 60
57 33
36 18
136 75
131 149
128 95
77 98
93 145
22 16
136 94
140 126
149 73
39 138
21 45
8 47
6 50
74 50
126 134
188 74
170 136
149 58
172 44
80 62
53 101
146 87
39 95
148 74
132 80
184 60
38 43
107 141
142 136
39 147
52 123
146 108
132 119
132 75
6 131
100 126
170 73

162 78
81
18 52
121 21
11 8
151 46
148 53
38 71
113 11
113 58
151 57
56 12
130 44
0 0
27 7
138 7
76 17
51 44
83 47
44 47
12 55
16 24
116 66
1 52
61 0
146 53
22 29
46 12
143 46
97 33
29 63
73 50
15 52
147 11
9 8
6 23
124 46
56 2
124 29
92 62
12 44
144 11
68 6
99 45
153 33
73 22
82 48
161 27
111 18
4 60
157 45
71 29
5 24
117 67
92 64
21 24
124 13
110 53
60 20
12 45
140 19
30 72
161 48
84 66
128 69
115 47
98 72
40 58
0 64
65 8
127 2
37 39
71 38
33 10
1 41
136 66
150 21
51 67
113 65
121 47
32 8
148 25
160 71
1548 73

148 2
36
7 1
51 0
5 1
64 1
143 1
107 0
40 1
103 1
105 1
143 1
126 1
39 0
9 1
137 1
146 0
6 0
25 0
60 0
98 0
65 0
108 0
22 0
54 1
53 1
34 0
13 0
88 1
37 0
147 1
92 1
27 1
44 1
23 1
64 0
113 0
5 0
1086 133

174 142
16
122 119
123 45
106 101
150 71
132 123
71 96
18 65
21 110
152 115
90 112
73 121
25 74
53 132
151 102
142 138
46 140
362 95

83 35
53
13 11
51 9
16 14
33 18
29 34
79 25
13 10
54 10
29 6
76 2
14 5
3 6
77 15
7 28
11 18
77 5
22 13
24 7
36 16
52 17
20 21
26 28
1 15
0 0
80 2
70 16
10 10
38 30
66 22
74 30
43 34
45 3
64 14
17 30
79 23
58 6
60 28
17 27
55 9
18 12
44 2
1 26
2 7
48 10
34 12
75 13
55 32
47 23
2 8
26 5
14 32
82 20
75 33
484 106
